mutator, lineID, method index, bug method, f2p1, f2p2, f2p3, f2p4, p2f, linenumber
org.mudebug.prapr.mutators.MethodNameMutator_7,1,1046,0,0,0,0,0,33,329
org.mudebug.prapr.mutators.ReturningDereferenceGuardMutator_2,36,7490,0,0,0,0,0,0,252
org.mudebug.prapr.mutators.RelationalOperatorReplacement_2,38,3626,0,0,0,0,0,21,1516
org.mudebug.prapr.mutators.MethodNameMutator_1,61,347,0,0,0,0,0,1763,544
org.mudebug.prapr.mutators.DereferenceGuardMutator_4,1826,1106,0,0,0,0,0,5,1185
org.mudebug.prapr.mutators.NonVoidMethodCallGuardMutator_0,1833,6744,0,0,0,0,0,4,1889
org.pitest.mutationtest.engine.gregor.mutators.RemoveConditionalMutator_EQUAL_IF,1839,5356,0,0,0,1,1,39,515
org.mudebug.prapr.mutators.FieldNameMutator_1,1880,1046,0,0,1,1,1,4574,309
org.mudebug.prapr.mutators.DereferenceGuardMutator_0,6456,3412,0,0,0,0,0,0,52
org.mudebug.prapr.mutators.MethodNameMutator_1,11524,334,0,0,0,0,0,26,382
org.mudebug.prapr.mutators.ArgumentListMutator_0,11552,7058,0,0,1,1,1,5538,453
org.pitest.mutationtest.engine.gregor.mutators.InlineConstantMutator,17092,7058,0,0,1,1,1,5538,470
org.mudebug.prapr.mutators.MethCallResultGuard_2,22632,7247,0,0,0,0,0,0,602
org.pitest.mutationtest.engine.gregor.mutators.VoidMethodCallMutator,22634,1246,0,0,0,1,1,3,821
org.pitest.mutationtest.engine.gregor.mutators.NegateConditionalsMutator,22639,6728,0,0,0,1,1,2810,1407
org.mudebug.prapr.mutators.ArgumentListMutator_5,25451,6684,0,0,0,0,0,0,697
org.mudebug.prapr.mutators.FieldNameMutator_1,25453,6673,0,0,1,1,1,5203,556
org.pitest.mutationtest.engine.gregor.mutators.RemoveConditionalMutator_EQUAL_IF,30658,370,0,0,0,0,0,1772,815
org.mudebug.prapr.mutators.MethodNameMutator_8,32432,333,0,0,0,0,0,4,364
org.pitest.mutationtest.engine.gregor.mutators.experimental.NakedReceiverMutator,32438,7556,0,0,0,0,0,2249,70
org.mudebug.prapr.mutators.LocalToFieldAccessMutator_1,34689,6728,0,0,0,1,1,2809,1409
org.mudebug.prapr.mutators.FieldNameMutator_2,37500,1777,0,0,0,0,0,74,730
org.mudebug.prapr.mutators.MethodNameMutator_4,37576,5356,0,0,1,1,1,2860,84
org.pitest.mutationtest.engine.gregor.mutators.NonVoidMethodCallMutator,40438,3675,0,0,0,0,0,0,2362
org.pitest.mutationtest.engine.gregor.mutators.RemoveConditionalMutator_EQUAL_ELSE,40440,5351,0,0,0,0,0,0,48
org.mudebug.prapr.mutators.FieldAccessToMethodCallMutator_2,40442,1777,0,0,0,0,0,0,640
org.mudebug.prapr.mutators.MethCallResultGuard_2,40444,1234,0,0,0,1,1,10,272
org.mudebug.prapr.mutators.FieldAccessToMethodCallMutator_3,40456,6651,0,0,1,1,1,4611,381
org.pitest.mutationtest.engine.gregor.mutators.RemoveConditionalMutator_EQUAL_ELSE,45069,7302,0,0,0,0,0,25,127
org.mudebug.prapr.mutators.LocalNameMutator_0,45096,547,0,0,1,1,1,254,168
org.mudebug.prapr.mutators.DereferenceGuardMutator_1,45352,7202,0,0,0,0,0,0,125
org.mudebug.prapr.mutators.ArgumentListMutator_5,45354,5355,0,0,1,1,1,2868,72
org.mudebug.prapr.mutators.MethCallResultGuard_0,48224,1044,0,0,0,0,0,0,284
org.mudebug.prapr.mutators.MethCallResultGuard_2,48226,7058,0,0,0,0,0,0,447
org.mudebug.prapr.mutators.ArgumentListMutator_3,48228,6706,0,0,0,1,1,2,1024
org.pitest.mutationtest.engine.gregor.mutators.NegateConditionalsMutator,48232,7233,0,0,1,1,1,5227,291
org.mudebug.prapr.mutators.NonVoidMethodCallGuardMutator_0,53461,6710,0,0,0,0,0,0,1066
org.pitest.mutationtest.engine.gregor.mutators.experimental.MemberVariableMutator,53463,3489,0,0,0,0,0,0,252
org.mudebug.prapr.mutators.MethodNameMutator_3,53465,7205,0,0,0,0,0,9,140
org.mudebug.prapr.mutators.MethodNameMutator_5,53476,1231,0,0,1,1,1,68,72
org.mudebug.prapr.mutators.FieldAccessToMethodCallMutator_0,53546,1777,0,0,0,0,0,41,759
org.mudebug.prapr.mutators.ArgumentListMutator_0,53589,561,0,0,0,1,1,57,1206
org.mudebug.prapr.mutators.LocalToFieldAccessMutator_2,53648,6683,0,0,0,0,0,44,686
org.mudebug.prapr.mutators.ReturningDereferenceGuardMutator_0,53696,1053,0,0,0,0,0,0,442
org.mudebug.prapr.mutators.ReturningDereferenceGuardMutator_0,53698,6686,0,0,0,0,0,0,743
org.pitest.mutationtest.engine.gregor.mutators.NegateConditionalsMutator,53700,6976,0,0,0,0,0,1,88
org.mudebug.prapr.mutators.MethodNameMutator_0,53703,7058,0,0,0,0,0,0,377
org.mudebug.prapr.mutators.DereferenceGuardMutator_0,53705,328,0,0,0,0,0,0,280
org.pitest.mutationtest.engine.gregor.mutators.VoidMethodCallMutator,53707,5213,0,0,0,0,0,5,90
org.mudebug.prapr.mutators.VoidMethodCallGuardMutator,53714,347,0,0,0,0,0,0,544
org.pitest.mutationtest.engine.gregor.mutators.VoidMethodCallMutator,53716,1561,0,0,0,1,1,109,200
org.mudebug.prapr.mutators.FieldNameMutator_0,53827,7505,0,0,1,1,1,5538,467
org.mudebug.prapr.mutators.LocalToFieldAccessMutator_3,59370,6713,0,0,0,0,0,1,1147
org.mudebug.prapr.mutators.DereferenceGuardMutator_3,59373,7304,0,0,0,0,0,0,186
org.pitest.mutationtest.engine.gregor.mutators.IncrementsMutator,59375,5375,0,0,0,0,0,36,1037
org.pitest.mutationtest.engine.gregor.mutators.RemoveConditionalMutator_EQUAL_ELSE,59413,6728,0,0,0,1,1,2809,1407
org.pitest.mutationtest.engine.gregor.mutators.NonVoidMethodCallMutator,62224,3416,0,0,1,1,1,5202,77
org.mudebug.prapr.mutators.ArgumentListMutator_3,67428,7263,0,0,1,1,1,5538,851
org.mudebug.prapr.mutators.FieldAccessToMethodCallMutator_4,72968,6650,0,0,1,1,1,6028,370
org.mudebug.prapr.mutators.FieldNameMutator_0,78998,546,0,0,0,0,0,2,148
org.mudebug.prapr.mutators.LocalToFieldAccessMutator_2,79002,6690,0,0,0,1,1,2579,792
org.mudebug.prapr.mutators.ArgumentListMutator_3,81583,6706,0,0,0,1,1,9,932
org.mudebug.prapr.mutators.ArgumentListMutator_0,81594,3497,0,0,0,0,0,0,421
org.mudebug.prapr.mutators.FieldToLocalAccessMutator_2,81596,6652,0,0,1,1,1,4645,401
org.mudebug.prapr.mutators.RelationalOperatorReplacement_3,86243,7108,0,0,0,0,0,49,1155
org.mudebug.prapr.mutators.VoidMethodCallGuardMutator,86294,1560,0,0,0,0,0,0,182
org.mudebug.prapr.mutators.LocalToFieldAccessMutator_0,86296,7365,0,0,0,0,0,11,232
org.mudebug.prapr.mutators.MethCallResultGuard_2,86309,7045,0,0,0,0,0,0,96
org.mudebug.prapr.mutators.FieldNameMutator_1,86311,3711,0,0,0,0,0,0,72
org.mudebug.prapr.mutators.FieldAccessToMethodCallMutator_3,86313,1777,0,0,0,0,0,0,642
org.pitest.mutationtest.engine.gregor.mutators.experimental.MemberVariableMutator,86318,6678,0,0,1,1,1,4629,610
org.mudebug.prapr.mutators.DereferenceGuardMutator_0,90949,355,0,0,0,0,0,0,627
org.mudebug.prapr.mutators.LocalNameMutator_0,90951,6726,0,0,0,1,1,1483,1383
org.pitest.mutationtest.engine.gregor.mutators.ReturnValsMutator,92436,5218,0,0,0,1,1,223,176
org.mudebug.prapr.mutators.VoidMethodCallGuardMutator,92661,2460,0,0,0,0,0,0,70
org.pitest.mutationtest.engine.gregor.mutators.experimental.RemoveSwitchMutator_33,92663,3584,0,0,1,1,1,1507,901
org.pitest.mutationtest.engine.gregor.mutators.RemoveConditionalMutator_EQUAL_ELSE,94172,7241,0,0,0,0,0,22,431
org.mudebug.prapr.mutators.MethCallResultGuard_1,94196,5195,0,0,0,0,0,0,102
org.pitest.mutationtest.engine.gregor.mutators.NullReturnValsMutator,94198,1248,0,0,0,0,0,0,913
org.pitest.mutationtest.engine.gregor.mutators.NegateConditionalsMutator,94200,4410,0,0,0,1,1,3297,445
org.mudebug.prapr.mutators.MethodNameMutator_1,97499,547,0,0,0,0,0,0,167
org.mudebug.prapr.mutators.LocalToFieldAccessMutator_0,97501,1127,0,0,0,0,0,8,1582
org.mudebug.prapr.mutators.FieldToLocalAccessMutator_0,97511,6721,0,0,0,1,1,586,1331
org.mudebug.prapr.mutators.DereferenceGuardMutator_0,98099,6728,0,0,0,0,0,0,1418
org.mudebug.prapr.mutators.DereferenceGuardMutator_3,98101,3416,0,0,0,0,0,0,77
org.mudebug.prapr.mutators.FieldNameMutator_4,98103,1777,0,0,0,0,0,15,727
org.mudebug.prapr.mutators.FieldNameMutator_0,98120,7209,0,0,0,0,0,9,51
org.mudebug.prapr.mutators.FieldNameMutator_2,98131,6684,0,0,1,1,1,417,703
org.mudebug.prapr.mutators.MethodNameMutator_0,98550,5356,0,0,0,0,0,0,523
org.mudebug.prapr.mutators.MethodNameMutator_0,98552,5376,0,0,0,0,0,0,1046
org.mudebug.prapr.mutators.MethCallResultGuard_2,98554,3416,0,0,0,0,0,5,77
org.mudebug.prapr.mutators.FieldAccessToMethodCallMutator_2,98561,1777,0,0,0,0,0,0,694
org.mudebug.prapr.mutators.NonVoidMethodCallGuardMutator_0,98563,1049,0,0,0,0,0,0,368
org.mudebug.prapr.mutators.ArgumentListMutator_5,98565,1040,0,0,0,0,0,0,209
org.mudebug.prapr.mutators.MethodNameMutator_3,98567,3675,0,0,0,0,0,0,2358
org.mudebug.prapr.mutators.LocalNameMutator_0,98569,1046,0,0,0,0,0,97,314
org.mudebug.prapr.mutators.MethodNameMutator_1,98668,7058,0,0,1,1,1,5538,347
org.pitest.mutationtest.engine.gregor.mutators.VoidMethodCallMutator,104208,5356,0,0,0,1,1,111,93
org.mudebug.prapr.mutators.MethCallResultGuard_0,104321,6860,0,0,0,0,0,0,110
org.mudebug.prapr.mutators.FieldNameMutator_1,104323,1777,0,0,0,0,0,0,633
org.mudebug.prapr.mutators.RelationalOperatorReplacement_1,104325,7090,0,0,0,0,0,0,931
org.pitest.mutationtest.engine.gregor.mutators.NonVoidMethodCallMutator,104327,1106,0,0,0,0,0,0,1099
org.mudebug.prapr.mutators.FieldAccessToMethodCallMutator_2,104329,6652,0,0,0,0,0,5,395
org.mudebug.prapr.mutators.ArgumentListMutator_5,104336,3240,0,0,0,0,0,1290,38
org.mudebug.prapr.mutators.VoidMethodCallGuardMutator,105628,7057,0,0,0,0,0,0,231
org.mudebug.prapr.mutators.FieldNameMutator_4,105630,1777,0,0,0,0,0,0,750
org.mudebug.prapr.mutators.ArgumentListMutator_1,105632,7247,0,0,0,0,0,0,597
org.mudebug.prapr.mutators.ArgumentListMutator_5,105634,5356,0,0,1,1,1,1504,498
org.mudebug.prapr.mutators.MethodNameMutator_1,107140,3675,0,0,0,0,0,16,2362
org.mudebug.prapr.mutators.MethCallResultGuard_1,107158,247,0,0,0,0,0,0,239
org.mudebug.prapr.mutators.LocalNameMutator_0,107160,7058,0,0,0,0,0,14,353
org.mudebug.prapr.mutators.FieldAccessToMethodCallMutator_4,107176,6737,0,0,0,0,0,0,1783
org.mudebug.prapr.mutators.MethCallResultGuard_1,107178,7383,0,0,0,0,0,0,460
org.mudebug.prapr.mutators.MethodNameMutator_2,107180,6728,0,0,0,1,1,2807,1407
org.mudebug.prapr.mutators.FieldAccessToMethodCallMutator_2,109989,1777,0,0,0,0,0,0,727
org.mudebug.prapr.mutators.LocalToFieldAccessMutator_3,109991,6705,0,0,1,1,1,50,917
org.mudebug.prapr.mutators.ReturningDereferenceGuardMutator_4,110043,1311,0,0,0,0,0,0,63
org.mudebug.prapr.mutators.DereferenceGuardMutator_3,110045,6176,0,0,0,0,0,0,566
org.mudebug.prapr.mutators.RelationalOperatorReplacement_3,110047,5356,0,0,0,0,0,888,215
org.mudebug.prapr.mutators.ReturningDereferenceGuardMutator_4,110937,4260,0,0,0,0,0,0,453
org.mudebug.prapr.mutators.ReturningDereferenceGuardMutator_2,110939,1131,0,0,0,0,0,5,1619
org.mudebug.prapr.mutators.LocalNameMutator_0,110946,242,0,0,0,0,0,0,156
org.mudebug.prapr.mutators.FieldNameMutator_4,110948,7059,0,0,0,0,0,2,552
org.mudebug.prapr.mutators.DereferenceGuardMutator_0,110952,4402,0,0,0,0,0,0,368
org.mudebug.prapr.mutators.MethodNameMutator_1,110954,1144,0,0,0,0,0,4,1740
org.mudebug.prapr.mutators.LocalNameMutator_0,110960,4411,0,0,1,1,1,4269,502
org.mudebug.prapr.mutators.LocalToFieldAccessMutator_2,115231,1042,0,0,1,1,1,5291,243
org.mudebug.prapr.mutators.RelationalOperatorReplacement_2,120524,1234,0,0,0,0,0,0,283
org.mudebug.prapr.mutators.ReturningDereferenceGuardMutator_4,120530,4257,0,0,0,0,0,0,408
org.mudebug.prapr.mutators.MethodNameMutator_0,120532,1234,0,0,1,1,1,16,260
org.mudebug.prapr.mutators.ReturningDereferenceGuardMutator_2,120550,6744,0,0,0,0,0,0,1894
org.pitest.mutationtest.engine.gregor.mutators.NegateConditionalsMutator,120552,7109,0,0,0,0,0,12,1173
org.mudebug.prapr.mutators.FieldNameMutator_0,120566,1038,0,0,0,0,0,39,125
org.mudebug.prapr.mutators.LocalToFieldAccessMutator_2,120607,6684,0,0,0,0,0,108,711
org.pitest.mutationtest.engine.gregor.mutators.RemoveConditionalMutator_EQUAL_IF,120717,4666,0,0,0,0,0,5,60
org.mudebug.prapr.mutators.LocalToFieldAccessMutator_2,120728,6711,0,0,0,1,1,2701,1133
org.mudebug.prapr.mutators.FieldAccessToMethodCallMutator_0,123431,6744,0,0,1,1,1,879,1894
org.mudebug.prapr.mutators.ReturningDereferenceGuardMutator_1,124312,7684,0,0,0,0,0,0,83
org.pitest.mutationtest.engine.gregor.mutators.experimental.RemoveSwitchMutator_36,124314,555,0,0,0,0,0,0,872
org.pitest.mutationtest.engine.gregor.mutators.NonVoidMethodCallMutator,124316,7209,0,0,1,1,1,5538,73
org.mudebug.prapr.mutators.DereferenceGuardMutator_0,129856,3243,0,0,0,0,0,0,73
org.mudebug.prapr.mutators.FieldAccessToMethodCallMutator_1,129858,4626,0,0,0,0,0,5,70
org.pitest.mutationtest.engine.gregor.mutators.RemoveConditionalMutator_EQUAL_ELSE,129865,5356,0,0,0,0,0,8,215
org.mudebug.prapr.mutators.FieldNameMutator_5,129875,1777,0,0,0,0,0,0,635
org.pitest.mutationtest.engine.gregor.mutators.InlineConstantMutator,129877,6388,0,0,0,1,1,1310,265
org.mudebug.prapr.mutators.FieldAccessToMethodCallMutator_0,131189,6651,0,0,0,0,0,23,382
org.mudebug.prapr.mutators.MethodNameMutator_1,131214,370,0,0,0,0,0,0,817
org.mudebug.prapr.mutators.MethodNameMutator_8,131216,1234,0,0,0,1,1,17,271
org.pitest.mutationtest.engine.gregor.mutators.InlineConstantMutator,131235,1563,0,0,0,0,0,0,245
org.pitest.mutationtest.engine.gregor.mutators.experimental.MemberVariableMutator,131237,1777,0,0,0,0,0,5,638
org.mudebug.prapr.mutators.MethodNameMutator_0,131244,1313,0,0,0,0,0,5,86
org.mudebug.prapr.mutators.MethodNameMutator_3,131251,3569,0,0,0,0,0,0,494
org.pitest.mutationtest.engine.gregor.mutators.experimental.RemoveSwitchMutator_40,131253,6415,0,0,0,0,0,36,273
org.mudebug.prapr.mutators.MethodNameMutator_7,131291,5356,0,0,0,0,0,5,344
org.mudebug.prapr.mutators.FieldNameMutator_3,131298,1119,0,0,0,0,0,42,1439
org.mudebug.prapr.mutators.DereferenceGuardMutator_4,131342,4260,0,0,0,0,0,0,453
org.mudebug.prapr.mutators.MethCallResultGuard_1,131344,6706,0,0,0,0,0,0,932
org.mudebug.prapr.mutators.MethodNameMutator_0,131346,4413,0,0,0,0,0,5,524
org.mudebug.prapr.mutators.MethodNameMutator_2,131353,6707,0,0,1,1,1,44,1043
org.mudebug.prapr.mutators.FieldToLocalAccessMutator_0,131399,6678,0,0,1,1,1,5185,610
org.mudebug.prapr.mutators.MethodNameMutator_0,136586,7058,0,0,0,0,0,1,488
org.mudebug.prapr.mutators.MethCallResultGuard_0,136589,1119,0,0,0,0,0,0,1434
org.mudebug.prapr.mutators.LocalToFieldAccessMutator_2,136591,6728,0,0,1,1,1,2802,1419
org.mudebug.prapr.mutators.MethodNameMutator_1,139395,4679,0,0,0,0,0,26,115
org.mudebug.prapr.mutators.LocalNameMutator_0,139423,7058,0,0,0,0,0,19,420
org.mudebug.prapr.mutators.MethodNameMutator_1,139444,1234,0,0,1,1,1,16,260
org.pitest.mutationtest.engine.gregor.mutators.InlineConstantMutator,139462,1245,0,0,0,0,0,0,802
org.mudebug.prapr.mutators.MethCallResultGuard_2,139464,561,0,0,0,0,0,0,1206
org.pitest.mutationtest.engine.gregor.mutators.NonVoidMethodCallMutator,139466,1248,0,0,0,0,0,0,867
org.mudebug.prapr.mutators.MethCallResultGuard_1,139468,7064,0,0,0,0,0,7,615
org.mudebug.prapr.mutators.NonVoidMethodCallGuardMutator_0,139477,1231,0,0,0,0,0,0,72
org.mudebug.prapr.mutators.ReturningDereferenceGuardMutator_1,139479,1106,0,0,0,0,0,0,1185
org.mudebug.prapr.mutators.ArgumentListMutator_0,139481,5356,0,0,0,0,0,0,215
org.mudebug.prapr.mutators.ReturningDereferenceGuardMutator_4,139483,1106,0,0,0,0,0,0,1199
org.mudebug.prapr.mutators.RelationalOperatorReplacement_0,139485,3388,0,0,0,0,0,2,84
org.pitest.mutationtest.engine.gregor.mutators.RemoveConditionalMutator_EQUAL_IF,139489,7303,0,0,0,0,0,1942,160
org.mudebug.prapr.mutators.RelationalOperatorReplacement_0,141433,4667,0,0,0,1,1,2575,70
org.mudebug.prapr.mutators.FieldNameMutator_0,144010,3240,0,0,0,0,0,0,40
org.mudebug.prapr.mutators.MethCallResultGuard_0,144012,7764,0,0,0,0,0,5,465
org.mudebug.prapr.mutators.FieldAccessToMethodCallMutator_0,144021,1038,0,0,0,0,0,0,110
org.pitest.mutationtest.engine.gregor.mutators.RemoveConditionalMutator_EQUAL_ELSE,144023,6728,0,0,0,1,1,1476,1419
org.pitest.mutationtest.engine.gregor.mutators.RemoveConditionalMutator_EQUAL_ELSE,145501,5356,0,0,0,0,0,1,490
org.pitest.mutationtest.engine.gregor.mutators.RemoveConditionalMutator_EQUAL_ELSE,145504,7263,0,0,1,1,1,5538,850
org.mudebug.prapr.mutators.MethodNameMutator_4,151044,6987,0,0,0,0,0,44,154
org.pitest.mutationtest.engine.gregor.mutators.RemoveConditionalMutator_EQUAL_IF,151090,6690,0,0,0,1,1,2579,793
org.mudebug.prapr.mutators.FieldToLocalAccessMutator_0,153671,4413,0,0,0,0,0,0,523
org.pitest.mutationtest.engine.gregor.mutators.RemoveConditionalMutator_EQUAL_IF,153673,5356,0,0,0,0,0,0,428
org.mudebug.prapr.mutators.ArgumentListMutator_3,153675,6708,0,0,1,1,1,44,1048
org.mudebug.prapr.mutators.ReturningDereferenceGuardMutator_0,153721,1101,0,0,0,0,0,0,1019
org.mudebug.prapr.mutators.FieldNameMutator_2,153723,7058,0,0,1,1,1,5538,244
org.mudebug.prapr.mutators.LocalNameMutator_1,159263,1234,0,0,0,0,0,4,268
org.pitest.mutationtest.engine.gregor.mutators.experimental.RemoveSwitchMutator_61,159269,6415,0,0,0,0,0,0,273
org.mudebug.prapr.mutators.RelationalOperatorReplacement_1,159271,931,0,0,0,1,1,10,633
org.pitest.mutationtest.engine.gregor.mutators.NegateConditionalsMutator,159283,1106,0,0,0,1,1,2978,1137
org.mudebug.prapr.mutators.NonVoidMethodCallGuardMutator_0,162263,1833,0,0,0,0,0,0,72
org.mudebug.prapr.mutators.FieldNameMutator_4,162265,1777,0,0,0,0,0,24,690
org.mudebug.prapr.mutators.MethCallResultGuard_1,162291,7098,0,0,0,0,0,0,1022
org.mudebug.prapr.mutators.MethodNameMutator_1,162293,1234,0,0,1,1,1,5,302
org.mudebug.prapr.mutators.LocalNameMutator_2,162300,6743,0,0,1,1,1,2325,1869
org.mudebug.prapr.mutators.FieldAccessToMethodCallMutator_3,164627,6683,0,0,0,0,0,507,683
org.mudebug.prapr.mutators.FieldAccessToMethodCallMutator_3,165136,6743,0,0,1,1,1,2912,1876
org.mudebug.prapr.mutators.NonVoidMethodCallGuardMutator_0,168050,5362,0,0,0,0,0,0,816
org.mudebug.prapr.mutators.FieldNameMutator_5,168052,1777,0,0,0,0,0,0,680
org.mudebug.prapr.mutators.RelationalOperatorReplacement_2,168054,3592,0,0,0,1,1,598,1084
org.mudebug.prapr.mutators.ReturningDereferenceGuardMutator_2,168654,6706,0,0,0,0,0,0,1020
org.mudebug.prapr.mutators.FieldToLocalAccessMutator_0,168656,6737,0,0,0,0,0,0,1782
org.mudebug.prapr.mutators.FieldNameMutator_0,168658,553,0,0,0,0,0,113,262
org.mudebug.prapr.mutators.MethodNameMutator_9,168773,1046,0,0,1,1,1,4574,329
org.mudebug.prapr.mutators.LocalNameMutator_0,173349,5356,0,0,0,0,0,1,106
org.mudebug.prapr.mutators.RelationalOperatorReplacement_0,173352,4410,0,0,0,1,1,3297,445
org.mudebug.prapr.mutators.LocalToFieldAccessMutator_0,176651,6689,0,0,0,1,1,0,781
org.pitest.mutationtest.engine.gregor.mutators.VoidMethodCallMutator,176653,3611,0,0,0,0,0,0,1331
org.mudebug.prapr.mutators.FieldNameMutator_1,176655,6168,0,0,0,0,0,0,479
org.pitest.mutationtest.engine.gregor.mutators.RemoveConditionalMutator_EQUAL_IF,176657,5358,0,0,0,0,0,2,724
org.mudebug.prapr.mutators.RelationalOperatorReplacement_1,176661,1234,0,0,0,0,0,0,275
org.mudebug.prapr.mutators.ArgumentListMutator_5,176663,557,0,0,0,0,0,7,1190
org.mudebug.prapr.mutators.LocalNameMutator_0,176672,5356,0,0,1,1,1,1504,496
org.mudebug.prapr.mutators.VoidMethodCallGuardMutator,178178,7057,0,0,0,0,0,5,230
org.pitest.mutationtest.engine.gregor.mutators.NonVoidMethodCallMutator,178185,6725,0,0,0,1,1,0,1369
org.mudebug.prapr.mutators.FieldNameMutator_0,178187,4626,0,0,0,0,0,5,62
org.mudebug.prapr.mutators.FieldAccessToMethodCallMutator_4,178194,1777,0,0,0,0,0,0,748
org.mudebug.prapr.mutators.ReturningDereferenceGuardMutator_3,178196,1094,0,0,0,0,0,0,933
org.mudebug.prapr.mutators.MethodNameMutator_3,178198,517,0,0,0,0,0,1393,96
org.mudebug.prapr.mutators.MethCallResultGuard_2,179593,551,0,0,0,0,0,23,215
org.pitest.mutationtest.engine.gregor.mutators.ReturnValsMutator,179618,1565,0,0,0,1,1,12,276
org.mudebug.prapr.mutators.DereferenceGuardMutator_0,179632,1042,0,0,0,0,0,0,230
org.pitest.mutationtest.engine.gregor.mutators.InlineConstantMutator,179634,3611,0,0,1,1,1,4302,1331
org.mudebug.prapr.mutators.MethodNameMutator_1,183938,517,0,0,1,1,1,161,116
org.mudebug.prapr.mutators.ReturningDereferenceGuardMutator_0,184104,5219,0,0,0,0,0,0,181
org.mudebug.prapr.mutators.DereferenceGuardMutator_3,184106,5353,0,0,0,0,0,0,64
org.mudebug.prapr.mutators.ReturningDereferenceGuardMutator_0,184108,6706,0,0,0,0,0,0,959
org.mudebug.prapr.mutators.FieldToLocalAccessMutator_2,184113,6652,0,0,1,1,1,5084,393
org.mudebug.prapr.mutators.MethodNameMutator_5,189199,1248,0,0,1,1,1,62,870
org.mudebug.prapr.mutators.MethCallResultGuard_1,189263,7058,0,0,0,0,0,0,398
org.pitest.mutationtest.engine.gregor.mutators.InlineConstantMutator,189265,7058,0,0,1,1,1,5538,269
org.mudebug.prapr.mutators.LocalNameMutator_1,194805,7058,0,0,0,0,0,2251,322
org.pitest.mutationtest.engine.gregor.mutators.EmptyObjectReturnValsMutator,197058,5374,0,0,0,1,1,209,1007
org.mudebug.prapr.mutators.MethCallResultGuard_0,197269,1053,0,0,0,0,0,2142,434
org.mudebug.prapr.mutators.RelationalOperatorReplacement_0,199413,7497,0,0,0,0,0,4,377
org.mudebug.prapr.mutators.LocalToFieldAccessMutator_1,199419,6743,0,0,0,0,0,1740,1868
org.pitest.mutationtest.engine.gregor.mutators.experimental.RemoveSwitchMutator_66,201161,6415,0,0,0,0,0,0,273
org.mudebug.prapr.mutators.LocalToFieldAccessMutator_4,201163,6715,0,0,0,0,0,5,1173
org.mudebug.prapr.mutators.MethodNameMutator_2,201170,5356,0,0,0,0,0,25,499
org.mudebug.prapr.mutators.LocalNameMutator_0,201197,7108,0,0,0,0,0,2,1158
org.mudebug.prapr.mutators.ArgumentListMutator_3,201201,1052,0,0,1,1,1,4574,403
org.mudebug.prapr.mutators.MethCallResultGuard_0,205777,334,0,0,0,0,0,0,382
org.mudebug.prapr.mutators.ArgumentListMutator_2,205779,4408,0,0,0,0,0,1385,421
org.mudebug.prapr.mutators.DereferenceGuardMutator_4,207166,3244,0,0,0,0,0,5,77
org.mudebug.prapr.mutators.FieldNameMutator_5,207173,1777,0,0,0,0,0,0,649
org.mudebug.prapr.mutators.MethodNameMutator_3,207175,4411,0,0,1,1,1,4269,474
org.mudebug.prapr.mutators.ArgumentListMutator_2,211446,7059,0,0,1,1,1,5538,545
org.mudebug.prapr.mutators.FieldAccessToMethodCallMutator_1,216986,6668,0,0,0,1,1,5487,536
org.mudebug.prapr.mutators.MethCallResultGuard_0,222475,6688,0,0,0,0,0,1,763
org.mudebug.prapr.mutators.NonVoidMethodCallGuardMutator_0,222478,7058,0,0,0,0,0,0,425
org.mudebug.prapr.mutators.ReturningDereferenceGuardMutator_0,222480,7057,0,0,0,0,0,0,230
org.mudebug.prapr.mutators.ArithmeticOperatorDeletion_1,222482,6714,0,0,0,1,1,128,1164
org.mudebug.prapr.mutators.MethCallResultGuard_0,222612,359,0,0,0,0,0,0,674
org.mudebug.prapr.mutators.ArgumentListMutator_2,222614,7058,0,0,1,1,1,5538,439
org.mudebug.prapr.mutators.MethCallResultGuard_1,228154,1119,0,0,0,0,0,5,1443
org.mudebug.prapr.mutators.LocalNameMutator_1,228161,6705,0,0,0,0,0,0,917
org.mudebug.prapr.mutators.LocalToFieldAccessMutator_2,228163,6738,0,0,0,0,0,0,1795
org.mudebug.prapr.mutators.ReturningDereferenceGuardMutator_0,228165,554,0,0,0,0,0,0,272
org.mudebug.prapr.mutators.FieldNameMutator_2,228167,5356,0,0,0,0,0,0,522
org.mudebug.prapr.mutators.FieldToLocalAccessMutator_0,228169,4392,0,0,1,1,1,5220,205
org.pitest.mutationtest.engine.gregor.mutators.experimental.NakedReceiverMutator,233391,6706,0,0,0,1,1,8,967
org.mudebug.prapr.mutators.FieldAccessToMethodCallMutator_0,233401,6738,0,0,0,0,0,0,1794
org.mudebug.prapr.mutators.RelationalOperatorReplacement_2,233403,5358,0,0,0,0,0,2,724
org.mudebug.prapr.mutators.LocalToFieldAccessMutator_2,233407,6683,0,0,0,0,0,763,683
org.mudebug.prapr.mutators.DereferenceGuardMutator_0,234172,1106,0,0,0,0,0,0,1074
org.pitest.mutationtest.engine.gregor.mutators.NonVoidMethodCallMutator,234174,4410,0,0,0,1,1,3299,445
org.mudebug.prapr.mutators.FieldNameMutator_0,237475,1777,0,0,0,0,0,0,662
org.mudebug.prapr.mutators.FieldAccessToMethodCallMutator_4,237477,6743,0,0,1,1,1,2912,1874
org.mudebug.prapr.mutators.DereferenceGuardMutator_0,240391,6706,0,0,0,0,0,0,1020
org.pitest.mutationtest.engine.gregor.mutators.NegateConditionalsMutator,240393,247,0,0,0,0,0,0,251
org.pitest.mutationtest.engine.gregor.mutators.RemoveConditionalMutator_EQUAL_IF,240395,6706,0,0,0,0,0,6,963
org.pitest.mutationtest.engine.gregor.mutators.RemoveConditionalMutator_EQUAL_ELSE,240403,1236,1,0,0,1,1,15,521
org.pitest.mutationtest.engine.gregor.mutators.RemoveConditionalMutator_EQUAL_ELSE,240420,551,0,0,0,0,0,1394,207
org.mudebug.prapr.mutators.DereferenceGuardMutator_3,241816,348,0,0,0,0,0,0,556
org.mudebug.prapr.mutators.DereferenceGuardMutator_3,241818,6683,0,0,0,0,0,1,683
org.mudebug.prapr.mutators.NonVoidMethodCallGuardMutator_0,241821,5375,0,0,0,0,0,0,1032
org.mudebug.prapr.mutators.FieldAccessToMethodCallMutator_1,241823,1777,0,0,0,0,0,0,748
org.pitest.mutationtest.engine.gregor.mutators.RemoveConditionalMutator_EQUAL_IF,241825,7382,0,0,0,0,0,1849,410
org.mudebug.prapr.mutators.FieldNameMutator_4,243676,5378,0,0,0,0,0,1,1083
org.mudebug.prapr.mutators.FieldNameMutator_2,243679,7059,0,0,0,0,0,2,557
org.mudebug.prapr.mutators.MethCallResultGuard_1,243683,6974,0,0,0,0,0,0,76
org.mudebug.prapr.mutators.RelationalOperatorReplacement_3,243685,159,0,0,0,1,1,1,649
org.mudebug.prapr.mutators.MethodNameMutator_0,243688,4411,0,0,1,1,1,4269,493
org.pitest.mutationtest.engine.gregor.mutators.NegateConditionalsMutator,247959,4413,0,0,1,1,1,5218,526
org.mudebug.prapr.mutators.ArgumentListMutator_2,253179,504,0,0,1,1,1,5753,83
org.mudebug.prapr.mutators.MethodNameMutator_0,258934,244,0,0,0,0,0,36,180
org.mudebug.prapr.mutators.MethCallResultGuard_0,258972,7059,0,0,0,0,0,5,554
org.mudebug.prapr.mutators.MethCallResultGuard_1,258979,6725,0,0,0,0,0,0,1369
org.pitest.mutationtest.engine.gregor.mutators.RemoveConditionalMutator_EQUAL_IF,258981,6678,0,0,0,0,0,0,602
org.pitest.mutationtest.engine.gregor.mutators.NonVoidMethodCallMutator,258983,504,0,0,0,0,0,2989,87
org.pitest.mutationtest.engine.gregor.mutators.NegateConditionalsMutator,261974,5356,0,0,1,1,1,1520,87
org.pitest.mutationtest.engine.gregor.mutators.NonVoidMethodCallMutator,263496,7058,0,0,0,0,0,15,412
org.mudebug.prapr.mutators.DereferenceGuardMutator_1,263513,1106,0,0,0,0,0,0,1196
org.mudebug.prapr.mutators.MethCallResultGuard_1,263515,504,0,0,0,0,0,0,83
org.pitest.mutationtest.engine.gregor.mutators.experimental.RemoveSwitchMutator_24,263517,3584,0,0,0,0,0,6,901
org.pitest.mutationtest.engine.gregor.mutators.VoidMethodCallMutator,263525,1248,0,0,0,0,0,0,867
org.pitest.mutationtest.engine.gregor.mutators.ReturnValsMutator,263527,6714,0,0,0,1,1,161,1162
org.pitest.mutationtest.engine.gregor.mutators.InlineConstantMutator,263690,5358,0,0,0,0,0,1,766
org.mudebug.prapr.mutators.MethodNameMutator_0,263693,241,0,0,0,0,0,23,142
org.pitest.mutationtest.engine.gregor.mutators.RemoveConditionalMutator_EQUAL_IF,263718,6684,0,0,0,0,0,236,711
org.mudebug.prapr.mutators.RelationalOperatorReplacement_2,263956,547,0,0,1,1,1,198,160
org.mudebug.prapr.mutators.RelationalOperatorReplacement_1,264156,7250,0,0,0,0,0,0,662
org.mudebug.prapr.mutators.RelationalOperatorReplacement_1,264158,6706,0,0,0,0,0,0,963
org.mudebug.prapr.mutators.LocalNameMutator_0,264160,6683,0,0,0,0,0,320,686
org.mudebug.prapr.mutators.LocalToFieldAccessMutator_0,264482,1046,0,0,1,1,1,4574,307
org.mudebug.prapr.mutators.MethCallResultGuard_0,269058,347,0,0,0,0,0,0,512
org.pitest.mutationtest.engine.gregor.mutators.InlineConstantMutator,269060,1049,0,0,1,1,1,4566,368
org.mudebug.prapr.mutators.LocalToFieldAccessMutator_0,273628,7302,0,0,0,0,0,11,104
org.pitest.mutationtest.engine.gregor.mutators.experimental.MemberVariableMutator,273641,3384,0,0,1,1,1,173,37
org.mudebug.prapr.mutators.FieldToLocalAccessMutator_0,273816,6742,0,0,0,1,1,1853,1853
org.pitest.mutationtest.engine.gregor.mutators.RemoveConditionalMutator_ORDER_IF,275671,7090,0,0,1,1,1,5538,931
org.mudebug.prapr.mutators.ReturningDereferenceGuardMutator_4,281211,3387,0,0,0,0,0,0,56
org.pitest.mutationtest.engine.gregor.mutators.RemoveConditionalMutator_EQUAL_IF,281213,1234,0,0,0,1,1,3,302
org.mudebug.prapr.mutators.LocalNameMutator_0,281218,7058,0,0,0,0,0,4,524
org.mudebug.prapr.mutators.ReturningDereferenceGuardMutator_2,281224,247,0,0,0,0,0,0,247
org.mudebug.prapr.mutators.FieldNameMutator_3,281226,1777,0,0,0,0,0,83,653
org.mudebug.prapr.mutators.LocalNameMutator_1,281311,7058,0,0,0,0,0,9,340
org.pitest.mutationtest.engine.gregor.mutators.experimental.RemoveSwitchMutator_23,281322,6415,0,0,0,0,0,1,273
org.mudebug.prapr.mutators.ReturningDereferenceGuardMutator_2,281325,5356,0,0,0,0,0,0,115
org.mudebug.prapr.mutators.MethCallResultGuard_2,281327,7058,0,0,0,0,0,0,439
org.mudebug.prapr.mutators.LocalNameMutator_0,281329,6652,0,0,0,0,0,5,403
org.pitest.mutationtest.engine.gregor.mutators.BooleanFalseReturnValsMutator,281336,7382,0,0,0,0,0,198,448
org.mudebug.prapr.mutators.MethodNameMutator_3,281536,6931,0,0,1,1,1,5543,848
org.mudebug.prapr.mutators.LocalToFieldAccessMutator_1,287081,6688,0,0,0,1,1,3567,765
org.pitest.mutationtest.engine.gregor.mutators.RemoveConditionalMutator_EQUAL_ELSE,290650,7302,0,0,0,0,0,14,134
org.mudebug.prapr.mutators.ReturningDereferenceGuardMutator_0,290666,6176,0,0,0,0,0,0,577
org.mudebug.prapr.mutators.RelationalOperatorReplacement_0,290668,6913,0,0,1,1,1,5538,470
org.mudebug.prapr.mutators.FieldNameMutator_0,296208,1777,0,0,0,0,0,0,633
org.mudebug.prapr.mutators.DereferenceGuardMutator_4,296210,7063,0,0,0,0,0,0,609
org.pitest.mutationtest.engine.gregor.mutators.ConstructorCallMutator,296212,2967,0,0,0,0,0,40,599
org.mudebug.prapr.mutators.NonVoidMethodCallGuardMutator_0,296254,517,0,0,0,0,0,0,106
org.mudebug.prapr.mutators.FieldAccessToMethodCallMutator_4,296256,6650,0,0,1,1,1,6028,369
org.mudebug.prapr.mutators.MethCallResultGuard_0,302286,1127,0,0,0,0,0,0,1580
org.mudebug.prapr.mutators.DereferenceGuardMutator_1,302288,6671,0,0,0,0,0,0,548
org.mudebug.prapr.mutators.MethodNameMutator_9,302290,7086,0,0,1,1,1,5538,892
org.mudebug.prapr.mutators.FieldNameMutator_1,307830,1777,0,0,0,0,0,0,634
org.mudebug.prapr.mutators.FieldNameMutator_3,307832,7059,0,0,0,0,0,2,552
org.mudebug.prapr.mutators.FieldNameMutator_2,307836,1777,0,0,0,0,0,24,743
org.mudebug.prapr.mutators.FieldNameMutator_0,307862,1777,0,0,0,0,0,0,720
org.pitest.mutationtest.engine.gregor.mutators.NonVoidMethodCallMutator,307864,6706,0,0,0,1,1,2,1018
org.mudebug.prapr.mutators.RelationalOperatorReplacement_1,307868,5358,0,0,0,1,1,12,742
org.pitest.mutationtest.engine.gregor.mutators.experimental.RemoveSwitchMutator_51,307882,3636,0,0,0,0,0,0,1649
org.mudebug.prapr.mutators.FieldNameMutator_5,307884,1777,0,0,0,0,0,0,665
org.mudebug.prapr.mutators.DereferenceGuardMutator_1,307886,7302,0,0,0,0,0,0,110
org.mudebug.prapr.mutators.ReturningDereferenceGuardMutator_1,307888,7064,0,0,0,0,0,0,619
org.mudebug.prapr.mutators.RelationalOperatorReplacement_0,307890,5358,0,0,0,0,0,3,742
org.pitest.mutationtest.engine.gregor.mutators.experimental.RemoveSwitchMutator_51,307895,555,0,0,0,0,0,0,872
org.mudebug.prapr.mutators.FieldAccessToMethodCallMutator_1,307897,6732,0,0,0,0,0,0,1624
org.mudebug.prapr.mutators.DereferenceGuardMutator_3,307899,7627,0,0,0,0,0,0,159
org.mudebug.prapr.mutators.LocalToFieldAccessMutator_0,307901,1106,0,0,0,0,0,0,1178
org.mudebug.prapr.mutators.FieldNameMutator_0,307903,3240,0,0,0,0,0,0,41
org.mudebug.prapr.mutators.FieldAccessToMethodCallMutator_3,307905,1777,0,0,0,0,0,0,697
org.mudebug.prapr.mutators.RelationalOperatorReplacement_2,307907,247,0,0,0,0,0,2,247
org.mudebug.prapr.mutators.LocalToFieldAccessMutator_0,307911,4395,0,0,1,1,1,5220,247
org.pitest.mutationtest.engine.gregor.mutators.VoidMethodCallMutator,313133,3417,0,0,0,0,0,5,105
org.pitest.mutationtest.engine.gregor.mutators.ReturnValsMutator,313140,7303,0,0,1,1,1,5538,171
org.pitest.mutationtest.engine.gregor.mutators.RemoveConditionalMutator_EQUAL_IF,318680,6931,0,0,0,0,0,780,848
org.mudebug.prapr.mutators.ArgumentListMutator_5,319462,1106,0,0,1,1,1,2933,1199
org.mudebug.prapr.mutators.FieldNameMutator_0,322397,7059,0,0,0,0,0,1748,561
org.mudebug.prapr.mutators.ArgumentListMutator_0,324147,2458,0,0,1,1,1,4520,52
org.mudebug.prapr.mutators.NonVoidMethodCallGuardMutator_0,328669,3564,0,0,0,0,0,0,338
org.mudebug.prapr.mutators.ReturningDereferenceGuardMutator_3,328671,6689,0,0,0,0,0,0,781
org.mudebug.prapr.mutators.MethCallResultGuard_1,328673,7058,0,0,0,0,0,0,284
org.mudebug.prapr.mutators.RelationalOperatorReplacement_2,328675,495,0,0,1,1,1,4458,171
org.pitest.mutationtest.engine.gregor.mutators.RemoveConditionalMutator_EQUAL_IF,333135,7233,0,0,1,1,1,5227,291
org.mudebug.prapr.mutators.ArithmeticOperatorReplacement_4,338364,4257,0,0,0,0,0,26,409
org.mudebug.prapr.mutators.ArithmeticOperatorReplacement_7,338392,2459,0,0,0,0,0,5,62
org.mudebug.prapr.mutators.MethodNameMutator_7,338399,1236,1,0,0,1,1,15,522
org.mudebug.prapr.mutators.LocalNameMutator_1,338416,4411,0,0,1,1,1,4269,497
org.mudebug.prapr.mutators.MethCallResultGuard_2,342687,1830,0,0,0,0,0,5,55
org.mudebug.prapr.mutators.ReturningDereferenceGuardMutator_0,342694,1053,0,0,0,0,0,5,431
org.pitest.mutationtest.engine.gregor.mutators.RemoveConditionalMutator_EQUAL_IF,342701,7259,0,0,0,0,0,5,823
org.pitest.mutationtest.engine.gregor.mutators.experimental.NakedReceiverMutator,342708,5375,0,0,1,1,1,376,1032
org.mudebug.prapr.mutators.MethodNameMutator_1,343086,6684,0,0,0,1,1,910,701
org.mudebug.prapr.mutators.MethCallResultGuard_0,343998,347,0,0,0,0,0,22,509
org.mudebug.prapr.mutators.NonVoidMethodCallGuardMutator_0,344025,1049,0,0,0,0,0,0,368
org.pitest.mutationtest.engine.gregor.mutators.NullReturnValsMutator,344027,6975,0,0,1,1,1,5538,81
org.mudebug.prapr.mutators.RelationalOperatorReplacement_1,349567,7108,0,0,0,0,0,0,1155
org.pitest.mutationtest.engine.gregor.mutators.VoidMethodCallMutator,349569,7059,0,0,0,0,0,0,559
org.mudebug.prapr.mutators.RelationalOperatorReplacement_2,349571,333,0,0,1,1,1,5365,364
org.mudebug.prapr.mutators.FieldNameMutator_0,354938,4626,0,0,0,1,1,4735,80
org.mudebug.prapr.mutators.FieldAccessToMethodCallMutator_1,359675,7380,0,0,1,1,1,5543,397
org.mudebug.prapr.mutators.MethCallResultGuard_0,365220,7058,0,0,0,0,0,0,310
org.mudebug.prapr.mutators.VoidMethodCallGuardMutator,365222,1563,0,0,0,0,0,0,254
org.mudebug.prapr.mutators.MethCallResultGuard_1,365224,1127,0,0,0,0,0,0,1580
org.mudebug.prapr.mutators.ReturningDereferenceGuardMutator_1,365226,6718,0,0,0,0,0,0,1267
org.pitest.mutationtest.engine.gregor.mutators.InlineConstantMutator,365228,4413,0,0,1,1,1,5220,523
org.pitest.mutationtest.engine.gregor.mutators.experimental.RemoveSwitchMutator_99,370450,3636,0,0,0,0,0,0,1649
org.pitest.mutationtest.engine.gregor.mutators.ReturnValsMutator,370452,1106,0,0,0,1,1,2909,1204
org.mudebug.prapr.mutators.DereferenceGuardMutator_3,373363,7304,0,0,0,0,0,0,189
org.mudebug.prapr.mutators.FieldAccessToMethodCallMutator_2,373365,6651,0,0,0,0,0,0,382
org.mudebug.prapr.mutators.ReturningDereferenceGuardMutator_2,373367,5214,0,0,0,0,0,0,112
org.mudebug.prapr.mutators.MethodNameMutator_4,373372,1237,0,0,1,1,1,13,545
org.mudebug.prapr.mutators.FieldAccessToMethodCallMutator_0,373387,1777,0,0,0,0,0,0,574
org.mudebug.prapr.mutators.FieldNameMutator_0,373389,7088,0,0,0,0,0,416,914
org.mudebug.prapr.mutators.LocalNameMutator_0,373807,5356,0,0,1,1,1,1074,435
org.mudebug.prapr.mutators.FieldAccessToMethodCallMutator_1,374883,6652,0,0,1,1,1,4795,400
org.mudebug.prapr.mutators.NonVoidMethodCallGuardMutator_0,379680,7059,0,0,0,0,0,0,547
org.mudebug.prapr.mutators.LocalToFieldAccessMutator_0,379682,1046,0,0,0,0,0,97,314
org.mudebug.prapr.mutators.RelationalOperatorReplacement_2,379781,1563,0,0,0,0,0,1,245
org.mudebug.prapr.mutators.RelationalOperatorReplacement_3,379786,6988,0,0,0,0,0,3,167
org.mudebug.prapr.mutators.MethodNameMutator_0,379791,159,0,0,0,0,0,0,649
org.mudebug.prapr.mutators.LocalNameMutator_2,379793,247,0,0,1,1,1,2862,242
org.mudebug.prapr.mutators.LocalToFieldAccessMutator_3,382657,6732,0,0,1,1,1,2705,1618
org.mudebug.prapr.mutators.FieldNameMutator_0,385364,7131,0,0,1,1,1,5538,71
org.mudebug.prapr.mutators.ReturningDereferenceGuardMutator_0,390904,6176,0,0,0,0,0,0,566
org.mudebug.prapr.mutators.MethCallResultGuard_1,390906,6706,0,0,0,0,0,0,929
org.mudebug.prapr.mutators.VoidMethodCallGuardMutator,390908,242,0,0,0,0,0,0,156
org.mudebug.prapr.mutators.LocalToFieldAccessMutator_3,390913,1048,0,0,1,1,1,4574,350
org.mudebug.prapr.mutators.ArgumentListMutator_4,395489,7059,0,0,1,1,1,5538,547
org.pitest.mutationtest.engine.gregor.mutators.experimental.RemoveSwitchMutator_56,401029,495,0,0,0,0,0,0,119
org.mudebug.prapr.mutators.LocalToFieldAccessMutator_1,401031,6728,0,0,0,1,1,2550,1421
org.mudebug.prapr.mutators.MethCallResultGuard_2,403583,1231,0,0,0,0,0,0,72
org.mudebug.prapr.mutators.MethodNameMutator_0,403594,3497,0,0,0,0,0,0,421
org.mudebug.prapr.mutators.NonVoidMethodCallGuardMutator_0,403596,1231,0,0,0,0,0,0,68
org.mudebug.prapr.mutators.LocalNameMutator_0,403598,7058,0,0,0,0,0,73,449
org.pitest.mutationtest.engine.gregor.mutators.InlineConstantMutator,403673,1777,0,0,0,0,0,0,725
org.mudebug.prapr.mutators.NonVoidMethodCallGuardMutator_0,403675,4423,0,0,0,0,0,5,614
org.pitest.mutationtest.engine.gregor.mutators.NonVoidMethodCallMutator,403682,7384,0,0,0,0,0,1,495
org.mudebug.prapr.mutators.MethodNameMutator_0,403685,3564,0,0,0,1,1,42,364
org.mudebug.prapr.mutators.DereferenceGuardMutator_3,403729,7231,0,0,0,0,0,0,260
org.mudebug.prapr.mutators.DereferenceGuardMutator_4,403731,6699,0,0,0,0,0,0,863
org.mudebug.prapr.mutators.FieldAccessToMethodCallMutator_0,403733,6652,0,0,1,1,1,5084,398
org.mudebug.prapr.mutators.MethCallResultGuard_1,408819,517,0,0,0,0,0,0,91
org.mudebug.prapr.mutators.FieldNameMutator_0,408821,1777,0,0,0,0,0,0,638
org.mudebug.prapr.mutators.DereferenceGuardMutator_3,408823,7788,0,0,0,0,0,0,298
org.pitest.mutationtest.engine.gregor.mutators.experimental.MemberVariableMutator,408825,6651,0,0,0,0,0,1584,382
org.mudebug.prapr.mutators.NonVoidMethodCallGuardMutator_0,410411,1231,0,0,0,0,0,0,72
org.pitest.mutationtest.engine.gregor.mutators.InlineConstantMutator,410413,5357,0,0,0,0,0,2,703
org.pitest.mutationtest.engine.gregor.mutators.experimental.MemberVariableMutator,410417,1315,0,0,0,0,0,0,100
org.mudebug.prapr.mutators.VoidMethodCallGuardMutator,410419,7058,0,0,0,0,0,0,471
org.mudebug.prapr.mutators.RelationalOperatorReplacement_3,410421,7497,0,0,0,0,0,1,377
org.mudebug.prapr.mutators.RelationalOperatorReplacement_0,410424,6732,0,0,0,0,0,7,1618
org.mudebug.prapr.mutators.FieldAccessToMethodCallMutator_3,410433,1777,0,0,0,0,0,0,749
org.mudebug.prapr.mutators.ArgumentListMutator_2,410435,5209,0,0,0,0,0,5,288
org.mudebug.prapr.mutators.RelationalOperatorReplacement_0,410442,1562,0,0,0,0,0,0,217
org.mudebug.prapr.mutators.ReturningDereferenceGuardMutator_0,410444,1133,0,0,0,0,0,0,1633
org.mudebug.prapr.mutators.MethodNameMutator_0,410446,1052,0,0,1,1,1,4574,407
org.mudebug.prapr.mutators.RelationalOperatorReplacement_0,415022,547,0,0,0,1,1,75,161
org.pitest.mutationtest.engine.gregor.mutators.RemoveConditionalMutator_EQUAL_IF,415099,1563,0,0,0,0,0,2,241
org.mudebug.prapr.mutators.MethCallResultGuard_2,415103,7059,0,0,0,0,0,0,557
org.pitest.mutationtest.engine.gregor.mutators.experimental.RemoveSwitchMutator_84,415105,6415,0,0,0,0,0,15,273
org.mudebug.prapr.mutators.FieldAccessToMethodCallMutator_4,415122,6743,0,0,0,0,0,1697,1870
org.mudebug.prapr.mutators.NonVoidMethodCallGuardMutator_0,416821,7058,0,0,0,0,0,0,447
org.mudebug.prapr.mutators.FieldAccessToMethodCallMutator_0,416823,6683,0,0,1,1,1,2707,686
org.pitest.mutationtest.engine.gregor.mutators.RemoveConditionalMutator_EQUAL_IF,419532,3626,0,0,0,0,0,21,1516
org.mudebug.prapr.mutators.ArgumentListMutator_2,419555,7059,0,0,0,0,0,1,563
org.pitest.mutationtest.engine.gregor.mutators.InlineConstantMutator,419558,517,0,0,0,0,0,4,97
org.pitest.mutationtest.engine.gregor.mutators.RemoveConditionalMutator_EQUAL_IF,419564,7302,0,0,0,0,0,6,127
org.mudebug.prapr.mutators.ReturningDereferenceGuardMutator_4,419572,705,0,0,0,0,0,0,65
org.pitest.mutationtest.engine.gregor.mutators.NonVoidMethodCallMutator,419574,545,0,0,0,0,0,3,131
org.mudebug.prapr.mutators.MethodNameMutator_6,419579,1245,0,0,1,1,1,20,719
org.pitest.mutationtest.engine.gregor.mutators.NonVoidMethodCallMutator,419601,3558,0,0,1,1,1,38,114
org.pitest.mutationtest.engine.gregor.mutators.InlineConstantMutator,419641,5356,0,0,0,0,0,0,215
org.mudebug.prapr.mutators.LocalToFieldAccessMutator_0,419643,6684,0,0,1,1,1,831,712
org.mudebug.prapr.mutators.FieldAccessToMethodCallMutator_0,420476,1777,0,0,0,0,0,74,732
org.mudebug.prapr.mutators.ReturningDereferenceGuardMutator_0,420552,705,0,0,0,0,0,0,65
org.mudebug.prapr.mutators.MethodNameMutator_2,420554,7205,0,0,0,0,0,14,140
org.mudebug.prapr.mutators.FieldAccessToMethodCallMutator_0,420570,561,0,0,0,0,0,0,1206
org.mudebug.prapr.mutators.FieldAccessToMethodCallMutator_1,420572,1777,0,0,0,0,0,0,643
org.mudebug.prapr.mutators.MethodNameMutator_7,420574,6973,0,0,0,0,0,83,71
org.mudebug.prapr.mutators.MethodNameMutator_8,420659,1234,0,0,1,1,1,5,302
org.mudebug.prapr.mutators.ArgumentListMutator_4,420666,6725,0,0,0,1,1,0,1369
org.pitest.mutationtest.engine.gregor.mutators.BooleanTrueReturnValsMutator,420668,6726,0,0,0,1,1,1483,1383
org.pitest.mutationtest.engine.gregor.mutators.NonVoidMethodCallMutator,422153,1052,0,0,1,1,1,4574,406
org.mudebug.prapr.mutators.DereferenceGuardMutator_3,426729,7063,0,0,0,0,0,0,599
org.pitest.mutationtest.engine.gregor.mutators.NullReturnValsMutator,426731,1135,0,0,1,1,1,5202,1647
org.mudebug.prapr.mutators.ArgumentListMutator_4,431935,6706,0,0,0,1,1,2,1024
org.pitest.mutationtest.engine.gregor.mutators.InlineConstantMutator,431939,1562,0,0,0,0,0,2,209
org.mudebug.prapr.mutators.FieldNameMutator_2,431943,6721,0,0,0,1,1,586,1331
org.mudebug.prapr.mutators.RelationalOperatorReplacement_2,432531,6867,0,0,0,0,0,0,159
org.mudebug.prapr.mutators.MethCallResultGuard_1,432533,7090,0,0,0,0,0,0,932
org.pitest.mutationtest.engine.gregor.mutators.RemoveConditionalMutator_EQUAL_IF,432535,6714,0,0,0,1,1,2705,1161
org.mudebug.prapr.mutators.ReturningDereferenceGuardMutator_1,435242,7302,0,0,0,0,0,0,117
org.mudebug.prapr.mutators.FieldNameMutator_2,435244,1777,0,0,0,0,0,0,675
org.mudebug.prapr.mutators.FieldAccessToMethodCallMutator_4,435246,6678,0,0,1,1,1,4652,611
org.mudebug.prapr.mutators.DereferenceGuardMutator_0,439900,7627,0,0,0,0,0,0,159
org.mudebug.prapr.mutators.MethCallResultGuard_1,439902,5356,0,0,0,1,1,224,83
org.mudebug.prapr.mutators.ArgumentListMutator_0,440128,3385,0,0,1,1,1,207,47
org.mudebug.prapr.mutators.RelationalOperatorReplacement_3,440339,6913,0,0,0,0,0,879,470
org.mudebug.prapr.mutators.FieldNameMutator_0,441220,1777,0,0,0,0,0,0,661
org.pitest.mutationtest.engine.gregor.mutators.NonVoidMethodCallMutator,441222,562,0,0,0,1,1,129,1210
org.mudebug.prapr.mutators.ReturningDereferenceGuardMutator_2,441353,7263,0,0,0,0,0,0,853
org.pitest.mutationtest.engine.gregor.mutators.ArgumentPropagationMutator,441355,346,0,0,0,0,0,26,498
org.mudebug.prapr.mutators.FieldAccessToMethodCallMutator_0,441383,1133,0,0,0,0,0,5,1633
org.pitest.mutationtest.engine.gregor.mutators.ConstructorCallMutator,441390,7627,0,0,0,0,0,1781,159
org.mudebug.prapr.mutators.RelationalOperatorReplacement_0,443173,1049,0,0,0,0,0,131,368
org.mudebug.prapr.mutators.MethodNameMutator_0,443306,334,0,0,0,0,0,4,382
org.mudebug.prapr.mutators.MethodNameMutator_1,443312,7204,0,0,0,0,0,7,135
org.mudebug.prapr.mutators.FieldAccessToMethodCallMutator_4,443321,1777,0,0,0,0,0,0,702
org.pitest.mutationtest.engine.gregor.mutators.NonVoidMethodCallMutator,443323,6744,0,0,0,1,1,0,1893
org.mudebug.prapr.mutators.LocalNameMutator_0,443325,7058,0,0,0,0,0,6,278
org.mudebug.prapr.mutators.ArgumentListMutator_4,443333,6174,0,0,0,0,0,0,548
org.mudebug.prapr.mutators.FieldAccessToMethodCallMutator_0,443335,1777,0,0,0,0,0,0,742
org.mudebug.prapr.mutators.FieldNameMutator_4,443337,5356,0,0,0,1,1,206,339
org.pitest.mutationtest.engine.gregor.mutators.experimental.MemberVariableMutator,443545,4152,0,0,0,0,0,151,54
org.pitest.mutationtest.engine.gregor.mutators.VoidMethodCallMutator,443698,7057,0,0,0,0,0,0,231
org.mudebug.prapr.mutators.MethodNameMutator_3,443700,7383,0,0,0,0,0,1847,457
org.mudebug.prapr.mutators.MethCallResultGuard_2,445549,7059,0,0,0,0,0,0,563
org.pitest.mutationtest.engine.gregor.mutators.EmptyObjectReturnValsMutator,445551,3636,0,0,1,1,1,2539,1691
org.pitest.mutationtest.engine.gregor.mutators.experimental.MemberVariableMutator,448092,1777,0,0,0,0,0,0,715
org.mudebug.prapr.mutators.MethodNameMutator_4,448094,6931,0,0,0,0,0,155,852
org.mudebug.prapr.mutators.LocalNameMutator_0,448251,4410,0,0,1,1,1,4269,449
org.mudebug.prapr.mutators.LocalNameMutator_0,452522,4411,0,0,0,0,0,98,490
org.mudebug.prapr.mutators.MethodNameMutator_8,452622,7200,0,0,1,1,1,5538,104
org.mudebug.prapr.mutators.ReturningDereferenceGuardMutator_0,458162,5219,0,0,0,0,0,0,181
org.mudebug.prapr.mutators.LocalToFieldAccessMutator_1,458164,6686,0,0,1,1,1,2867,742
org.mudebug.prapr.mutators.FieldNameMutator_5,461033,7058,0,0,1,1,1,5538,449
org.mudebug.prapr.mutators.LocalNameMutator_0,466573,3388,0,0,1,1,1,213,65
org.mudebug.prapr.mutators.FieldNameMutator_0,466788,1777,0,0,0,0,0,0,657
org.pitest.mutationtest.engine.gregor.mutators.experimental.MemberVariableMutator,466790,3711,0,0,0,0,0,60,71
org.mudebug.prapr.mutators.ReturningDereferenceGuardMutator_3,466852,7385,0,0,0,0,0,0,501
org.mudebug.prapr.mutators.FieldNameMutator_5,466854,1777,0,0,0,0,0,0,737
org.mudebug.prapr.mutators.MethCallResultGuard_2,466856,6176,0,0,0,0,0,0,577
org.mudebug.prapr.mutators.MethodNameMutator_8,466858,6743,0,0,0,0,0,1513,1868
org.mudebug.prapr.mutators.FieldAccessToMethodCallMutator_0,468373,6706,0,0,0,0,0,0,959
org.mudebug.prapr.mutators.DereferenceGuardMutator_3,468375,332,0,0,0,0,0,5,344
org.pitest.mutationtest.engine.gregor.mutators.NegateConditionalsMutator,468382,545,0,0,1,1,1,3778,131
org.mudebug.prapr.mutators.MethodNameMutator_7,472162,247,0,0,1,1,1,4269,240
org.mudebug.prapr.mutators.LocalToFieldAccessMutator_3,476433,6684,0,0,0,0,0,140,704
org.mudebug.prapr.mutators.FieldNameMutator_0,476575,7063,0,0,0,0,0,689,602
org.mudebug.prapr.mutators.FieldNameMutator_0,477266,7058,0,0,1,1,1,5538,436
org.pitest.mutationtest.engine.gregor.mutators.NonVoidMethodCallMutator,482806,1246,0,0,0,0,0,1,819
org.mudebug.prapr.mutators.LocalNameMutator_0,482809,3651,0,0,0,0,0,7,1953
org.pitest.mutationtest.engine.gregor.mutators.VoidMethodCallMutator,482818,5358,0,0,0,1,1,38,762
org.mudebug.prapr.mutators.MethodNameMutator_1,482858,6986,0,0,0,0,0,4,145
org.mudebug.prapr.mutators.MethodNameMutator_1,482864,7199,0,0,0,0,0,83,85
org.mudebug.prapr.mutators.FieldNameMutator_3,482949,5356,0,0,0,0,0,28,576
org.mudebug.prapr.mutators.MethCallResultGuard_2,482979,7058,0,0,0,0,0,0,357
org.pitest.mutationtest.engine.gregor.mutators.ReturnValsMutator,482981,504,0,0,0,0,0,2989,87
org.mudebug.prapr.mutators.FieldAccessToMethodCallMutator_2,485972,1777,0,0,0,0,0,0,703
org.pitest.mutationtest.engine.gregor.mutators.RemoveConditionalMutator_EQUAL_ELSE,485974,6743,0,0,0,0,0,1692,1870
org.mudebug.prapr.mutators.FieldNameMutator_0,487670,1777,0,0,0,0,0,0,559
org.mudebug.prapr.mutators.MethodNameMutator_2,487672,6987,0,0,0,0,0,3,152
org.pitest.mutationtest.engine.gregor.mutators.experimental.RemoveSwitchMutator_49,487677,495,0,0,0,0,0,62,119
org.mudebug.prapr.mutators.MethodNameMutator_1,487741,7247,0,0,0,0,0,138,597
org.mudebug.prapr.mutators.MethodNameMutator_1,487881,7250,0,0,0,0,0,0,662
org.pitest.mutationtest.engine.gregor.mutators.RemoveConditionalMutator_EQUAL_ELSE,487883,6674,0,0,1,1,1,1029,560
org.pitest.mutationtest.engine.gregor.mutators.experimental.MemberVariableMutator,488914,7052,0,0,0,0,0,2268,136
org.pitest.mutationtest.engine.gregor.mutators.NegateConditionalsMutator,491184,5356,0,0,0,0,0,0,364
org.pitest.mutationtest.engine.gregor.mutators.RemoveConditionalMutator_EQUAL_ELSE,491186,6706,0,0,0,0,0,0,941
org.mudebug.prapr.mutators.LocalToFieldAccessMutator_0,491188,1041,0,0,0,0,0,0,220
org.pitest.mutationtest.engine.gregor.mutators.NonVoidMethodCallMutator,491190,347,0,0,1,1,1,2880,544
org.mudebug.prapr.mutators.LocalToFieldAccessMutator_0,494074,6696,0,0,0,0,0,6,836
org.mudebug.prapr.mutators.ReturningDereferenceGuardMutator_2,494082,247,0,0,0,0,0,0,251
org.pitest.mutationtest.engine.gregor.mutators.InlineConstantMutator,494084,1245,0,0,0,1,1,15,803
org.mudebug.prapr.mutators.FieldAccessToMethodCallMutator_3,494101,1777,0,0,0,0,0,0,723
org.mudebug.prapr.mutators.LocalNameMutator_0,494103,6899,0,0,0,0,0,804,331
org.mudebug.prapr.mutators.ReturningDereferenceGuardMutator_4,494909,1106,0,0,0,0,0,0,1085
org.mudebug.prapr.mutators.LocalToFieldAccessMutator_3,494911,6709,0,0,1,1,1,44,1057
org.mudebug.prapr.mutators.ArgumentListMutator_3,494957,6652,0,0,0,0,0,0,389
org.pitest.mutationtest.engine.gregor.mutators.VoidMethodCallMutator,494959,7307,0,0,0,0,0,7,213
org.pitest.mutationtest.engine.gregor.mutators.NegateConditionalsMutator,494968,329,0,0,1,1,1,1399,296
org.mudebug.prapr.mutators.MethodNameMutator_7,496369,3611,0,0,0,0,0,861,1327
org.pitest.mutationtest.engine.gregor.mutators.PrimitiveReturnsMutator,497232,3584,0,0,0,0,0,4,917
org.mudebug.prapr.mutators.ArgumentListMutator_2,497238,3498,0,0,1,1,1,5209,453
org.mudebug.prapr.mutators.MethodNameMutator_6,502449,5365,0,0,0,0,0,474,837
org.mudebug.prapr.mutators.FieldNameMutator_3,502925,1777,0,0,0,0,0,0,724
org.pitest.mutationtest.engine.gregor.mutators.ArgumentPropagationMutator,502927,7058,0,0,0,0,0,2249,527
org.pitest.mutationtest.engine.gregor.mutators.ReturnValsMutator,505178,3611,0,0,0,0,0,636,1338
org.mudebug.prapr.mutators.LocalNameMutator_2,505816,7058,0,0,0,0,0,25,358
org.mudebug.prapr.mutators.MethCallResultGuard_2,505843,7058,0,0,0,0,0,0,416
org.mudebug.prapr.mutators.LocalToFieldAccessMutator_0,505845,4410,0,0,0,0,0,2569,445
org.mudebug.prapr.mutators.LocalToFieldAccessMutator_3,508416,6728,0,0,0,1,1,4,1413
org.mudebug.prapr.mutators.FieldToLocalAccessMutator_1,508422,4256,0,0,0,0,0,1,400
org.pitest.mutationtest.engine.gregor.mutators.ArgumentPropagationMutator,508425,3711,0,0,0,0,0,0,72
org.mudebug.prapr.mutators.MethodNameMutator_3,508427,3611,0,0,0,0,0,861,1332
org.mudebug.prapr.mutators.ReturningDereferenceGuardMutator_2,509290,1042,0,0,0,0,0,0,256
org.mudebug.prapr.mutators.DereferenceGuardMutator_0,509292,1927,0,0,0,0,0,5,43
org.mudebug.prapr.mutators.DereferenceGuardMutator_0,509299,4410,0,0,0,0,0,0,445
org.mudebug.prapr.mutators.LocalToFieldAccessMutator_0,509301,6902,0,0,0,0,0,44,347
org.mudebug.prapr.mutators.ArithmeticOperatorReplacement_6,509347,7108,0,0,1,1,1,5538,1153
org.mudebug.prapr.mutators.ReturningDereferenceGuardMutator_4,514887,546,0,0,0,0,0,0,148
org.mudebug.prapr.mutators.DereferenceGuardMutator_4,514889,6668,0,0,0,0,0,0,536
org.mudebug.prapr.mutators.NonVoidMethodCallGuardMutator_0,514891,7302,0,0,0,0,0,0,134
org.mudebug.prapr.mutators.MethodNameMutator_2,514893,245,0,0,0,0,0,2,198
org.mudebug.prapr.mutators.NonVoidMethodCallGuardMutator_0,514897,4667,0,0,0,0,0,0,70
org.mudebug.prapr.mutators.FieldNameMutator_4,514899,7058,0,0,0,0,0,2257,534
org.mudebug.prapr.mutators.MethodNameMutator_0,517158,5356,0,0,1,1,1,251,512
org.pitest.mutationtest.engine.gregor.mutators.NegateConditionalsMutator,517411,7382,0,0,0,0,0,221,415
org.mudebug.prapr.mutators.ArgumentListMutator_2,517634,1101,0,0,0,0,0,22,1020
org.mudebug.prapr.mutators.NonVoidMethodCallGuardMutator_0,517658,7304,0,0,0,0,0,0,187
org.mudebug.prapr.mutators.FieldNameMutator_2,517660,7215,0,0,1,1,1,5538,125
org.mudebug.prapr.mutators.ArgumentListMutator_0,523200,7059,0,0,1,1,1,5538,561
org.mudebug.prapr.mutators.FieldNameMutator_2,528740,7058,0,0,1,1,1,5538,258
org.mudebug.prapr.mutators.LocalToFieldAccessMutator_2,534280,6737,0,0,0,0,0,162,1782
org.pitest.mutationtest.engine.gregor.mutators.experimental.NakedReceiverMutator,534449,247,0,0,1,1,1,4269,240
org.pitest.mutationtest.engine.gregor.mutators.RemoveConditionalMutator_EQUAL_ELSE,538723,6683,0,0,1,1,1,950,682
org.mudebug.prapr.mutators.NonVoidMethodCallGuardMutator_0,539675,7061,0,0,0,0,0,0,576
org.mudebug.prapr.mutators.MethodNameMutator_1,539677,7302,0,0,0,0,0,6,127
org.mudebug.prapr.mutators.MethCallResultGuard_1,539685,3664,0,0,0,0,0,0,2189
org.mudebug.prapr.mutators.RelationalOperatorReplacement_3,539687,3626,0,0,0,0,0,474,1516
org.mudebug.prapr.mutators.MethCallResultGuard_0,540163,504,0,0,0,0,0,0,77
org.mudebug.prapr.mutators.DereferenceGuardMutator_1,540165,6652,0,0,0,0,0,0,391
org.mudebug.prapr.mutators.MethodNameMutator_1,540167,1236,1,0,0,1,1,15,520
org.pitest.mutationtest.engine.gregor.mutators.NonVoidMethodCallMutator,540184,7058,0,0,1,1,1,5538,280
org.mudebug.prapr.mutators.FieldNameMutator_1,545724,1777,0,0,0,0,0,4,711
org.pitest.mutationtest.engine.gregor.mutators.experimental.RemoveSwitchMutator_81,545730,5356,0,0,0,0,0,37,117
org.mudebug.prapr.mutators.ArgumentListMutator_5,545769,5356,0,0,1,1,1,1074,439
org.mudebug.prapr.mutators.FieldAccessToMethodCallMutator_1,546845,1537,0,0,0,0,0,0,30
org.pitest.mutationtest.engine.gregor.mutators.VoidMethodCallMutator,546847,5356,0,0,0,1,1,140,576
org.pitest.mutationtest.engine.gregor.mutators.experimental.MemberVariableMutator,546989,3411,0,0,0,0,0,0,44
org.mudebug.prapr.mutators.RelationalOperatorReplacement_2,546991,159,0,0,0,0,0,0,649
org.mudebug.prapr.mutators.ReturningDereferenceGuardMutator_3,552059,1799,0,0,0,0,0,0,931
org.mudebug.prapr.mutators.FieldNameMutator_5,552061,1777,0,0,0,0,0,0,727
org.pitest.mutationtest.engine.gregor.mutators.NonVoidMethodCallMutator,552063,495,0,0,1,1,1,2737,184
org.mudebug.prapr.mutators.FieldNameMutator_3,554802,1777,0,0,0,0,0,0,679
org.mudebug.prapr.mutators.LocalNameMutator_0,554804,4410,0,0,0,0,0,144,449
org.mudebug.prapr.mutators.RelationalOperatorReplacement_1,554950,547,0,0,0,1,1,95,161
org.mudebug.prapr.mutators.ArithmeticOperatorReplacement_0,555047,347,0,0,0,0,0,27,520
org.pitest.mutationtest.engine.gregor.mutators.RemoveConditionalMutator_EQUAL_ELSE,555076,3558,0,0,0,0,0,2,123
org.mudebug.prapr.mutators.MethodNameMutator_2,555080,5357,0,0,0,0,0,23,703
org.pitest.mutationtest.engine.gregor.mutators.experimental.MemberVariableMutator,555105,1777,0,0,0,0,0,0,685
org.mudebug.prapr.mutators.NonVoidMethodCallGuardMutator_0,555107,3249,0,0,0,0,0,5,103
org.mudebug.prapr.mutators.FieldAccessToMethodCallMutator_1,555114,1777,0,0,0,0,0,0,681
org.pitest.mutationtest.engine.gregor.mutators.NonVoidMethodCallMutator,555116,7200,0,0,0,0,0,1,104
org.mudebug.prapr.mutators.MethCallResultGuard_1,555119,7059,0,0,0,0,0,0,550
org.pitest.mutationtest.engine.gregor.mutators.NonVoidMethodCallMutator,555123,6725,0,0,1,1,1,1,1369
org.mudebug.prapr.mutators.ReturningDereferenceGuardMutator_3,555126,5214,0,0,0,0,0,0,112
org.mudebug.prapr.mutators.FieldAccessToMethodCallMutator_2,555128,6684,0,0,1,1,1,757,705
org.mudebug.prapr.mutators.RelationalOperatorReplacement_2,555887,504,0,0,0,0,0,5,81
org.mudebug.prapr.mutators.MethCallResultGuard_2,555894,7382,0,0,0,0,0,31,430
org.pitest.mutationtest.engine.gregor.mutators.InlineConstantMutator,555927,7255,0,0,0,0,0,451,758
org.pitest.mutationtest.engine.gregor.mutators.experimental.NakedReceiverMutator,556380,244,0,0,0,1,1,57,180
org.mudebug.prapr.mutators.FieldAccessToMethodCallMutator_2,556439,6683,0,0,1,1,1,2707,686
org.mudebug.prapr.mutators.DereferenceGuardMutator_3,559148,6737,0,0,0,0,0,0,1782
org.pitest.mutationtest.engine.gregor.mutators.NonVoidMethodCallMutator,559150,3498,0,0,0,0,0,0,453
org.mudebug.prapr.mutators.NonVoidMethodCallGuardMutator_0,559152,3417,0,0,0,0,0,0,88
org.mudebug.prapr.mutators.NonVoidMethodCallGuardMutator_0,559157,7098,0,0,0,0,0,0,1022
org.mudebug.prapr.mutators.FieldNameMutator_2,559161,1047,0,0,0,0,0,28,339
org.mudebug.prapr.mutators.LocalToFieldAccessMutator_0,559191,6725,0,0,1,1,1,2799,1367
org.mudebug.prapr.mutators.ArithmeticOperatorReplacement_8,561992,346,0,0,0,0,0,3,496
org.mudebug.prapr.mutators.DereferenceGuardMutator_0,561997,3390,0,0,0,0,0,0,98
org.mudebug.prapr.mutators.FieldNameMutator_3,561999,1106,0,0,0,1,1,0,1185
org.mudebug.prapr.mutators.ArgumentListMutator_1,562001,6706,0,0,0,1,1,14,929
org.mudebug.prapr.mutators.RelationalOperatorReplacement_3,562021,5356,0,0,1,1,1,1491,88
org.mudebug.prapr.mutators.ReturningDereferenceGuardMutator_0,563514,6706,0,0,0,0,0,0,1030
org.mudebug.prapr.mutators.NonVoidMethodCallGuardMutator_0,563516,346,0,0,0,0,0,23,490
org.mudebug.prapr.mutators.DereferenceGuardMutator_3,563541,1119,0,0,0,0,0,0,1439
org.pitest.mutationtest.engine.gregor.mutators.NullReturnValsMutator,563543,7476,0,0,1,1,1,40,202
org.pitest.mutationtest.engine.gregor.mutators.NonVoidMethodCallMutator,563585,7112,0,0,1,1,1,5538,1216
org.mudebug.prapr.mutators.RelationalOperatorReplacement_3,569125,1562,0,0,0,0,0,22,213
org.mudebug.prapr.mutators.FieldNameMutator_1,569149,6742,0,0,0,1,1,1853,1853
org.pitest.mutationtest.engine.gregor.mutators.experimental.MemberVariableMutator,571004,7613,0,0,0,0,0,5,54
org.mudebug.prapr.mutators.RelationalOperatorReplacement_2,571011,7476,0,0,0,1,1,35,202
org.mudebug.prapr.mutators.FieldNameMutator_1,571048,1777,0,0,0,0,0,0,672
org.mudebug.prapr.mutators.MethodNameMutator_8,571050,1562,0,0,0,1,1,145,204
org.pitest.mutationtest.engine.gregor.mutators.RemoveConditionalMutator_EQUAL_ELSE,571197,1042,0,0,1,1,1,5217,229
org.mudebug.prapr.mutators.MethCallResultGuard_2,576416,343,0,0,0,0,0,5,463
org.mudebug.prapr.mutators.DereferenceGuardMutator_0,576423,6723,0,0,0,0,0,5,1346
org.mudebug.prapr.mutators.MethodNameMutator_1,576430,1562,0,0,0,1,1,145,204
org.mudebug.prapr.mutators.LocalNameMutator_0,576577,705,0,0,1,1,1,5190,69
org.pitest.mutationtest.engine.gregor.mutators.NegateConditionalsMutator,581769,7382,0,0,1,1,1,5538,430
org.mudebug.prapr.mutators.FieldAccessToMethodCallMutator_2,587309,6721,0,0,0,1,1,586,1331
org.pitest.mutationtest.engine.gregor.mutators.NonVoidMethodCallMutator,587897,2306,0,0,0,0,0,7,41
org.mudebug.prapr.mutators.ReturningDereferenceGuardMutator_4,587906,1106,0,0,0,0,0,0,1196
org.pitest.mutationtest.engine.gregor.mutators.InlineConstantMutator,587908,1777,0,0,0,0,0,0,694
org.mudebug.prapr.mutators.LocalNameMutator_1,587910,5356,0,0,0,0,0,49,499
org.mudebug.prapr.mutators.NonVoidMethodCallGuardMutator_0,587961,7059,0,0,0,0,0,0,554
org.mudebug.prapr.mutators.VoidMethodCallGuardMutator,587963,6705,0,0,0,0,0,0,917
org.mudebug.prapr.mutators.ArgumentListMutator_3,587965,7300,0,0,1,1,1,5538,71
org.mudebug.prapr.mutators.NonVoidMethodCallGuardMutator_0,593505,3245,0,0,0,0,0,5,81
org.mudebug.prapr.mutators.RelationalOperatorReplacement_3,593512,5356,0,0,0,0,0,2,103
org.mudebug.prapr.mutators.DereferenceGuardMutator_0,593516,7199,0,0,0,0,0,0,85
org.mudebug.prapr.mutators.FieldNameMutator_1,593518,6650,0,0,0,0,0,0,370
org.mudebug.prapr.mutators.FieldNameMutator_3,593520,7059,0,0,0,0,0,1,548
org.pitest.mutationtest.engine.gregor.mutators.NegateConditionalsMutator,593523,6728,0,0,0,1,1,2812,1407
org.pitest.mutationtest.engine.gregor.mutators.experimental.RemoveSwitchMutator_38,596337,3584,0,0,0,0,0,260,901
org.mudebug.prapr.mutators.ArgumentListMutator_3,596599,3611,0,0,0,0,0,0,1331
org.mudebug.prapr.mutators.MethCallResultGuard_0,596601,6728,0,0,0,0,0,0,1407
org.mudebug.prapr.mutators.ArgumentListMutator_0,596603,7059,0,0,0,0,0,0,565
org.pitest.mutationtest.engine.gregor.mutators.InlineConstantMutator,596605,1553,0,0,0,1,1,184,135
org.mudebug.prapr.mutators.ReturningDereferenceGuardMutator_2,596791,705,0,0,0,0,0,0,65
org.mudebug.prapr.mutators.MethodNameMutator_2,596793,7503,0,0,0,0,0,17,446
org.pitest.mutationtest.engine.gregor.mutators.experimental.RemoveSwitchMutator_5,596812,495,0,0,0,0,0,10,119
org.pitest.mutationtest.engine.gregor.mutators.InlineConstantMutator,596824,1562,0,0,0,0,0,1,217
org.pitest.mutationtest.engine.gregor.mutators.InlineConstantMutator,596827,4256,0,0,0,0,0,3,386
org.mudebug.prapr.mutators.FieldToLocalAccessMutator_1,596832,6678,0,0,1,1,1,4630,610
org.mudebug.prapr.mutators.LocalToFieldAccessMutator_3,601464,6743,0,0,1,1,1,2800,1876
org.mudebug.prapr.mutators.MethodNameMutator_5,604266,1135,0,0,0,0,0,33,1644
org.mudebug.prapr.mutators.FieldNameMutator_3,604301,7059,0,0,0,0,0,9,560
org.mudebug.prapr.mutators.DereferenceGuardMutator_0,604312,7304,0,0,0,0,0,0,188
org.mudebug.prapr.mutators.ReturningDereferenceGuardMutator_0,604314,1094,0,0,0,0,0,0,933
org.mudebug.prapr.mutators.RelationalOperatorReplacement_1,604316,5213,0,0,0,0,0,0,91
org.pitest.mutationtest.engine.gregor.mutators.NegateConditionalsMutator,604318,6652,0,0,1,1,1,5084,393
org.mudebug.prapr.mutators.FieldNameMutator_2,609404,5378,0,0,0,0,0,1,1083
org.mudebug.prapr.mutators.ReturningDereferenceGuardMutator_2,609407,6683,0,0,0,0,0,0,686
org.mudebug.prapr.mutators.FieldNameMutator_2,609409,1777,0,0,0,0,0,5,749
org.mudebug.prapr.mutators.ReturningDereferenceGuardMutator_0,609416,7057,0,0,0,0,0,0,228
org.mudebug.prapr.mutators.MethodNameMutator_0,609418,7058,0,0,0,0,0,5,347
org.pitest.mutationtest.engine.gregor.mutators.ReturnValsMutator,609425,7202,0,0,1,1,1,5538,126
org.mudebug.prapr.mutators.LocalToFieldAccessMutator_3,614965,1046,0,0,0,0,0,92,314
org.pitest.mutationtest.engine.gregor.mutators.experimental.RemoveSwitchMutator_35,615059,3636,0,0,0,0,0,0,1649
org.pitest.mutationtest.engine.gregor.mutators.RemoveConditionalMutator_EQUAL_IF,615061,1082,0,0,0,0,0,0,834
org.mudebug.prapr.mutators.NonVoidMethodCallGuardMutator_0,615063,244,0,0,0,0,0,0,180
org.pitest.mutationtest.engine.gregor.mutators.VoidMethodCallMutator,615065,7059,0,0,0,0,0,16,548
org.pitest.mutationtest.engine.gregor.mutators.NonVoidMethodCallMutator,615083,7090,0,0,0,0,0,2193,934
org.mudebug.prapr.mutators.LocalNameMutator_1,617278,6652,0,0,1,1,1,4835,400
org.mudebug.prapr.mutators.MethCallResultGuard_0,622115,7059,0,0,0,0,0,0,553
org.pitest.mutationtest.engine.gregor.mutators.NegateConditionalsMutator,622117,6686,0,0,1,1,1,5152,742
org.pitest.mutationtest.engine.gregor.mutators.experimental.MemberVariableMutator,627271,6168,0,0,0,0,0,0,479
org.mudebug.prapr.mutators.ArgumentListMutator_2,627273,517,0,0,0,0,0,0,103
org.mudebug.prapr.mutators.FieldNameMutator_0,627275,1106,0,0,0,0,0,5,1077
org.pitest.mutationtest.engine.gregor.mutators.VoidMethodCallMutator,627282,7058,0,0,1,1,1,5538,247
org.mudebug.prapr.mutators.ArgumentListMutator_0,632822,7059,0,0,0,0,0,11,548
org.pitest.mutationtest.engine.gregor.mutators.experimental.MemberVariableMutator,632835,4261,0,0,0,0,0,0,471
org.pitest.mutationtest.engine.gregor.mutators.ReturnValsMutator,632837,1106,0,0,0,0,0,5,1204
org.mudebug.prapr.mutators.MethCallResultGuard_2,632844,7759,0,0,0,0,0,0,422
org.mudebug.prapr.mutators.ArithmeticOperatorReplacement_7,632846,553,0,0,0,0,0,28,267
org.mudebug.prapr.mutators.LocalToFieldAccessMutator_0,632876,6689,0,0,0,0,0,0,786
org.pitest.mutationtest.engine.gregor.mutators.experimental.MemberVariableMutator,632878,7613,0,0,0,0,0,0,62
org.mudebug.prapr.mutators.FieldToLocalAccessMutator_2,632880,6652,0,0,1,1,1,5084,398
org.mudebug.prapr.mutators.ArgumentListMutator_3,637966,5213,0,0,0,0,0,0,89
org.mudebug.prapr.mutators.ReturningDereferenceGuardMutator_1,637968,6652,0,0,0,0,0,0,393
org.mudebug.prapr.mutators.FieldNameMutator_3,637970,7059,0,0,0,0,0,76,547
org.mudebug.prapr.mutators.MethodNameMutator_4,638048,517,0,0,0,0,0,1393,96
org.mudebug.prapr.mutators.LocalNameMutator_0,639443,1245,0,0,1,1,1,19,714
org.mudebug.prapr.mutators.LocalToFieldAccessMutator_3,639464,6744,0,0,1,1,1,1245,1888
org.pitest.mutationtest.engine.gregor.mutators.experimental.NakedReceiverMutator,640711,334,0,0,0,0,0,26,382
org.pitest.mutationtest.engine.gregor.mutators.RemoveConditionalMutator_EQUAL_IF,640739,7215,0,0,0,0,0,779,132
org.mudebug.prapr.mutators.LocalToFieldAccessMutator_3,641520,6697,0,0,1,1,1,44,844
org.mudebug.prapr.mutators.RelationalOperatorReplacement_1,641569,7198,0,0,0,0,0,0,67
org.mudebug.prapr.mutators.FieldNameMutator_0,641571,7058,0,0,1,1,1,5538,399
org.mudebug.prapr.mutators.ArgumentListMutator_3,647111,5212,0,0,1,1,1,2868,51
org.mudebug.prapr.mutators.FieldNameMutator_4,649981,7058,0,0,0,0,0,2106,297
org.mudebug.prapr.mutators.FieldNameMutator_4,652089,1777,0,0,0,0,0,48,757
org.pitest.mutationtest.engine.gregor.mutators.NonVoidMethodCallMutator,652139,369,0,0,1,1,1,3741,807
org.mudebug.prapr.mutators.MethodNameMutator_0,655882,7058,0,0,0,0,0,0,539
org.mudebug.prapr.mutators.LocalToFieldAccessMutator_3,655884,6672,0,0,1,1,1,5821,552
org.mudebug.prapr.mutators.ArgumentListMutator_1,661707,6725,0,0,0,1,1,0,1369
org.mudebug.prapr.mutators.ReturningDereferenceGuardMutator_4,661709,247,0,0,0,0,0,0,247
org.mudebug.prapr.mutators.LocalToFieldAccessMutator_1,661713,6743,0,0,1,1,1,2894,1867
org.mudebug.prapr.mutators.FieldToLocalAccessMutator_0,664609,6652,0,0,1,1,1,4167,397
org.pitest.mutationtest.engine.gregor.mutators.experimental.RemoveSwitchMutator_43,668778,6415,0,0,0,0,0,0,273
org.mudebug.prapr.mutators.LocalNameMutator_2,668780,6728,0,0,0,0,0,599,1420
org.mudebug.prapr.mutators.FieldAccessToMethodCallMutator_2,669381,6684,0,0,1,1,1,757,706
org.pitest.mutationtest.engine.gregor.mutators.VoidMethodCallMutator,670140,7379,0,0,0,0,0,6,390
org.pitest.mutationtest.engine.gregor.mutators.experimental.RemoveSwitchMutator_3,670148,1231,0,0,0,0,0,3,59
org.mudebug.prapr.mutators.MethodNameMutator_5,670153,7257,0,0,0,0,0,0,810
org.pitest.mutationtest.engine.gregor.mutators.NonVoidMethodCallMutator,670155,7052,0,0,1,1,1,5538,128
org.mudebug.prapr.mutators.ArgumentListMutator_1,675695,7305,0,0,1,1,1,5538,208
org.pitest.mutationtest.engine.gregor.mutators.VoidMethodCallMutator,681235,7247,0,0,0,0,0,0,597
org.mudebug.prapr.mutators.MethodNameMutator_2,681237,1234,0,0,1,1,1,3,309
org.pitest.mutationtest.engine.gregor.mutators.BooleanTrueReturnValsMutator,681242,1236,1,0,0,0,0,12,533
org.mudebug.prapr.mutators.FieldNameMutator_1,681256,1777,0,0,0,0,0,0,670
org.mudebug.prapr.mutators.ReturningDereferenceGuardMutator_1,681258,1109,0,0,0,0,0,0,1223
org.mudebug.prapr.mutators.RelationalOperatorReplacement_2,681260,3489,0,0,0,0,0,0,268
org.mudebug.prapr.mutators.VoidMethodCallGuardMutator,681262,3389,0,0,0,0,0,0,93
org.mudebug.prapr.mutators.MethCallResultGuard_0,681264,6706,0,0,0,0,0,0,931
org.pitest.mutationtest.engine.gregor.mutators.experimental.MemberVariableMutator,681266,703,0,0,0,0,0,1,46
org.pitest.mutationtest.engine.gregor.mutators.experimental.MemberVariableMutator,681269,7503,0,0,0,0,0,1036,448
org.mudebug.prapr.mutators.DereferenceGuardMutator_1,682307,6652,0,0,0,0,0,0,393
org.mudebug.prapr.mutators.FieldNameMutator_2,682309,5378,0,0,0,0,0,79,1083
org.mudebug.prapr.mutators.FieldAccessToMethodCallMutator_2,682390,6684,0,0,0,0,0,0,703
org.pitest.mutationtest.engine.gregor.mutators.BooleanFalseReturnValsMutator,682392,7198,0,0,0,0,0,1756,70
org.pitest.mutationtest.engine.gregor.mutators.NegateConditionalsMutator,684150,3563,0,0,0,1,1,70,307
org.mudebug.prapr.mutators.ReturningDereferenceGuardMutator_3,684222,1133,0,0,0,0,0,0,1633
org.pitest.mutationtest.engine.gregor.mutators.NonVoidMethodCallMutator,684224,551,0,0,1,1,1,4299,215
org.pitest.mutationtest.engine.gregor.mutators.NegateConditionalsMutator,688525,3514,0,0,1,1,1,5204,968
org.pitest.mutationtest.engine.gregor.mutators.InlineConstantMutator,693731,7219,0,0,1,1,1,5538,172
org.mudebug.prapr.mutators.MethCallResultGuard_2,699271,4411,0,0,0,0,0,0,493
org.mudebug.prapr.mutators.RelationalOperatorReplacement_3,699273,5356,0,0,0,0,0,0,76
org.mudebug.prapr.mutators.FieldNameMutator_2,699275,1777,0,0,0,0,0,0,632
org.pitest.mutationtest.engine.gregor.mutators.RemoveConditionalMutator_EQUAL_IF,699277,3664,0,0,1,1,1,862,2189
org.mudebug.prapr.mutators.LocalNameMutator_0,700141,5358,0,0,0,0,0,3,750
org.mudebug.prapr.mutators.ArgumentListMutator_2,700146,7764,0,0,0,0,0,0,481
org.pitest.mutationtest.engine.gregor.mutators.VoidMethodCallMutator,700148,1044,0,1,1,1,1,2568,281
org.mudebug.prapr.mutators.MethodNameMutator_6,702717,7257,0,0,1,1,1,5538,810
org.mudebug.prapr.mutators.LocalNameMutator_0,708257,5356,0,0,1,1,1,2620,181
org.mudebug.prapr.mutators.DereferenceGuardMutator_3,710879,1119,0,0,0,0,0,0,1435
org.mudebug.prapr.mutators.LocalToFieldAccessMutator_0,710881,551,0,0,1,1,1,4299,212
org.mudebug.prapr.mutators.ReturningDereferenceGuardMutator_3,715182,7263,0,0,0,0,0,0,850
org.pitest.mutationtest.engine.gregor.mutators.experimental.MemberVariableMutator,715184,2306,0,0,1,1,1,5291,32
org.mudebug.prapr.mutators.MethCallResultGuard_0,720477,1234,0,0,0,0,0,0,312
org.mudebug.prapr.mutators.FieldNameMutator_1,720479,1106,0,0,0,0,0,0,1185
org.mudebug.prapr.mutators.FieldAccessToMethodCallMutator_0,720481,4410,0,0,1,1,1,5225,444
org.mudebug.prapr.mutators.FieldToLocalAccessMutator_1,725708,6678,0,0,1,1,1,4629,610
org.mudebug.prapr.mutators.MethodNameMutator_1,730339,4157,0,1,1,1,1,2594,93
org.mudebug.prapr.mutators.RelationalOperatorReplacement_3,732934,5357,0,0,0,0,0,2,703
org.pitest.mutationtest.engine.gregor.mutators.ReturnValsMutator,732938,4679,0,0,0,0,0,305,115
org.mudebug.prapr.mutators.FieldNameMutator_0,733245,6169,0,0,0,0,0,5,500
org.pitest.mutationtest.engine.gregor.mutators.NonVoidMethodCallMutator,733252,6987,0,0,0,0,0,44,154
org.mudebug.prapr.mutators.MethodNameMutator_1,733298,5356,0,0,1,1,1,193,522
org.mudebug.prapr.mutators.FieldNameMutator_4,733493,1777,0,0,0,0,0,0,707
org.mudebug.prapr.mutators.MethodNameMutator_2,733495,7204,0,0,0,0,0,7,135
org.mudebug.prapr.mutators.ReturningDereferenceGuardMutator_0,733504,6687,0,0,0,0,0,5,758
org.mudebug.prapr.mutators.LocalToFieldAccessMutator_4,733511,6691,0,0,0,0,0,495,800
org.pitest.mutationtest.engine.gregor.mutators.BooleanTrueReturnValsMutator,734008,1134,0,0,0,0,0,0,1638
org.pitest.mutationtest.engine.gregor.mutators.experimental.RemoveSwitchMutator_90,734010,5356,0,0,0,0,0,0,117
org.mudebug.prapr.mutators.RelationalOperatorReplacement_1,734012,1234,0,0,0,0,0,0,302
org.mudebug.prapr.mutators.ArgumentListMutator_1,734014,6725,0,0,1,1,1,1,1369
org.mudebug.prapr.mutators.LocalToFieldAccessMutator_2,734017,6728,0,0,0,1,1,2533,1421
org.mudebug.prapr.mutators.ArgumentListMutator_3,736552,6706,0,0,0,1,1,2,977
org.mudebug.prapr.mutators.MethodNameMutator_1,736556,3411,0,0,0,0,0,0,44
org.mudebug.prapr.mutators.FieldAccessToMethodCallMutator_3,736558,6678,0,0,1,1,1,5985,605
org.mudebug.prapr.mutators.FieldNameMutator_3,742545,1777,0,0,0,0,0,0,756
org.mudebug.prapr.mutators.MethodNameMutator_2,742547,7057,0,0,1,1,1,5538,229
org.mudebug.prapr.mutators.MethCallResultGuard_0,748087,7241,0,0,0,0,0,0,430
org.mudebug.prapr.mutators.FieldNameMutator_0,748089,1234,0,0,0,0,0,0,302
org.mudebug.prapr.mutators.MethCallResultGuard_0,748091,3675,0,0,0,0,0,0,2358
org.pitest.mutationtest.engine.gregor.mutators.NonVoidMethodCallMutator,748093,7503,0,0,0,0,0,18,450
org.mudebug.prapr.mutators.RelationalOperatorReplacement_3,748113,1053,0,0,0,1,1,4558,433
org.mudebug.prapr.mutators.MethodNameMutator_3,752673,1248,0,0,0,0,0,4,870
org.pitest.mutationtest.engine.gregor.mutators.experimental.RemoveSwitchMutator_30,752679,495,0,0,0,0,0,5,119
org.pitest.mutationtest.engine.gregor.mutators.ConditionalsBoundaryMutator,752686,7199,0,0,1,1,1,5538,84
org.mudebug.prapr.mutators.MethodNameMutator_1,758226,5358,0,0,0,0,0,0,759
org.mudebug.prapr.mutators.MethCallResultGuard_2,758228,7106,0,0,0,0,0,0,1128
org.mudebug.prapr.mutators.ArgumentListMutator_4,758230,7300,0,0,1,1,1,5538,71
org.mudebug.prapr.mutators.LocalNameMutator_0,763770,1234,0,0,0,1,1,10,275
org.mudebug.prapr.mutators.MethodNameMutator_9,763782,6931,0,0,0,0,0,307,852
org.pitest.mutationtest.engine.gregor.mutators.NegateConditionalsMutator,764091,7231,0,0,1,1,1,5543,260
org.pitest.mutationtest.engine.gregor.mutators.NonVoidMethodCallMutator,769636,1245,0,0,1,1,1,20,719
org.mudebug.prapr.mutators.MethCallResultGuard_1,769658,1234,0,0,0,0,0,0,276
org.pitest.mutationtest.engine.gregor.mutators.InlineConstantMutator,769660,5356,0,0,0,0,0,0,344
org.mudebug.prapr.mutators.NonVoidMethodCallGuardMutator_0,769662,1245,0,0,0,0,0,0,714
org.mudebug.prapr.mutators.FieldNameMutator_0,769664,7058,0,0,1,1,1,5538,358
org.pitest.mutationtest.engine.gregor.mutators.NullReturnValsMutator,775204,328,0,0,1,1,1,4458,282
org.mudebug.prapr.mutators.FieldAccessToMethodCallMutator_2,779664,1777,0,0,0,0,0,0,649
org.pitest.mutationtest.engine.gregor.mutators.NonVoidMethodCallMutator,779666,6987,0,0,0,0,0,44,153
org.mudebug.prapr.mutators.LocalNameMutator_1,779712,7058,0,0,0,0,0,18,389
org.pitest.mutationtest.engine.gregor.mutators.experimental.RemoveSwitchMutator_95,779732,3636,0,0,0,0,0,0,1649
org.pitest.mutationtest.engine.gregor.mutators.experimental.RemoveSwitchMutator_16,779734,495,0,0,0,0,0,6,119
org.pitest.mutationtest.engine.gregor.mutators.ReturnValsMutator,779742,1237,0,0,1,1,1,18,545
org.mudebug.prapr.mutators.MethodNameMutator_2,779762,6973,0,0,0,0,0,81,71
org.mudebug.prapr.mutators.DereferenceGuardMutator_3,779845,1134,0,0,0,0,0,5,1638
org.mudebug.prapr.mutators.RelationalOperatorReplacement_1,779852,5356,0,0,1,1,1,2243,575
org.mudebug.prapr.mutators.ArgumentListMutator_1,782097,6706,0,0,0,1,1,2,976
org.pitest.mutationtest.engine.gregor.mutators.RemoveConditionalMutator_EQUAL_ELSE,782101,6728,0,0,0,1,1,1476,1419
org.mudebug.prapr.mutators.ReturningDereferenceGuardMutator_4,783579,1083,0,0,0,0,0,0,844
org.pitest.mutationtest.engine.gregor.mutators.BooleanTrueReturnValsMutator,783581,3587,0,0,0,0,0,762,1030
org.mudebug.prapr.mutators.FieldAccessToMethodCallMutator_3,784345,6651,0,0,1,1,1,4342,380
org.mudebug.prapr.mutators.LocalNameMutator_0,788689,7058,0,0,0,0,0,9,476
org.pitest.mutationtest.engine.gregor.mutators.experimental.MemberVariableMutator,788700,543,0,0,1,1,1,5365,89
org.mudebug.prapr.mutators.LocalToFieldAccessMutator_1,794067,6744,0,0,1,1,1,937,1889
org.mudebug.prapr.mutators.LocalNameMutator_0,795006,7058,0,0,0,0,0,2257,311
org.pitest.mutationtest.engine.gregor.mutators.InlineConstantMutator,797265,517,0,0,0,1,1,83,106
org.pitest.mutationtest.engine.gregor.mutators.RemoveConditionalMutator_EQUAL_ELSE,797350,545,0,0,0,0,0,3,131
org.mudebug.prapr.mutators.LocalToFieldAccessMutator_2,797358,6684,0,0,0,0,0,72,713
org.mudebug.prapr.mutators.RelationalOperatorReplacement_2,797432,7233,0,0,0,0,0,5,291
org.mudebug.prapr.mutators.RelationalOperatorReplacement_2,797439,7061,0,0,0,0,0,2,576
org.mudebug.prapr.mutators.FieldAccessToMethodCallMutator_0,797443,6651,0,0,1,1,1,1997,377
org.mudebug.prapr.mutators.FieldAccessToMethodCallMutator_0,799442,6742,0,0,1,1,1,2939,1855
org.pitest.mutationtest.engine.gregor.mutators.VoidMethodCallMutator,802383,1038,0,0,0,0,0,0,191
org.mudebug.prapr.mutators.RelationalOperatorReplacement_0,802385,7302,0,0,0,0,0,1945,105
org.mudebug.prapr.mutators.ArgumentListMutator_0,804332,1106,0,0,1,1,1,2980,1082
org.pitest.mutationtest.engine.gregor.mutators.InlineConstantMutator,807314,6706,0,0,0,1,1,9,931
org.pitest.mutationtest.engine.gregor.mutators.RemoveConditionalMutator_EQUAL_ELSE,807325,5356,0,0,0,0,0,3,505
org.mudebug.prapr.mutators.RelationalOperatorReplacement_1,807330,3489,0,0,0,0,0,0,268
org.mudebug.prapr.mutators.ArgumentListMutator_1,807332,543,0,0,0,0,0,9,85
org.mudebug.prapr.mutators.DereferenceGuardMutator_0,807343,6678,0,0,0,0,0,0,603
org.mudebug.prapr.mutators.LocalToFieldAccessMutator_0,807345,6697,0,0,0,1,1,0,851
org.mudebug.prapr.mutators.FieldToLocalAccessMutator_0,807347,503,0,0,0,0,0,392,66
org.mudebug.prapr.mutators.NonVoidMethodCallGuardMutator_0,807741,551,0,0,0,0,0,5,205
org.pitest.mutationtest.engine.gregor.mutators.experimental.RemoveSwitchMutator_3,807748,1245,0,0,0,0,0,8,675
org.pitest.mutationtest.engine.gregor.mutators.experimental.NakedReceiverMutator,807758,6725,0,0,0,1,1,0,1369
org.mudebug.prapr.mutators.LocalNameMutator_0,807760,2967,0,0,0,0,0,25,614
org.mudebug.prapr.mutators.ReturningDereferenceGuardMutator_1,807787,7302,0,0,0,0,0,0,110
org.mudebug.prapr.mutators.DereferenceGuardMutator_0,807789,6652,0,0,0,0,0,5,395
org.pitest.mutationtest.engine.gregor.mutators.VoidMethodCallMutator,807799,6697,0,0,0,1,1,0,854
org.pitest.mutationtest.engine.gregor.mutators.experimental.MemberVariableMutator,807801,4392,0,0,0,0,0,3812,211
org.mudebug.prapr.mutators.FieldNameMutator_5,811615,7058,0,0,0,0,0,1762,294
org.mudebug.prapr.mutators.LocalToFieldAccessMutator_2,813379,1106,0,0,0,0,0,5,1178
org.pitest.mutationtest.engine.gregor.mutators.VoidMethodCallMutator,813386,6652,0,0,0,0,0,0,391
org.pitest.mutationtest.engine.gregor.mutators.RemoveConditionalMutator_EQUAL_IF,813388,7503,0,0,0,0,0,18,446
org.mudebug.prapr.mutators.ArgumentListMutator_5,813410,7379,0,0,0,0,0,5,390
org.mudebug.prapr.mutators.MethodNameMutator_7,813417,1046,0,0,0,0,0,3948,331
org.mudebug.prapr.mutators.ArithmeticOperatorDeletion_0,817367,553,0,0,0,0,0,40,267
org.mudebug.prapr.mutators.FieldNameMutator_3,817409,1777,0,0,0,0,0,0,643
org.mudebug.prapr.mutators.LocalNameMutator_0,817411,6684,0,0,0,0,0,448,714
org.mudebug.prapr.mutators.FieldAccessToMethodCallMutator_0,817861,1777,0,0,0,0,0,55,83
org.mudebug.prapr.mutators.FieldNameMutator_0,817918,556,0,0,0,1,1,2208,1186
org.pitest.mutationtest.engine.gregor.mutators.NonVoidMethodCallMutator,820128,6931,0,0,0,0,0,103,852
org.mudebug.prapr.mutators.MethCallResultGuard_0,820233,3514,0,0,1,1,1,5204,967
org.mudebug.prapr.mutators.ReturningDereferenceGuardMutator_1,825439,3417,0,0,0,0,0,0,100
org.mudebug.prapr.mutators.MethCallResultGuard_2,825441,7058,0,0,0,0,0,0,398
org.mudebug.prapr.mutators.RelationalOperatorReplacement_2,825443,5358,0,0,0,0,0,0,742
org.mudebug.prapr.mutators.MethCallResultGuard_0,825445,1053,0,0,0,0,0,130,442
org.pitest.mutationtest.engine.gregor.mutators.RemoveConditionalMutator_EQUAL_IF,825577,4410,0,0,0,1,1,3297,445
org.mudebug.prapr.mutators.ArgumentListMutator_5,828876,6710,0,0,1,1,1,44,1067
org.mudebug.prapr.mutators.RelationalOperatorReplacement_1,828922,7302,0,0,0,0,0,1942,105
org.mudebug.prapr.mutators.FieldNameMutator_4,830866,1777,0,0,0,0,0,74,732
org.pitest.mutationtest.engine.gregor.mutators.BooleanTrueReturnValsMutator,830942,1144,0,0,0,1,1,2978,1740
org.pitest.mutationtest.engine.gregor.mutators.InlineConstantMutator,833922,5375,0,0,0,1,1,130,1031
org.mudebug.prapr.mutators.FieldAccessToMethodCallMutator_0,834054,7232,0,0,0,0,0,13,272
org.pitest.mutationtest.engine.gregor.mutators.VoidMethodCallMutator,834069,545,0,0,0,0,0,16,139
org.mudebug.prapr.mutators.MethCallResultGuard_1,834087,7058,0,0,0,0,0,0,347
org.mudebug.prapr.mutators.RelationalOperatorReplacement_3,834089,7302,0,0,0,0,0,1979,110
org.mudebug.prapr.mutators.FieldNameMutator_0,836072,3711,0,0,0,0,0,1,72
org.mudebug.prapr.mutators.LocalToFieldAccessMutator_2,836075,6711,0,0,1,1,1,5365,1129
org.mudebug.prapr.mutators.ReturningDereferenceGuardMutator_0,841442,6652,0,0,0,0,0,0,393
org.mudebug.prapr.mutators.LocalToFieldAccessMutator_2,841444,6728,0,0,0,1,1,4,1413
org.mudebug.prapr.mutators.NonVoidMethodCallGuardMutator_0,841450,347,0,0,0,0,0,23,539
org.mudebug.prapr.mutators.MethCallResultGuard_2,841475,7058,0,0,0,0,0,0,527
org.mudebug.prapr.mutators.ReturningDereferenceGuardMutator_3,841477,1132,0,0,0,0,0,0,1627
org.mudebug.prapr.mutators.LocalToFieldAccessMutator_1,841479,1082,0,0,0,0,0,0,834
org.mudebug.prapr.mutators.FieldAccessToMethodCallMutator_1,841481,7503,0,0,0,0,0,1888,444
org.mudebug.prapr.mutators.NonVoidMethodCallGuardMutator_0,843371,159,0,0,0,0,0,0,649
org.mudebug.prapr.mutators.LocalNameMutator_0,843373,6652,0,0,1,1,1,4974,401
org.mudebug.prapr.mutators.MethodNameMutator_2,848349,1245,0,0,1,1,1,19,713
org.mudebug.prapr.mutators.MethodNameMutator_2,848370,4411,0,0,1,1,1,4269,500
org.pitest.mutationtest.engine.gregor.mutators.InlineConstantMutator,852641,5356,0,0,0,0,0,4,88
org.pitest.mutationtest.engine.gregor.mutators.RemoveConditionalMutator_EQUAL_ELSE,852647,245,0,0,0,0,0,2,198
org.mudebug.prapr.mutators.MethCallResultGuard_0,852651,7059,0,0,0,0,0,5,548
org.mudebug.prapr.mutators.DereferenceGuardMutator_3,852658,1119,0,0,0,0,0,0,1439
org.mudebug.prapr.mutators.MethCallResultGuard_0,852660,1245,0,0,0,0,0,0,718
org.mudebug.prapr.mutators.FieldAccessToMethodCallMutator_3,852662,1777,0,0,0,0,0,0,694
org.mudebug.prapr.mutators.LocalToFieldAccessMutator_3,852664,6684,0,0,0,0,0,207,701
org.mudebug.prapr.mutators.FieldNameMutator_3,852873,5351,0,0,0,0,0,0,48
org.mudebug.prapr.mutators.FieldNameMutator_2,852875,1106,0,0,1,1,1,2980,1097
org.mudebug.prapr.mutators.MethodNameMutator_8,855857,6743,0,0,1,1,1,2929,1867
org.pitest.mutationtest.engine.gregor.mutators.NonVoidMethodCallMutator,858788,4680,0,0,0,0,0,24,120
org.mudebug.prapr.mutators.MethCallResultGuard_2,858814,551,0,0,0,0,0,23,214
org.pitest.mutationtest.engine.gregor.mutators.ReturnValsMutator,858839,7501,0,0,0,0,0,198,425
org.mudebug.prapr.mutators.RelationalOperatorReplacement_0,859039,6706,0,0,0,1,1,2,973
org.mudebug.prapr.mutators.MethodNameMutator_2,859043,517,0,0,0,0,0,1393,96
org.mudebug.prapr.mutators.ReturningDereferenceGuardMutator_4,860438,1083,0,0,0,0,0,0,844
org.mudebug.prapr.mutators.FieldNameMutator_0,860440,6684,0,0,0,0,0,108,711
org.mudebug.prapr.mutators.DereferenceGuardMutator_0,860550,7303,0,0,0,0,0,0,160
org.pitest.mutationtest.engine.gregor.mutators.experimental.RemoveSwitchMutator_13,860552,5356,0,0,0,0,0,0,117
org.pitest.mutationtest.engine.gregor.mutators.ConstructorCallMutator,860554,7058,0,0,1,1,1,5538,361
org.mudebug.prapr.mutators.MethCallResultGuard_2,866094,7058,0,0,0,0,0,0,317
org.mudebug.prapr.mutators.FieldToLocalAccessMutator_0,866096,6689,0,0,0,0,0,5,782
org.mudebug.prapr.mutators.LocalToFieldAccessMutator_0,866103,551,0,0,0,1,1,2674,222
org.mudebug.prapr.mutators.ArgumentListMutator_4,868779,7058,0,0,1,1,1,5538,439
org.mudebug.prapr.mutators.LocalToFieldAccessMutator_2,874319,6697,0,0,1,1,1,27,851
org.mudebug.prapr.mutators.MethodNameMutator_8,874348,7250,0,0,0,0,0,18,662
org.mudebug.prapr.mutators.NonVoidMethodCallGuardMutator_0,874368,3558,0,0,0,0,0,0,128
org.mudebug.prapr.mutators.VoidMethodCallGuardMutator,874370,332,0,0,0,0,0,0,346
org.mudebug.prapr.mutators.DereferenceGuardMutator_3,874374,3389,0,0,0,0,0,0,92
org.mudebug.prapr.mutators.FieldNameMutator_1,874376,6683,0,0,0,0,0,39,686
org.mudebug.prapr.mutators.LocalToFieldAccessMutator_2,874417,6743,0,0,1,1,1,2901,1874
org.mudebug.prapr.mutators.MethodNameMutator_0,877320,6725,0,0,1,1,1,1,1369
org.pitest.mutationtest.engine.gregor.mutators.NonVoidMethodCallMutator,877323,7302,0,0,0,0,0,14,127
org.pitest.mutationtest.engine.gregor.mutators.experimental.MemberVariableMutator,877339,1777,0,0,0,0,0,0,693
org.mudebug.prapr.mutators.MethodNameMutator_6,877341,7557,0,0,0,0,0,75,76
org.mudebug.prapr.mutators.DereferenceGuardMutator_0,877418,5214,0,0,0,0,0,0,112
org.mudebug.prapr.mutators.ReturningDereferenceGuardMutator_1,877420,6684,0,0,0,0,0,4,711
org.mudebug.prapr.mutators.FieldNameMutator_5,877426,1777,0,0,0,0,0,5,652
org.pitest.mutationtest.engine.gregor.mutators.InlineConstantMutator,877433,1777,0,0,0,0,0,12,663
org.mudebug.prapr.mutators.ArgumentListMutator_0,877447,4411,0,0,0,0,0,23,472
org.pitest.mutationtest.engine.gregor.mutators.RemoveConditionalMutator_EQUAL_IF,877472,5356,0,0,0,0,0,25,490
org.mudebug.prapr.mutators.FieldNameMutator_3,877499,1777,0,0,0,0,0,0,669
org.mudebug.prapr.mutators.LocalNameMutator_1,877501,7058,0,0,0,0,0,17,368
org.mudebug.prapr.mutators.MethCallResultGuard_1,877520,1042,0,0,0,0,0,5,243
org.mudebug.prapr.mutators.MethCallResultGuard_1,877527,1119,0,0,0,0,0,0,1434
org.mudebug.prapr.mutators.ReturningDereferenceGuardMutator_3,877529,1047,0,0,0,0,0,0,339
org.pitest.mutationtest.engine.gregor.mutators.ConstructorCallMutator,877531,7058,0,0,1,1,1,5538,249
org.mudebug.prapr.mutators.MethodNameMutator_3,883071,1234,0,0,1,1,1,3,310
org.pitest.mutationtest.engine.gregor.mutators.InlineConstantMutator,883076,4256,0,0,0,0,0,0,385
org.mudebug.prapr.mutators.ReturningDereferenceGuardMutator_0,883078,5213,0,0,0,0,0,0,91
org.pitest.mutationtest.engine.gregor.mutators.RemoveConditionalMutator_EQUAL_ELSE,883080,7250,0,0,0,0,0,50,664
org.mudebug.prapr.mutators.RelationalOperatorReplacement_3,883132,1562,0,0,0,0,0,1,217
org.mudebug.prapr.mutators.FieldNameMutator_2,883135,6683,0,0,0,0,0,39,686
org.mudebug.prapr.mutators.FieldNameMutator_0,883176,5356,0,0,0,0,0,28,576
org.pitest.mutationtest.engine.gregor.mutators.experimental.RemoveSwitchMutator_11,883206,3587,0,0,0,0,0,1,1015
org.mudebug.prapr.mutators.FieldNameMutator_4,883209,1777,0,0,0,0,0,0,745
org.mudebug.prapr.mutators.FieldNameMutator_4,883211,5356,0,0,0,0,0,4,505
org.mudebug.prapr.mutators.ReturningDereferenceGuardMutator_1,883217,7490,0,0,0,0,0,0,252
org.pitest.mutationtest.engine.gregor.mutators.ReturnValsMutator,883219,6698,0,0,0,1,1,165,859
org.pitest.mutationtest.engine.gregor.mutators.NonVoidMethodCallMutator,883386,3675,0,0,1,1,1,1954,2358
org.mudebug.prapr.mutators.RelationalOperatorReplacement_3,885342,5356,0,0,0,1,1,123,490
org.pitest.mutationtest.engine.gregor.mutators.experimental.MemberVariableMutator,885467,7052,0,0,1,1,1,5538,197
org.mudebug.prapr.mutators.FieldToLocalAccessMutator_1,891007,6683,0,0,1,1,1,814,688
org.pitest.mutationtest.engine.gregor.mutators.NonVoidMethodCallMutator,891823,551,0,0,0,0,0,37,223
org.mudebug.prapr.mutators.RelationalOperatorReplacement_0,891862,4667,0,0,0,0,0,0,67
org.pitest.mutationtest.engine.gregor.mutators.InlineConstantMutator,891864,5356,0,0,0,0,0,0,344
org.pitest.mutationtest.engine.gregor.mutators.RemoveConditionalMutator_EQUAL_IF,891866,1101,0,0,0,0,0,1002,1019
org.pitest.mutationtest.engine.gregor.mutators.NullReturnValsMutator,892870,7080,0,0,1,1,1,5538,809
org.mudebug.prapr.mutators.ArgumentListMutator_4,898410,7556,0,0,0,0,0,53,70
org.pitest.mutationtest.engine.gregor.mutators.ReturnValsMutator,898465,7080,0,0,1,1,1,5538,809
org.pitest.mutationtest.engine.gregor.mutators.experimental.RemoveSwitchMutator_92,904005,3636,0,0,1,1,1,90,1649
org.mudebug.prapr.mutators.FieldToLocalAccessMutator_0,904101,4411,0,0,0,0,0,23,484
org.mudebug.prapr.mutators.MethodNameMutator_0,904130,6652,0,0,0,0,0,0,389
org.pitest.mutationtest.engine.gregor.mutators.RemoveConditionalMutator_EQUAL_ELSE,904132,6697,0,0,1,1,1,27,849
org.pitest.mutationtest.engine.gregor.mutators.RemoveConditionalMutator_EQUAL_ELSE,904161,7233,0,0,0,0,0,0,291
org.pitest.mutationtest.engine.gregor.mutators.RemoveConditionalMutator_EQUAL_IF,904163,1564,0,0,0,0,0,0,262
org.mudebug.prapr.mutators.LocalNameMutator_0,904165,1046,0,0,1,1,1,4568,306
org.mudebug.prapr.mutators.DereferenceGuardMutator_3,908735,6721,0,0,0,0,0,1,1331
org.mudebug.prapr.mutators.ArgumentListMutator_0,908738,7058,0,0,1,1,1,5538,303
org.mudebug.prapr.mutators.MethCallResultGuard_0,914278,347,0,0,0,0,0,23,505
org.mudebug.prapr.mutators.MethCallResultGuard_1,914303,1245,0,0,0,0,0,0,727
org.mudebug.prapr.mutators.MethodNameMutator_2,914305,562,0,0,0,0,0,0,1210
org.mudebug.prapr.mutators.ReturningDereferenceGuardMutator_4,914307,1042,0,0,0,0,0,0,229
org.pitest.mutationtest.engine.gregor.mutators.NegateConditionalsMutator,914309,5357,0,0,1,1,1,539,703
org.mudebug.prapr.mutators.MethCallResultGuard_1,914850,1053,0,0,0,0,0,0,440
org.mudebug.prapr.mutators.FieldAccessToMethodCallMutator_1,914852,1777,0,0,0,0,0,0,737
org.mudebug.prapr.mutators.MethodNameMutator_1,914854,7058,0,0,1,1,1,5538,408
org.mudebug.prapr.mutators.MethodNameMutator_2,920394,7382,0,0,0,0,0,1847,442
org.mudebug.prapr.mutators.FieldAccessToMethodCallMutator_0,922243,6674,0,0,0,0,0,0,560
org.pitest.mutationtest.engine.gregor.mutators.InlineConstantMutator,922245,7058,0,0,0,0,0,5,439
org.pitest.mutationtest.engine.gregor.mutators.RemoveConditionalMutator_EQUAL_ELSE,922252,7302,0,0,0,0,0,60,98
org.mudebug.prapr.mutators.ArgumentListMutator_2,922314,6651,0,0,0,0,0,23,375
org.pitest.mutationtest.engine.gregor.mutators.InlineConstantMutator,922339,1564,0,0,0,0,0,2,262
org.mudebug.prapr.mutators.RelationalOperatorReplacement_0,922343,3558,0,0,0,0,0,17,114
org.mudebug.prapr.mutators.MethodNameMutator_7,922362,1231,0,0,0,0,0,4,72
org.mudebug.prapr.mutators.ArgumentListMutator_2,922368,7052,0,0,0,0,0,5,92
org.pitest.mutationtest.engine.gregor.mutators.NegateConditionalsMutator,922375,5356,0,0,0,1,1,211,340
org.mudebug.prapr.mutators.MethCallResultGuard_0,922588,346,0,0,0,0,0,0,490
org.mudebug.prapr.mutators.ReturningDereferenceGuardMutator_2,922590,3389,0,0,0,0,0,0,92
org.mudebug.prapr.mutators.DereferenceGuardMutator_0,922592,7556,0,0,0,0,0,0,70
org.mudebug.prapr.mutators.MethCallResultGuard_2,922594,551,0,1,1,1,1,2507,205
org.pitest.mutationtest.engine.gregor.mutators.NonVoidMethodCallMutator,925102,2306,0,0,1,1,1,5291,40
org.mudebug.prapr.mutators.ArgumentListMutator_0,930395,7131,0,0,1,1,1,5538,71
org.mudebug.prapr.mutators.NonVoidMethodCallGuardMutator_0,935935,7209,0,0,0,0,0,0,51
org.mudebug.prapr.mutators.ArithmeticOperatorReplacement_1,935937,6710,0,0,0,0,0,8,1071
org.mudebug.prapr.mutators.FieldNameMutator_4,935947,1777,0,0,0,0,0,0,695
org.mudebug.prapr.mutators.FieldToLocalAccessMutator_0,935952,6678,0,0,1,1,1,5985,606
org.mudebug.prapr.mutators.ArgumentListMutator_2,941939,3569,0,0,0,0,0,0,494
org.mudebug.prapr.mutators.NonVoidMethodCallGuardMutator_0,941941,7058,0,0,0,0,0,0,330
org.mudebug.prapr.mutators.MethCallResultGuard_0,941943,7059,0,0,0,0,0,0,545
org.mudebug.prapr.mutators.FieldNameMutator_3,941945,7058,0,0,0,0,0,0,266
org.pitest.mutationtest.engine.gregor.mutators.experimental.RemoveSwitchMutator_42,941947,3584,0,0,0,0,0,4,901
org.mudebug.prapr.mutators.ArgumentListMutator_1,941956,1313,0,0,0,0,0,0,84
org.pitest.mutationtest.engine.gregor.mutators.InlineConstantMutator,941958,551,0,0,0,1,1,2674,217
org.mudebug.prapr.mutators.LocalToFieldAccessMutator_2,944634,6744,0,0,1,1,1,937,1889
org.mudebug.prapr.mutators.ArgumentListMutator_0,945573,7059,0,0,1,1,1,5538,560
org.pitest.mutationtest.engine.gregor.mutators.BooleanTrueReturnValsMutator,951116,7503,0,0,0,0,0,2261,453
org.mudebug.prapr.mutators.RelationalOperatorReplacement_0,953379,1246,0,0,0,0,0,1,819
org.mudebug.prapr.mutators.ReturningDereferenceGuardMutator_0,953382,4415,0,0,0,0,0,0,546
org.mudebug.prapr.mutators.LocalNameMutator_1,953384,7058,0,0,0,0,0,108,314
org.pitest.mutationtest.engine.gregor.mutators.VoidMethodCallMutator,953494,1131,0,0,0,1,1,1471,1620
org.mudebug.prapr.mutators.LocalToFieldAccessMutator_2,954967,6743,0,0,1,1,1,2299,1869
org.pitest.mutationtest.engine.gregor.mutators.NegateConditionalsMutator,957268,1248,0,0,0,0,0,0,867
org.pitest.mutationtest.engine.gregor.mutators.NonVoidMethodCallMutator,957270,7059,0,0,1,1,1,5538,561
org.mudebug.prapr.mutators.ArithmeticOperatorReplacement_8,962810,347,0,0,0,0,0,6,539
org.mudebug.prapr.mutators.VoidMethodCallGuardMutator,962818,7052,0,0,0,0,0,5,199
org.mudebug.prapr.mutators.MethCallResultGuard_2,962825,346,0,0,0,0,0,23,490
org.pitest.mutationtest.engine.gregor.mutators.experimental.RemoveSwitchMutator_15,962850,3584,0,0,0,0,0,1,901
org.mudebug.prapr.mutators.ReturningDereferenceGuardMutator_0,962853,334,0,0,0,0,0,0,382
org.pitest.mutationtest.engine.gregor.mutators.NonVoidMethodCallMutator,962855,7382,0,0,0,0,0,26,431
org.mudebug.prapr.mutators.NonVoidMethodCallGuardMutator_0,962883,1245,0,0,0,0,0,0,804
org.mudebug.prapr.mutators.FieldNameMutator_2,962885,6652,0,0,1,1,1,4645,401
org.mudebug.prapr.mutators.MethodNameMutator_7,967539,1234,0,0,0,1,1,17,271
org.mudebug.prapr.mutators.MethCallResultGuard_0,967558,346,0,0,0,0,0,0,490
org.pitest.mutationtest.engine.gregor.mutators.VoidMethodCallMutator,967560,5356,0,0,0,1,1,221,351
org.mudebug.prapr.mutators.ReturningDereferenceGuardMutator_0,967783,6698,0,0,0,0,0,0,859
org.pitest.mutationtest.engine.gregor.mutators.InlineConstantMutator,967785,7383,0,0,0,0,0,1852,462
org.mudebug.prapr.mutators.LocalToFieldAccessMutator_0,969641,6706,0,0,1,1,1,27,974
org.mudebug.prapr.mutators.ReturningDereferenceGuardMutator_0,969670,6706,0,0,0,0,0,0,929
org.pitest.mutationtest.engine.gregor.mutators.experimental.MemberVariableMutator,969672,5212,0,0,1,1,1,2868,63
org.mudebug.prapr.mutators.FieldAccessToMethodCallMutator_0,972542,6651,0,0,0,0,0,0,380
org.mudebug.prapr.mutators.ReturningDereferenceGuardMutator_3,972544,4261,0,0,0,0,0,0,471
org.pitest.mutationtest.engine.gregor.mutators.experimental.MemberVariableMutator,972546,2457,0,0,1,1,1,5291,47
org.pitest.mutationtest.engine.gregor.mutators.NonVoidMethodCallMutator,977839,7198,0,0,0,0,0,553,68
org.mudebug.prapr.mutators.ArgumentListMutator_2,978394,1106,0,0,1,1,1,2933,1199
org.pitest.mutationtest.engine.gregor.mutators.RemoveConditionalMutator_ORDER_ELSE,981329,1046,0,0,0,0,0,97,314
org.mudebug.prapr.mutators.FieldNameMutator_3,981428,7058,0,0,1,1,1,5067,484
org.mudebug.prapr.mutators.FieldAccessToMethodCallMutator_1,986497,1777,0,0,0,0,0,0,679
org.mudebug.prapr.mutators.ReturningDereferenceGuardMutator_2,986499,1109,0,0,0,0,0,0,1223
org.mudebug.prapr.mutators.MethCallResultGuard_0,986501,370,0,0,0,0,0,0,814
org.mudebug.prapr.mutators.FieldAccessToMethodCallMutator_1,986503,6684,0,0,1,1,1,713,705
org.mudebug.prapr.mutators.FieldAccessToMethodCallMutator_3,987218,6742,0,0,1,1,1,2939,1853
org.mudebug.prapr.mutators.MethodNameMutator_2,990159,5362,0,0,1,1,1,2661,816
org.mudebug.prapr.mutators.LocalToFieldAccessMutator_0,992822,6706,0,0,0,1,1,2,977
org.pitest.mutationtest.engine.gregor.mutators.experimental.MemberVariableMutator,992826,1777,0,0,0,0,0,0,670
org.pitest.mutationtest.engine.gregor.mutators.InlineConstantMutator,992828,1777,0,0,0,0,0,24,739
org.mudebug.prapr.mutators.RelationalOperatorReplacement_1,992854,7200,0,0,0,0,0,0,95
org.mudebug.prapr.mutators.RelationalOperatorReplacement_2,992856,6713,0,0,0,1,1,2695,1147
org.mudebug.prapr.mutators.LocalNameMutator_1,995553,7058,0,0,0,0,0,6,373
org.mudebug.prapr.mutators.MethodNameMutator_6,995561,3611,0,0,1,1,1,4302,1327
org.mudebug.prapr.mutators.FieldNameMutator_3,999865,1119,0,0,1,1,1,2721,1439
org.mudebug.prapr.mutators.MethodNameMutator_2,1002588,1231,0,0,0,0,0,4,98
org.pitest.mutationtest.engine.gregor.mutators.experimental.MemberVariableMutator,1002594,6652,0,0,0,1,1,27,405
org.pitest.mutationtest.engine.gregor.mutators.NonVoidMethodCallMutator,1002623,4415,0,0,0,0,0,1,551
org.mudebug.prapr.mutators.LocalToFieldAccessMutator_0,1002626,6723,0,0,1,1,1,5017,1349
org.mudebug.prapr.mutators.FieldNameMutator_4,1007645,7058,0,0,1,1,1,5226,433
org.pitest.mutationtest.engine.gregor.mutators.NonVoidMethodCallMutator,1012873,1038,0,0,0,0,0,43,151
org.mudebug.prapr.mutators.MethodNameMutator_0,1012918,6987,0,0,0,0,0,0,155
org.pitest.mutationtest.engine.gregor.mutators.ReturnValsMutator,1012920,7378,0,0,1,1,1,5538,380
org.mudebug.prapr.mutators.FieldNameMutator_2,1018460,7059,0,0,0,0,0,1748,561
org.mudebug.prapr.mutators.LocalToFieldAccessMutator_3,1020210,6732,0,0,1,1,1,2706,1596
org.mudebug.prapr.mutators.RelationalOperatorReplacement_0,1022918,7204,0,0,0,0,0,143,135
org.mudebug.prapr.mutators.ArithmeticOperatorReplacement_2,1023063,7108,0,0,0,0,0,14,1153
org.mudebug.prapr.mutators.DereferenceGuardMutator_0,1023079,4413,0,0,0,0,0,0,523
org.mudebug.prapr.mutators.FieldNameMutator_0,1023081,1038,0,0,0,0,0,0,110
org.mudebug.prapr.mutators.DereferenceGuardMutator_3,1023083,7063,0,0,0,0,0,0,609
org.mudebug.prapr.mutators.ArgumentListMutator_2,1023085,1563,0,0,0,0,0,1,254
org.mudebug.prapr.mutators.LocalToFieldAccessMutator_3,1023088,6725,0,0,1,1,1,2799,1367
org.pitest.mutationtest.engine.gregor.mutators.PrimitiveReturnsMutator,1025894,6902,0,0,0,0,0,0,347
org.pitest.mutationtest.engine.gregor.mutators.experimental.RemoveSwitchMutator_48,1025896,5356,0,0,0,0,0,0,117
org.mudebug.prapr.mutators.MethodNameMutator_0,1025898,247,0,0,0,0,0,2,243
org.mudebug.prapr.mutators.DereferenceGuardMutator_3,1025902,7365,0,0,0,0,0,0,232
org.mudebug.prapr.mutators.LocalNameMutator_0,1025904,7008,0,0,0,0,0,0,503
org.mudebug.prapr.mutators.LocalNameMutator_1,1025906,5356,0,0,0,1,1,112,110
org.mudebug.prapr.mutators.MethodNameMutator_5,1026020,3626,0,0,1,1,1,4269,1516
org.pitest.mutationtest.engine.gregor.mutators.NonVoidMethodCallMutator,1030291,7052,0,0,0,0,0,2249,140
org.mudebug.prapr.mutators.ArgumentListMutator_0,1032542,6651,0,0,0,0,0,0,377
org.mudebug.prapr.mutators.ReturningDereferenceGuardMutator_0,1032544,6687,0,0,0,0,0,0,756
org.pitest.mutationtest.engine.gregor.mutators.NonVoidMethodCallMutator,1032546,504,0,0,0,0,0,5,83
org.pitest.mutationtest.engine.gregor.mutators.NullReturnValsMutator,1032553,1404,0,0,0,0,0,25,41
org.mudebug.prapr.mutators.RelationalOperatorReplacement_0,1032580,7061,0,0,1,1,1,5538,576
org.mudebug.prapr.mutators.DereferenceGuardMutator_3,1038120,7302,0,0,0,0,0,5,143
org.mudebug.prapr.mutators.FieldNameMutator_0,1038127,7058,0,0,1,1,1,5538,238
org.mudebug.prapr.mutators.ArgumentListMutator_1,1043667,6971,0,0,0,0,0,0,60
org.mudebug.prapr.mutators.RelationalOperatorReplacement_1,1043669,7108,0,0,0,0,0,1637,1154
org.mudebug.prapr.mutators.MethodNameMutator_0,1045308,7200,0,0,0,0,0,8,104
org.mudebug.prapr.mutators.FieldAccessToMethodCallMutator_3,1045318,6698,0,0,0,1,1,176,859
org.pitest.mutationtest.engine.gregor.mutators.ConditionalsBoundaryMutator,1045496,1563,0,0,0,0,0,1,251
org.pitest.mutationtest.engine.gregor.mutators.ReturnValsMutator,1045499,3636,0,0,1,1,1,90,1653
org.pitest.mutationtest.engine.gregor.mutators.RemoveConditionalMutator_EQUAL_IF,1045591,7790,0,0,0,0,0,216,315
org.mudebug.prapr.mutators.MethodNameMutator_8,1045809,7204,0,0,0,0,0,7,135
org.pitest.mutationtest.engine.gregor.mutators.VoidMethodCallMutator,1045818,7057,0,0,0,0,0,5,227
org.mudebug.prapr.mutators.MethCallResultGuard_1,1045825,334,0,0,0,0,0,0,382
org.mudebug.prapr.mutators.FieldNameMutator_1,1045827,7355,0,0,0,0,0,1804,116
org.pitest.mutationtest.engine.gregor.mutators.NonVoidMethodCallMutator,1047633,931,0,0,1,1,1,12,633
org.mudebug.prapr.mutators.FieldNameMutator_0,1047647,7215,0,0,1,1,1,5538,132
org.mudebug.prapr.mutators.MethCallResultGuard_0,1053187,244,0,0,0,0,0,23,187
org.mudebug.prapr.mutators.DereferenceGuardMutator_3,1053212,7232,0,0,0,0,0,0,272
org.mudebug.prapr.mutators.DereferenceGuardMutator_3,1053214,3244,0,0,0,0,0,0,77
org.mudebug.prapr.mutators.ReturningDereferenceGuardMutator_3,1053216,1131,0,0,0,0,0,0,1619
org.mudebug.prapr.mutators.MethodNameMutator_0,1053218,3611,0,0,0,0,0,0,1331
org.pitest.mutationtest.engine.gregor.mutators.InlineConstantMutator,1053220,517,0,0,0,0,0,1412,95
org.mudebug.prapr.mutators.FieldNameMutator_0,1054634,1042,0,0,0,0,0,0,256
org.mudebug.prapr.mutators.MethCallResultGuard_1,1054636,6725,0,0,0,0,0,0,1369
org.mudebug.prapr.mutators.MethodNameMutator_4,1054641,5365,0,0,0,0,0,2120,837
org.pitest.mutationtest.engine.gregor.mutators.ReturnValsMutator,1056763,7198,0,0,0,0,0,1756,70
org.mudebug.prapr.mutators.DereferenceGuardMutator_0,1058521,6743,0,0,0,0,0,0,1870
org.pitest.mutationtest.engine.gregor.mutators.InlineConstantMutator,1058523,1777,0,0,0,0,0,15,635
org.pitest.mutationtest.engine.gregor.mutators.NegateConditionalsMutator,1058540,5375,0,0,0,1,1,154,1033
org.mudebug.prapr.mutators.NonVoidMethodCallGuardMutator_0,1058696,7086,0,0,0,0,0,0,892
org.mudebug.prapr.mutators.MethodNameMutator_0,1058698,6710,0,0,0,1,1,6,1068
org.pitest.mutationtest.engine.gregor.mutators.InlineConstantMutator,1058706,1143,0,0,0,1,1,4473,1727
org.mudebug.prapr.mutators.LocalToFieldAccessMutator_0,1063181,3563,0,0,0,0,0,4,307
org.pitest.mutationtest.engine.gregor.mutators.RemoveConditionalMutator_EQUAL_ELSE,1063187,1234,0,0,0,1,1,10,275
org.mudebug.prapr.mutators.MethodNameMutator_0,1063199,346,0,0,1,1,1,2901,497
org.mudebug.prapr.mutators.MethodNameMutator_1,1066102,7215,0,0,0,0,0,2194,128
org.mudebug.prapr.mutators.DereferenceGuardMutator_0,1068298,329,0,0,0,0,0,5,295
org.mudebug.prapr.mutators.FieldToLocalAccessMutator_0,1068305,7215,0,0,0,0,0,7,142
org.mudebug.prapr.mutators.MethodNameMutator_7,1068314,5214,0,0,0,0,0,26,112
org.pitest.mutationtest.engine.gregor.mutators.RemoveConditionalMutator_EQUAL_IF,1068342,7131,0,0,0,0,0,1710,74
org.mudebug.prapr.mutators.MethCallResultGuard_2,1070054,244,0,0,0,0,0,23,187
org.pitest.mutationtest.engine.gregor.mutators.NonVoidMethodCallMutator,1070079,1119,0,0,0,0,0,0,1439
org.mudebug.prapr.mutators.ReturningDereferenceGuardMutator_0,1070081,343,0,0,0,0,0,0,464
org.mudebug.prapr.mutators.MethodNameMutator_1,1070083,551,0,0,0,0,0,117,223
org.mudebug.prapr.mutators.MethodNameMutator_7,1070202,6743,0,0,0,1,1,2906,1868
org.mudebug.prapr.mutators.LocalNameMutator_0,1073110,6683,0,0,1,1,1,894,688
org.pitest.mutationtest.engine.gregor.mutators.RemoveConditionalMutator_EQUAL_ELSE,1074014,1563,0,0,0,0,0,46,241
org.mudebug.prapr.mutators.FieldAccessToMethodCallMutator_2,1074062,6723,0,0,1,1,1,5010,1346
org.mudebug.prapr.mutators.NonVoidMethodCallGuardMutator_0,1079074,3592,0,0,0,0,0,0,1084
org.mudebug.prapr.mutators.FieldAccessToMethodCallMutator_3,1079076,1777,0,0,0,0,0,0,635
org.mudebug.prapr.mutators.FieldNameMutator_1,1079078,5363,0,0,0,0,0,28,828
org.mudebug.prapr.mutators.FieldNameMutator_2,1079108,1777,0,0,0,0,0,0,642
org.pitest.mutationtest.engine.gregor.mutators.InlineConstantMutator,1079115,1134,0,0,0,0,0,33,1638
org.mudebug.prapr.mutators.NonVoidMethodCallGuardMutator_0,1079150,347,0,0,0,0,0,0,548
org.mudebug.prapr.mutators.LocalToFieldAccessMutator_1,1079152,7064,0,0,0,0,0,11,619
org.mudebug.prapr.mutators.ArgumentListMutator_1,1079165,4392,0,0,1,1,1,5221,59
org.mudebug.prapr.mutators.RelationalOperatorReplacement_2,1084388,7497,0,0,0,0,0,4,377
org.mudebug.prapr.mutators.LocalToFieldAccessMutator_1,1084394,6744,0,0,1,1,1,937,1888
org.mudebug.prapr.mutators.MethCallResultGuard_1,1085333,5375,0,0,0,0,0,5,1032
org.mudebug.prapr.mutators.MethodNameMutator_0,1085340,7342,0,0,1,1,1,5543,92
org.mudebug.prapr.mutators.MethCallResultGuard_1,1090885,3558,0,0,0,0,0,0,122
org.mudebug.prapr.mutators.LocalToFieldAccessMutator_0,1090887,1132,0,0,0,0,0,2188,1627
org.mudebug.prapr.mutators.LocalNameMutator_0,1093077,6678,0,0,1,1,1,4870,607
org.mudebug.prapr.mutators.FieldToLocalAccessMutator_0,1097949,7302,0,0,0,0,0,0,110
org.mudebug.prapr.mutators.ReturningDereferenceGuardMutator_0,1097951,7057,0,0,0,0,0,0,231
org.pitest.mutationtest.engine.gregor.mutators.RemoveConditionalMutator_EQUAL_IF,1097953,7219,0,0,0,0,0,763,172
org.mudebug.prapr.mutators.MethodNameMutator_6,1098718,1245,0,0,1,1,1,72,673
org.mudebug.prapr.mutators.LocalNameMutator_1,1098792,7058,0,0,0,0,0,0,416
org.mudebug.prapr.mutators.RelationalOperatorReplacement_2,1098794,1560,0,0,0,0,0,0,189
org.mudebug.prapr.mutators.FieldAccessToMethodCallMutator_1,1098796,6683,0,0,0,0,0,0,686
org.pitest.mutationtest.engine.gregor.mutators.experimental.MemberVariableMutator,1098798,7613,0,0,0,0,0,5,61
org.mudebug.prapr.mutators.FieldToLocalAccessMutator_0,1098805,3489,0,0,0,0,0,0,251
org.pitest.mutationtest.engine.gregor.mutators.MathMutator,1098807,553,0,0,0,0,0,34,267
org.mudebug.prapr.mutators.FieldNameMutator_1,1098843,1777,0,0,0,0,0,0,748
org.pitest.mutationtest.engine.gregor.mutators.RemoveConditionalMutator_EQUAL_ELSE,1098845,5209,0,0,0,0,0,0,288
org.mudebug.prapr.mutators.DereferenceGuardMutator_0,1098847,6732,0,0,0,0,0,0,1618
org.mudebug.prapr.mutators.MethCallResultGuard_2,1098849,7058,0,0,0,0,0,0,340
org.mudebug.prapr.mutators.RelationalOperatorReplacement_3,1098851,5359,0,0,0,0,0,91,777
org.pitest.mutationtest.engine.gregor.mutators.NonVoidMethodCallMutator,1098944,5358,0,0,0,0,0,3,742
org.mudebug.prapr.mutators.ReturningDereferenceGuardMutator_0,1098949,5356,0,0,0,0,0,0,577
org.mudebug.prapr.mutators.MethodNameMutator_7,1098951,7200,0,0,0,0,0,2,104
org.mudebug.prapr.mutators.FieldAccessToMethodCallMutator_1,1098955,1777,0,0,0,0,0,0,696
org.mudebug.prapr.mutators.RelationalOperatorReplacement_3,1098957,3563,0,0,0,1,1,68,307
org.mudebug.prapr.mutators.MethodNameMutator_3,1099027,370,0,0,1,1,1,3117,817
org.mudebug.prapr.mutators.MethodNameMutator_0,1102146,5356,0,0,0,0,0,1,431
org.mudebug.prapr.mutators.LocalToFieldAccessMutator_2,1102149,6678,0,0,1,1,1,5985,607
org.pitest.mutationtest.engine.gregor.mutators.EmptyObjectReturnValsMutator,1108136,1118,0,0,0,1,1,115,1426
org.pitest.mutationtest.engine.gregor.mutators.RemoveConditionalMutator_EQUAL_IF,1108253,1554,0,0,0,1,1,184,139
org.mudebug.prapr.mutators.ArgumentListMutator_1,1108439,3569,0,0,0,0,0,0,494
org.mudebug.prapr.mutators.LocalNameMutator_0,1108441,6899,0,0,0,0,0,803,331
org.pitest.mutationtest.engine.gregor.mutators.NonVoidMethodCallMutator,1109246,1234,0,0,1,1,1,3,310
org.pitest.mutationtest.engine.gregor.mutators.experimental.RemoveSwitchMutator_2,1109251,1245,0,0,0,0,0,4,675
org.mudebug.prapr.mutators.ArithmeticOperatorDeletion_0,1109257,5356,0,0,0,0,0,9,110
org.mudebug.prapr.mutators.ArgumentListMutator_1,1109268,556,0,0,1,1,1,5365,1186
org.pitest.mutationtest.engine.gregor.mutators.NegateConditionalsMutator,1114635,1562,0,0,0,0,0,26,213
org.mudebug.prapr.mutators.ArithmeticOperatorReplacement_3,1114663,553,0,0,0,0,0,40,267
org.pitest.mutationtest.engine.gregor.mutators.experimental.MemberVariableMutator,1114705,1777,0,0,0,0,0,74,731
org.mudebug.prapr.mutators.MethodNameMutator_1,1114781,4411,0,0,0,0,0,2477,500
org.mudebug.prapr.mutators.ArgumentListMutator_2,1117260,347,0,0,0,0,0,0,505
org.mudebug.prapr.mutators.LocalNameMutator_2,1117262,7058,0,0,0,0,0,1,453
org.mudebug.prapr.mutators.ReturningDereferenceGuardMutator_0,1117274,6651,0,0,0,0,0,23,375
org.mudebug.prapr.mutators.ReturningDereferenceGuardMutator_4,1117299,7385,0,0,0,0,0,0,501
org.pitest.mutationtest.engine.gregor.mutators.experimental.MemberVariableMutator,1117301,1803,0,0,0,0,0,3,957
org.mudebug.prapr.mutators.NonVoidMethodCallGuardMutator_0,1117306,5214,0,0,0,0,0,5,112
org.mudebug.prapr.mutators.MethodNameMutator_0,1117313,1562,0,0,0,1,1,144,229
org.mudebug.prapr.mutators.MethodNameMutator_3,1117459,517,0,0,0,0,0,4,97
org.mudebug.prapr.mutators.MethodNameMutator_8,1117465,6986,0,0,1,1,1,5543,145
org.mudebug.prapr.mutators.MethCallResultGuard_1,1123010,6725,0,0,0,0,0,0,1369
org.mudebug.prapr.mutators.LocalNameMutator_0,1123012,6684,0,0,1,1,1,1018,697
org.pitest.mutationtest.engine.gregor.mutators.NonVoidMethodCallMutator,1124032,931,0,0,0,1,1,10,633
org.mudebug.prapr.mutators.FieldAccessToMethodCallMutator_0,1124044,1777,0,0,0,0,0,0,661
org.mudebug.prapr.mutators.FieldAccessToMethodCallMutator_0,1124046,556,0,0,0,0,0,0,1186
org.mudebug.prapr.mutators.MethCallResultGuard_2,1124051,1132,0,0,0,0,0,0,1626
org.mudebug.prapr.mutators.MethCallResultGuard_1,1124053,3417,0,0,0,0,0,2,88
org.pitest.mutationtest.engine.gregor.mutators.InlineConstantMutator,1124057,7300,0,0,0,0,0,2,74
org.pitest.mutationtest.engine.gregor.mutators.experimental.RemoveIncrementsMutator,1124061,6723,0,0,1,1,1,5016,1347
org.mudebug.prapr.mutators.ReturningDereferenceGuardMutator_1,1129079,1106,0,0,0,0,0,0,1185
org.mudebug.prapr.mutators.VoidMethodCallGuardMutator,1129081,2459,0,0,0,0,0,0,58
org.mudebug.prapr.mutators.LocalToFieldAccessMutator_0,1129083,4395,0,0,0,0,0,0,248
org.mudebug.prapr.mutators.ReturningDereferenceGuardMutator_0,1129085,353,0,0,0,0,0,0,617
org.mudebug.prapr.mutators.FieldToLocalAccessMutator_0,1129087,6684,0,0,1,1,1,1029,703
org.mudebug.prapr.mutators.MethodNameMutator_0,1130122,6725,0,0,1,1,1,1,1369
org.mudebug.prapr.mutators.ArgumentListMutator_4,1130125,7061,0,0,0,0,0,0,576
org.pitest.mutationtest.engine.gregor.mutators.ReturnValsMutator,1130127,1564,0,0,0,0,0,184,262
org.mudebug.prapr.mutators.ArgumentListMutator_4,1130313,7059,0,0,1,1,1,5538,549
org.pitest.mutationtest.engine.gregor.mutators.experimental.NakedReceiverMutator,1135853,5356,0,0,0,1,1,99,499
org.mudebug.prapr.mutators.ArgumentListMutator_3,1135954,1118,0,0,1,1,1,2730,1426
org.pitest.mutationtest.engine.gregor.mutators.ConditionalsBoundaryMutator,1138686,5362,0,0,0,1,1,125,816
org.mudebug.prapr.mutators.LocalToFieldAccessMutator_2,1138813,6686,0,0,1,1,1,2867,742
org.mudebug.prapr.mutators.FieldNameMutator_5,1141682,1133,0,0,0,0,0,17,1633
org.mudebug.prapr.mutators.DereferenceGuardMutator_2,1141701,6743,0,0,0,0,0,0,1871
org.mudebug.prapr.mutators.FieldAccessToMethodCallMutator_1,1141703,1101,0,0,0,0,0,22,1020
org.mudebug.prapr.mutators.RelationalOperatorReplacement_0,1141731,4666,0,0,0,0,0,0,60
org.mudebug.prapr.mutators.MethodNameMutator_1,1141733,1236,1,0,1,1,1,29,522
org.mudebug.prapr.mutators.MethodNameMutator_3,1141764,4667,0,0,0,0,0,0,70
org.mudebug.prapr.mutators.RelationalOperatorReplacement_1,1141766,6176,0,0,0,0,0,0,571
org.mudebug.prapr.mutators.FieldAccessToMethodCallMutator_0,1141768,6684,0,0,0,0,0,0,705
org.mudebug.prapr.mutators.ReturningDereferenceGuardMutator_2,1141770,6652,0,0,0,0,0,0,393
org.mudebug.prapr.mutators.DereferenceGuardMutator_4,1141772,6684,0,0,0,0,0,0,697
org.mudebug.prapr.mutators.RelationalOperatorReplacement_3,1141774,1106,0,0,0,0,0,2,1166
org.mudebug.prapr.mutators.LocalToFieldAccessMutator_2,1141778,6721,0,0,0,1,1,586,1331
org.mudebug.prapr.mutators.ArgumentListMutator_0,1142366,1404,0,0,0,0,0,25,38
org.pitest.mutationtest.engine.gregor.mutators.RemoveConditionalMutator_EQUAL_IF,1142393,7382,0,0,0,0,0,26,430
org.mudebug.prapr.mutators.RelationalOperatorReplacement_3,1147487,6987,0,0,0,0,0,44,154
org.mudebug.prapr.mutators.ArgumentListMutator_0,1147533,3240,0,0,1,1,1,5316,38
org.mudebug.prapr.mutators.LocalToFieldAccessMutator_0,1152851,7205,0,0,1,1,1,5538,141
org.mudebug.prapr.mutators.ArgumentListMutator_5,1158391,3385,0,0,1,1,1,207,47
org.mudebug.prapr.mutators.RelationalOperatorReplacement_2,1158600,3589,0,0,0,0,0,102,1062
org.pitest.mutationtest.engine.gregor.mutators.RemoveConditionalMutator_EQUAL_IF,1158706,7204,0,0,0,0,0,143,135
org.mudebug.prapr.mutators.NonVoidMethodCallGuardMutator_0,1158851,7059,0,0,0,0,0,0,560
org.mudebug.prapr.mutators.FieldNameMutator_0,1158853,5212,0,0,0,0,0,164,61
org.pitest.mutationtest.engine.gregor.mutators.NegateConditionalsMutator,1159019,5213,0,0,1,1,1,2868,89
org.pitest.mutationtest.engine.gregor.mutators.RemoveConditionalMutator_EQUAL_ELSE,1161889,1562,0,0,0,0,0,1,217
org.pitest.mutationtest.engine.gregor.mutators.BooleanTrueReturnValsMutator,1161892,1565,0,0,0,1,1,12,276
org.pitest.mutationtest.engine.gregor.mutators.RemoveConditionalMutator_EQUAL_IF,1161906,1245,0,0,0,1,1,69,801
org.mudebug.prapr.mutators.MethodNameMutator_6,1161977,3675,0,0,1,1,1,3234,2356
org.pitest.mutationtest.engine.gregor.mutators.NegateConditionalsMutator,1165213,6728,0,0,0,1,1,1476,1419
org.pitest.mutationtest.engine.gregor.mutators.experimental.RemoveSwitchMutator_48,1166691,495,0,0,0,0,0,18,119
org.mudebug.prapr.mutators.ReturningDereferenceGuardMutator_4,1166711,1106,0,0,0,0,0,0,1202
org.mudebug.prapr.mutators.ReturningDereferenceGuardMutator_4,1166713,1053,0,0,0,0,0,0,442
org.pitest.mutationtest.engine.gregor.mutators.experimental.NakedReceiverMutator,1166715,7112,0,0,0,0,0,12,1216
org.mudebug.prapr.mutators.FieldAccessToMethodCallMutator_0,1166729,1106,0,0,1,1,1,2980,1095
org.mudebug.prapr.mutators.MethCallResultGuard_2,1169711,247,0,0,0,0,0,2,242
org.pitest.mutationtest.engine.gregor.mutators.NonVoidMethodCallMutator,1169715,7183,0,0,1,1,1,5538,103
org.mudebug.prapr.mutators.MethodNameMutator_5,1175255,7086,0,0,0,0,0,20,892
org.mudebug.prapr.mutators.MethCallResultGuard_0,1175277,6976,0,0,0,0,0,0,87
org.mudebug.prapr.mutators.DereferenceGuardMutator_3,1175279,7063,0,0,0,0,0,0,602
org.mudebug.prapr.mutators.MethodNameMutator_5,1175281,551,0,0,1,1,1,4283,215
org.mudebug.prapr.mutators.NonVoidMethodCallGuardMutator_0,1179566,6706,0,0,0,0,0,0,932
org.mudebug.prapr.mutators.FieldNameMutator_1,1179568,1777,0,0,0,0,0,0,657
org.mudebug.prapr.mutators.LocalNameMutator_1,1179570,5356,0,0,0,0,0,2,103
org.mudebug.prapr.mutators.RelationalOperatorReplacement_3,1179574,4411,0,0,1,1,1,4269,471
org.mudebug.prapr.mutators.MethCallResultGuard_2,1183845,7058,0,0,0,0,0,0,494
org.mudebug.prapr.mutators.FieldToLocalAccessMutator_0,1183847,543,0,0,0,0,0,25,107
org.pitest.mutationtest.engine.gregor.mutators.experimental.RemoveSwitchMutator_45,1183874,6649,0,0,0,0,0,0,175
org.mudebug.prapr.mutators.ReturningDereferenceGuardMutator_0,1183876,247,0,0,0,0,0,0,251
org.pitest.mutationtest.engine.gregor.mutators.ConstructorCallMutator,1183878,7058,0,0,1,1,1,5538,330
org.pitest.mutationtest.engine.gregor.mutators.ReturnValsMutator,1189421,7383,0,0,0,0,0,1852,462
org.mudebug.prapr.mutators.MethodNameMutator_3,1191275,6931,0,0,0,0,0,473,844
org.mudebug.prapr.mutators.LocalToFieldAccessMutator_1,1191750,6726,0,0,0,0,0,1329,1383
org.mudebug.prapr.mutators.FieldAccessToMethodCallMutator_1,1193081,7503,0,0,0,0,0,2265,453
org.mudebug.prapr.mutators.RelationalOperatorReplacement_1,1195348,6706,0,0,0,0,0,0,965
org.pitest.mutationtest.engine.gregor.mutators.RemoveConditionalMutator_EQUAL_ELSE,1195350,7503,0,0,0,0,0,23,446
org.mudebug.prapr.mutators.RelationalOperatorReplacement_3,1195375,5356,0,0,0,0,0,1,106
org.mudebug.prapr.mutators.ReturningDereferenceGuardMutator_3,1195378,7303,0,0,0,0,0,0,158
org.mudebug.prapr.mutators.MethodNameMutator_1,1195380,4413,0,0,0,0,0,597,524
org.mudebug.prapr.mutators.ReturningDereferenceGuardMutator_0,1195979,1555,0,0,0,0,0,0,154
org.pitest.mutationtest.engine.gregor.mutators.ReturnValsMutator,1195981,4241,0,0,0,0,0,2,82
org.mudebug.prapr.mutators.LocalNameMutator_0,1195985,1248,0,0,0,0,0,4,878
org.pitest.mutationtest.engine.gregor.mutators.experimental.RemoveSwitchMutator_88,1195991,5356,0,0,0,0,0,0,117
org.pitest.mutationtest.engine.gregor.mutators.NonVoidMethodCallMutator,1195993,4720,0,0,0,0,0,1,42
org.mudebug.prapr.mutators.DereferenceGuardMutator_3,1195996,347,0,0,0,0,0,0,512
org.mudebug.prapr.mutators.ReturningDereferenceGuardMutator_0,1195998,4413,0,0,0,0,0,0,524
org.mudebug.prapr.mutators.FieldToLocalAccessMutator_0,1196000,6697,0,0,1,1,1,27,851
org.mudebug.prapr.mutators.LocalNameMutator_0,1196029,6744,0,0,0,0,0,0,1888
org.mudebug.prapr.mutators.FieldAccessToMethodCallMutator_0,1196031,6684,0,0,0,0,0,108,711
org.mudebug.prapr.mutators.LocalNameMutator_2,1196141,7058,0,0,0,0,0,2250,395
org.mudebug.prapr.mutators.FieldAccessToMethodCallMutator_3,1198393,1777,0,0,0,0,0,0,695
org.mudebug.prapr.mutators.RelationalOperatorReplacement_2,1198395,4667,0,0,0,0,0,5,70
org.mudebug.prapr.mutators.LocalToFieldAccessMutator_0,1198402,6728,0,0,0,1,1,1477,1419
org.mudebug.prapr.mutators.DereferenceGuardMutator_4,1199881,7302,0,0,0,0,0,0,105
org.mudebug.prapr.mutators.ArithmeticOperatorReplacement_5,1199883,7207,0,0,0,0,0,0,198
org.mudebug.prapr.mutators.MethodNameMutator_2,1199885,7064,0,0,0,0,0,1,614
org.pitest.mutationtest.engine.gregor.mutators.NegateConditionalsMutator,1199888,5214,0,0,0,0,0,28,112
org.pitest.mutationtest.engine.gregor.mutators.BooleanTrueReturnValsMutator,1199918,6976,0,0,0,0,0,5,91
org.mudebug.prapr.mutators.MethodNameMutator_4,1199925,5356,0,0,1,1,1,2861,350
org.pitest.mutationtest.engine.gregor.mutators.experimental.RemoveSwitchMutator_77,1202788,3584,0,0,0,0,0,0,901
org.mudebug.prapr.mutators.ArithmeticOperatorReplacement_3,1202790,6713,0,0,0,0,0,67,1149
org.mudebug.prapr.mutators.LocalNameMutator_0,1202859,1082,0,0,0,0,0,0,839
org.mudebug.prapr.mutators.LocalNameMutator_1,1202861,4411,0,0,0,0,0,1381,497
org.mudebug.prapr.mutators.DereferenceGuardMutator_0,1204244,7064,0,0,0,0,0,0,615
org.pitest.mutationtest.engine.gregor.mutators.NonVoidMethodCallMutator,1204246,3711,0,0,0,0,0,60,72
org.pitest.mutationtest.engine.gregor.mutators.InlineConstantMutator,1204308,1234,0,0,0,0,0,7,283
org.mudebug.prapr.mutators.MethCallResultGuard_0,1204317,3710,0,0,0,0,0,0,66
org.mudebug.prapr.mutators.FieldNameMutator_5,1204319,1777,0,0,0,0,0,0,673
org.mudebug.prapr.mutators.ArgumentListMutator_0,1204321,3387,0,0,0,0,0,0,56
org.mudebug.prapr.mutators.DereferenceGuardMutator_2,1204323,6743,0,0,0,0,0,0,1873
org.pitest.mutationtest.engine.gregor.mutators.InlineConstantMutator,1204325,6651,0,0,0,0,0,0,377
org.pitest.mutationtest.engine.gregor.mutators.RemoveConditionalMutator_EQUAL_IF,1204327,6678,0,0,0,0,0,0,603
org.pitest.mutationtest.engine.gregor.mutators.InlineConstantMutator,1204329,2459,0,0,1,1,1,5291,62
org.mudebug.prapr.mutators.DereferenceGuardMutator_3,1209622,7627,0,0,0,0,0,5,159
org.mudebug.prapr.mutators.ArgumentListMutator_4,1209629,1043,0,0,1,1,1,2889,270
org.mudebug.prapr.mutators.MethCallResultGuard_0,1212520,7090,0,0,0,0,0,0,932
org.mudebug.prapr.mutators.RelationalOperatorReplacement_3,1212522,1106,0,0,0,0,0,10,1106
org.mudebug.prapr.mutators.FieldNameMutator_1,1212534,7058,0,0,1,1,1,5538,358
org.mudebug.prapr.mutators.ArgumentListMutator_4,1218074,7058,0,0,0,0,0,0,303
org.mudebug.prapr.mutators.ArgumentListMutator_0,1218076,7052,0,0,0,0,0,0,112
org.pitest.mutationtest.engine.gregor.mutators.experimental.RemoveSwitchMutator_5,1218078,3563,0,0,0,0,0,13,293
org.mudebug.prapr.mutators.MethodNameMutator_1,1218093,551,0,0,1,1,1,4299,215
org.mudebug.prapr.mutators.MethodNameMutator_1,1222394,3563,0,0,0,0,0,11,304
org.mudebug.prapr.mutators.LocalToFieldAccessMutator_2,1222407,6713,0,0,0,0,0,75,1149
org.pitest.mutationtest.engine.gregor.mutators.ConditionalsBoundaryMutator,1222484,5375,0,0,0,0,0,0,1033
org.mudebug.prapr.mutators.FieldAccessToMethodCallMutator_4,1222486,1777,0,0,0,0,0,0,742
org.mudebug.prapr.mutators.NonVoidMethodCallGuardMutator_0,1222488,562,0,0,0,0,0,0,1210
org.mudebug.prapr.mutators.LocalToFieldAccessMutator_1,1222490,6678,0,0,1,1,1,5985,606
org.pitest.mutationtest.engine.gregor.mutators.NegateConditionalsMutator,1228477,1132,0,0,0,0,0,2196,1627
org.mudebug.prapr.mutators.LocalToFieldAccessMutator_3,1230677,6706,0,0,1,1,1,34,959
org.mudebug.prapr.mutators.ArgumentListMutator_5,1230713,6706,0,0,0,1,1,2,977
org.pitest.mutationtest.engine.gregor.mutators.NonVoidMethodCallMutator,1230717,7058,0,0,1,1,1,5538,367
org.mudebug.prapr.mutators.LocalToFieldAccessMutator_0,1236257,6742,0,0,1,1,1,2939,1855
org.mudebug.prapr.mutators.ArgumentListMutator_2,1239198,5356,0,0,1,1,1,1074,439
org.pitest.mutationtest.engine.gregor.mutators.InlineConstantMutator,1240274,7058,0,0,1,1,1,5538,458
org.pitest.mutationtest.engine.gregor.mutators.experimental.RemoveSwitchMutator_51,1245814,5356,0,0,0,0,0,5,117
org.pitest.mutationtest.engine.gregor.mutators.BooleanFalseReturnValsMutator,1245821,7505,0,0,0,0,0,1,467
org.mudebug.prapr.mutators.MethCallResultGuard_0,1245824,1106,0,0,0,0,0,0,1098
org.pitest.mutationtest.engine.gregor.mutators.experimental.MemberVariableMutator,1245826,6684,0,0,0,0,0,76,713
org.mudebug.prapr.mutators.FieldToLocalAccessMutator_0,1245904,2306,0,0,0,0,0,2,32
org.mudebug.prapr.mutators.FieldAccessToMethodCallMutator_0,1245908,1087,0,0,0,0,0,0,878
org.mudebug.prapr.mutators.FieldNameMutator_5,1245910,2308,0,0,0,0,0,0,92
org.pitest.mutationtest.engine.gregor.mutators.experimental.RemoveSwitchMutator_83,1245912,555,0,0,0,0,0,0,872
org.mudebug.prapr.mutators.FieldToLocalAccessMutator_0,1245914,7052,0,0,0,0,0,105,144
org.mudebug.prapr.mutators.FieldAccessToMethodCallMutator_4,1246021,1777,0,0,0,0,0,0,642
org.mudebug.prapr.mutators.LocalNameMutator_0,1246023,6744,0,0,0,1,1,0,1893
org.mudebug.prapr.mutators.MethodNameMutator_2,1246025,551,0,0,0,0,0,48,223
org.mudebug.prapr.mutators.LocalToFieldAccessMutator_2,1246075,6688,0,0,1,1,1,5993,763
org.mudebug.prapr.mutators.FieldAccessToMethodCallMutator_4,1252073,6684,0,0,1,1,1,1026,714
org.pitest.mutationtest.engine.gregor.mutators.NonVoidMethodCallMutator,1253101,347,0,0,0,0,0,11,539
org.mudebug.prapr.mutators.MethodNameMutator_5,1253114,1231,0,0,1,1,1,62,72
org.mudebug.prapr.mutators.MethCallResultGuard_1,1253178,5356,0,0,0,0,0,0,336
org.mudebug.prapr.mutators.ReturningDereferenceGuardMutator_2,1253180,347,0,0,0,0,0,0,542
org.mudebug.prapr.mutators.FieldAccessToMethodCallMutator_3,1253182,1777,0,0,0,0,0,0,727
org.mudebug.prapr.mutators.ReturningDereferenceGuardMutator_4,1253184,1106,0,0,0,0,0,0,1077
org.mudebug.prapr.mutators.FieldAccessToMethodCallMutator_1,1253186,1777,0,0,0,0,0,5,665
org.pitest.mutationtest.engine.gregor.mutators.NegateConditionalsMutator,1253193,6684,0,0,0,0,0,327,711
org.mudebug.prapr.mutators.MethodNameMutator_5,1253522,7233,0,0,0,0,0,5,291
org.mudebug.prapr.mutators.MethodNameMutator_2,1253529,7379,0,0,1,1,1,5538,390
org.mudebug.prapr.mutators.MethodNameMutator_1,1259069,6977,0,0,0,0,0,1,96
org.mudebug.prapr.mutators.ReturningDereferenceGuardMutator_0,1259072,1129,0,0,0,0,0,0,1604
org.mudebug.prapr.mutators.MethodNameMutator_7,1259074,7382,0,0,0,0,0,1753,442
org.mudebug.prapr.mutators.LocalNameMutator_2,1260829,5356,0,0,0,0,0,76,354
org.mudebug.prapr.mutators.MethodNameMutator_2,1260907,369,0,0,0,0,0,0,807
org.mudebug.prapr.mutators.VoidMethodCallGuardMutator,1260909,5355,0,0,0,0,0,0,72
org.mudebug.prapr.mutators.NonVoidMethodCallGuardMutator_0,1260911,6988,0,0,0,0,0,0,168
org.mudebug.prapr.mutators.ReturningDereferenceGuardMutator_0,1260913,4410,0,0,0,0,0,0,445
org.mudebug.prapr.mutators.ArgumentListMutator_4,1260915,7354,0,0,1,1,1,5543,100
org.mudebug.prapr.mutators.LocalNameMutator_0,1266460,3664,0,0,0,1,1,278,2190
org.pitest.mutationtest.engine.gregor.mutators.RemoveConditionalMutator_EQUAL_ELSE,1266740,3489,0,0,0,0,0,0,268
org.mudebug.prapr.mutators.ReturningDereferenceGuardMutator_1,1266742,1788,0,0,0,0,0,0,856
org.mudebug.prapr.mutators.DereferenceGuardMutator_3,1266744,346,0,0,0,0,0,0,490
org.mudebug.prapr.mutators.FieldAccessToMethodCallMutator_3,1266746,4169,0,0,1,1,1,4583,193
org.pitest.mutationtest.engine.gregor.mutators.experimental.NakedReceiverMutator,1271331,1119,0,0,0,0,0,25,1436
org.mudebug.prapr.mutators.LocalToFieldAccessMutator_0,1271358,7090,0,0,1,1,1,5538,931
org.mudebug.prapr.mutators.FieldNameMutator_5,1276898,7058,0,0,0,0,0,1728,300
org.pitest.mutationtest.engine.gregor.mutators.VoidMethodCallMutator,1278628,7059,0,0,0,0,0,6,563
org.pitest.mutationtest.engine.gregor.mutators.RemoveConditionalMutator_EQUAL_ELSE,1278636,6687,0,0,1,1,1,5365,756
org.mudebug.prapr.mutators.MethCallResultGuard_2,1284003,7059,0,0,0,0,0,5,555
org.mudebug.prapr.mutators.LocalToFieldAccessMutator_0,1284010,1243,0,0,0,1,1,10,637
org.pitest.mutationtest.engine.gregor.mutators.RemoveConditionalMutator_EQUAL_IF,1284025,5356,0,0,0,0,0,1,215
org.mudebug.prapr.mutators.LocalToFieldAccessMutator_1,1284028,6744,0,0,1,1,1,695,1893
org.mudebug.prapr.mutators.LocalNameMutator_0,1284725,5356,0,0,0,0,0,6,103
org.mudebug.prapr.mutators.MethodNameMutator_0,1284733,4411,0,0,1,1,1,4269,497
org.pitest.mutationtest.engine.gregor.mutators.RemoveConditionalMutator_ORDER_ELSE,1289004,1049,0,0,0,0,0,5,368
org.pitest.mutationtest.engine.gregor.mutators.ReturnValsMutator,1289011,6697,0,0,1,1,1,49,855
org.mudebug.prapr.mutators.FieldAccessToMethodCallMutator_4,1289062,1777,0,0,0,0,0,0,736
org.mudebug.prapr.mutators.ReturningDereferenceGuardMutator_2,1289064,6694,0,0,0,0,0,0,826
org.mudebug.prapr.mutators.FieldNameMutator_4,1289070,7058,0,0,1,1,1,5226,484
org.mudebug.prapr.mutators.DereferenceGuardMutator_1,1294298,6683,0,0,0,0,0,0,686
org.mudebug.prapr.mutators.ArgumentListMutator_2,1294300,1040,0,0,0,0,0,0,209
org.pitest.mutationtest.engine.gregor.mutators.RemoveConditionalMutator_EQUAL_ELSE,1294302,5356,0,0,1,1,1,1494,87
org.pitest.mutationtest.engine.gregor.mutators.VoidMethodCallMutator,1295798,517,0,0,0,0,0,4,97
org.pitest.mutationtest.engine.gregor.mutators.InlineConstantMutator,1295804,7611,0,0,0,1,1,31,118
org.mudebug.prapr.mutators.RelationalOperatorReplacement_0,1295837,247,0,0,0,0,0,2,247
org.mudebug.prapr.mutators.MethCallResultGuard_2,1295841,3245,0,0,0,0,0,0,81
org.mudebug.prapr.mutators.RelationalOperatorReplacement_0,1295843,1143,0,0,0,0,0,0,1727
org.mudebug.prapr.mutators.MethodNameMutator_7,1295845,517,0,0,0,0,0,4,97
org.mudebug.prapr.mutators.MethodNameMutator_4,1295851,7205,0,0,0,0,0,1648,141
org.mudebug.prapr.mutators.FieldAccessToMethodCallMutator_2,1297501,1777,0,0,0,0,0,0,662
org.mudebug.prapr.mutators.MethCallResultGuard_1,1297503,561,0,0,0,0,0,0,1206
org.pitest.mutationtest.engine.gregor.mutators.RemoveConditionalMutator_EQUAL_ELSE,1297505,4666,0,0,0,0,0,0,60
org.mudebug.prapr.mutators.FieldAccessToMethodCallMutator_3,1297507,6652,0,0,0,0,0,0,405
org.pitest.mutationtest.engine.gregor.mutators.RemoveConditionalMutator_EQUAL_IF,1297509,7220,0,0,0,0,0,493,177
org.mudebug.prapr.mutators.LocalToFieldAccessMutator_1,1298004,6674,0,0,1,1,1,2709,563
org.mudebug.prapr.mutators.LocalNameMutator_0,1300715,4720,0,0,0,0,0,2,42
org.mudebug.prapr.mutators.FieldNameMutator_0,1300719,1777,0,0,0,0,0,0,736
org.mudebug.prapr.mutators.FieldNameMutator_3,1300721,1777,0,0,0,0,0,0,706
org.mudebug.prapr.mutators.FieldNameMutator_2,1300723,7131,0,0,0,0,0,5,74
org.mudebug.prapr.mutators.MethodNameMutator_1,1300730,7209,0,0,0,0,0,21,51
org.mudebug.prapr.mutators.ReturningDereferenceGuardMutator_0,1300753,3417,0,0,0,0,0,0,96
org.mudebug.prapr.mutators.ReturningDereferenceGuardMutator_0,1300755,6697,0,0,0,0,0,0,851
org.pitest.mutationtest.engine.gregor.mutators.experimental.RemoveSwitchMutator_30,1300757,6415,0,0,0,0,0,1,273
org.mudebug.prapr.mutators.FieldToLocalAccessMutator_1,1300760,7189,0,0,0,0,0,34,488
org.mudebug.prapr.mutators.RelationalOperatorReplacement_3,1300796,495,0,0,1,1,1,4330,171
org.mudebug.prapr.mutators.LocalToFieldAccessMutator_1,1305128,6706,0,0,1,1,1,27,975
org.mudebug.prapr.mutators.MethCallResultGuard_1,1305157,3388,0,0,0,0,0,0,71
org.pitest.mutationtest.engine.gregor.mutators.BooleanFalseReturnValsMutator,1305159,7503,0,0,0,0,0,17,453
org.mudebug.prapr.mutators.MethCallResultGuard_1,1305178,7241,0,0,0,0,0,0,430
org.pitest.mutationtest.engine.gregor.mutators.VoidMethodCallMutator,1305180,3389,0,0,1,1,1,212,93
org.mudebug.prapr.mutators.FieldNameMutator_1,1305394,6651,0,0,1,1,1,4460,382
org.mudebug.prapr.mutators.FieldNameMutator_5,1309856,1777,0,0,0,0,0,0,734
org.pitest.mutationtest.engine.gregor.mutators.NonVoidMethodCallMutator,1309858,247,0,0,0,0,0,0,251
org.mudebug.prapr.mutators.FieldNameMutator_0,1309860,6718,0,0,1,1,1,4919,1267
org.mudebug.prapr.mutators.MethodNameMutator_2,1314781,7199,0,0,0,0,0,88,85
org.mudebug.prapr.mutators.ArgumentListMutator_0,1314871,1788,0,0,1,1,1,4520,857
org.mudebug.prapr.mutators.DereferenceGuardMutator_0,1319393,6673,0,0,0,0,0,0,556
org.pitest.mutationtest.engine.gregor.mutators.InlineConstantMutator,1319395,7058,0,0,1,1,1,5538,532
org.mudebug.prapr.mutators.LocalNameMutator_1,1324935,6683,0,0,1,1,1,786,686
org.mudebug.prapr.mutators.ArgumentListMutator_4,1325723,1313,0,0,0,0,0,0,84
org.mudebug.prapr.mutators.ReturningDereferenceGuardMutator_0,1325725,4169,0,0,0,0,0,0,193
org.mudebug.prapr.mutators.MethCallResultGuard_1,1325727,4415,0,0,0,0,0,0,549
org.mudebug.prapr.mutators.ArgumentListMutator_2,1325729,7058,0,0,1,1,1,5538,482
org.pitest.mutationtest.engine.gregor.mutators.RemoveConditionalMutator_ORDER_IF,1331269,7108,0,0,1,1,1,5538,1154
org.mudebug.prapr.mutators.FieldNameMutator_0,1336809,1777,0,0,0,0,0,0,677
org.mudebug.prapr.mutators.FieldToLocalAccessMutator_0,1336811,1040,0,0,1,1,1,5219,211
org.mudebug.prapr.mutators.DereferenceGuardMutator_0,1342032,6706,0,0,0,0,0,0,1030
org.mudebug.prapr.mutators.LocalToFieldAccessMutator_0,1342034,7241,0,0,0,0,0,2,431
org.mudebug.prapr.mutators.MethodNameMutator_1,1342038,7497,0,0,0,0,0,4,377
org.mudebug.prapr.mutators.LocalNameMutator_0,1342044,6728,0,0,0,1,1,2802,1421
org.mudebug.prapr.mutators.MethodNameMutator_1,1344848,4680,0,0,0,0,0,24,120
org.mudebug.prapr.mutators.ArgumentListMutator_1,1344874,6684,0,0,0,0,0,0,695
org.mudebug.prapr.mutators.MethodNameMutator_0,1344876,1245,0,0,0,0,0,5,718
org.pitest.mutationtest.engine.gregor.mutators.NegateConditionalsMutator,1344883,7497,0,0,0,0,0,31,377
org.pitest.mutationtest.engine.gregor.mutators.InlineConstantMutator,1344916,6737,0,0,1,1,1,2668,1782
org.mudebug.prapr.mutators.VoidMethodCallGuardMutator,1347586,7057,0,0,0,0,0,5,229
org.mudebug.prapr.mutators.ArgumentListMutator_0,1347593,7764,0,0,0,0,0,0,481
org.mudebug.prapr.mutators.FieldToLocalAccessMutator_3,1347595,6728,0,0,0,1,1,2550,1420
org.mudebug.prapr.mutators.ArgumentListMutator_5,1350147,6384,0,0,1,1,1,2403,244
org.pitest.mutationtest.engine.gregor.mutators.RemoveConditionalMutator_EQUAL_ELSE,1352552,241,0,0,0,0,0,2,142
org.mudebug.prapr.mutators.LocalToFieldAccessMutator_0,1352556,6755,0,0,1,1,1,5348,2012
org.pitest.mutationtest.engine.gregor.mutators.experimental.MemberVariableMutator,1357906,4395,0,0,0,0,0,5,246
org.mudebug.prapr.mutators.ReturningDereferenceGuardMutator_2,1357913,4260,0,0,0,0,0,0,453
org.pitest.mutationtest.engine.gregor.mutators.RemoveConditionalMutator_EQUAL_ELSE,1357915,5362,0,0,0,0,0,6,816
org.mudebug.prapr.mutators.LocalToFieldAccessMutator_2,1357923,6744,0,0,1,1,1,817,1894
org.mudebug.prapr.mutators.LocalToFieldAccessMutator_1,1358756,1046,0,0,0,0,0,5,314
org.mudebug.prapr.mutators.LocalNameMutator_2,1358763,1234,0,0,1,1,1,31,272
org.pitest.mutationtest.engine.gregor.mutators.VoidMethodCallMutator,1358798,3387,0,0,0,0,0,0,60
org.mudebug.prapr.mutators.MethCallResultGuard_2,1358800,6710,0,0,0,0,0,0,1066
org.mudebug.prapr.mutators.FieldNameMutator_2,1358802,7058,0,0,0,0,0,227,466
org.pitest.mutationtest.engine.gregor.mutators.NegateConditionalsMutator,1359033,931,0,0,0,1,1,10,633
org.pitest.mutationtest.engine.gregor.mutators.experimental.RemoveSwitchMutator_41,1359045,6415,0,0,1,1,1,30,273
org.mudebug.prapr.mutators.ReturningDereferenceGuardMutator_3,1359077,7232,0,0,0,0,0,0,273
org.mudebug.prapr.mutators.LocalToFieldAccessMutator_0,1359079,6728,0,0,0,1,1,2499,1420
org.mudebug.prapr.mutators.FieldAccessToMethodCallMutator_1,1361580,1777,0,0,0,0,0,0,753
org.mudebug.prapr.mutators.VoidMethodCallGuardMutator,1361582,4410,0,0,0,0,0,5,464
org.pitest.mutationtest.engine.gregor.mutators.NegateConditionalsMutator,1361589,6695,0,0,0,1,1,513,831
org.mudebug.prapr.mutators.RelationalOperatorReplacement_1,1362104,4415,0,0,0,0,0,5,546
org.pitest.mutationtest.engine.gregor.mutators.NegateConditionalsMutator,1362111,7507,0,0,1,1,1,5538,479
org.mudebug.prapr.mutators.ArgumentListMutator_4,1367651,6706,0,0,0,0,0,0,1020
org.mudebug.prapr.mutators.LocalNameMutator_1,1367653,347,0,0,1,1,1,4283,546
org.mudebug.prapr.mutators.MethodNameMutator_3,1371938,7250,0,0,0,0,0,5,663
org.mudebug.prapr.mutators.FieldNameMutator_2,1371945,5355,0,0,0,0,0,22,72
org.pitest.mutationtest.engine.gregor.mutators.ReturnValsMutator,1371969,7302,0,0,0,0,0,5,136
org.pitest.mutationtest.engine.gregor.mutators.VoidMethodCallMutator,1371976,1404,0,0,0,0,0,0,40
org.mudebug.prapr.mutators.FieldAccessToMethodCallMutator_3,1371978,1777,0,0,0,0,0,0,632
org.pitest.mutationtest.engine.gregor.mutators.NonVoidMethodCallMutator,1371980,5376,0,0,0,0,0,1,1051
org.mudebug.prapr.mutators.MethodNameMutator_2,1371983,347,0,0,0,0,0,6,520
org.pitest.mutationtest.engine.gregor.mutators.InlineConstantMutator,1371991,5219,0,0,0,0,0,0,181
org.pitest.mutationtest.engine.gregor.mutators.experimental.RemoveSwitchMutator_69,1371993,495,0,0,0,0,0,0,119
org.mudebug.prapr.mutators.LocalNameMutator_0,1371995,4411,0,0,0,0,0,144,476
org.pitest.mutationtest.engine.gregor.mutators.RemoveConditionalMutator_EQUAL_ELSE,1372141,5375,0,0,0,1,1,39,1033
org.mudebug.prapr.mutators.RelationalOperatorReplacement_3,1372182,3675,0,0,0,0,0,0,2359
org.mudebug.prapr.mutators.DereferenceGuardMutator_3,1372184,1135,0,0,0,0,0,0,1647
org.pitest.mutationtest.engine.gregor.mutators.RemoveConditionalMutator_EQUAL_IF,1372186,5356,0,0,0,0,0,0,523
org.mudebug.prapr.mutators.MethodNameMutator_5,1372188,4415,0,0,0,0,0,1,551
org.mudebug.prapr.mutators.FieldNameMutator_4,1372191,7058,0,0,1,1,1,5226,322
org.pitest.mutationtest.engine.gregor.mutators.experimental.RemoveSwitchMutator_68,1377419,5356,0,0,0,0,0,0,117
org.mudebug.prapr.mutators.LocalNameMutator_1,1377421,6743,0,0,0,0,0,1090,1869
org.mudebug.prapr.mutators.FieldAccessToMethodCallMutator_1,1378513,6652,0,0,1,1,1,4167,397
org.mudebug.prapr.mutators.ArgumentListMutator_3,1382682,7257,0,0,0,0,0,0,810
org.pitest.mutationtest.engine.gregor.mutators.experimental.MemberVariableMutator,1382684,1777,0,0,0,0,0,0,734
org.pitest.mutationtest.engine.gregor.mutators.RemoveConditionalMutator_EQUAL_IF,1382686,5213,0,0,1,1,1,2675,91
org.mudebug.prapr.mutators.MethCallResultGuard_2,1385363,551,0,0,0,0,0,0,206
org.mudebug.prapr.mutators.FieldNameMutator_2,1385365,6721,0,0,0,0,0,18,1331
org.mudebug.prapr.mutators.FieldAccessToMethodCallMutator_3,1385385,6683,0,0,1,1,1,2677,685
org.mudebug.prapr.mutators.FieldNameMutator_1,1388064,7058,0,0,1,1,1,5538,368
org.mudebug.prapr.mutators.DereferenceGuardMutator_3,1393604,332,0,0,0,0,0,0,346
org.pitest.mutationtest.engine.gregor.mutators.NonVoidMethodCallMutator,1393606,7199,0,0,0,0,0,2250,85
org.mudebug.prapr.mutators.NonVoidMethodCallGuardMutator_0,1395858,3246,0,0,0,0,0,0,85
org.pitest.mutationtest.engine.gregor.mutators.VoidMethodCallMutator,1395860,6751,0,0,0,0,0,94,1977
org.mudebug.prapr.mutators.FieldNameMutator_2,1395956,7059,0,0,0,0,0,9,560
org.mudebug.prapr.mutators.LocalToFieldAccessMutator_0,1395967,6713,0,0,0,0,0,75,1149
org.mudebug.prapr.mutators.FieldToLocalAccessMutator_0,1396044,6651,0,0,1,1,1,4611,381
org.mudebug.prapr.mutators.LocalToFieldAccessMutator_1,1405723,544,0,0,1,1,1,5365,120
org.mudebug.prapr.mutators.FieldNameMutator_1,1411090,7300,0,0,0,0,0,5,73
org.mudebug.prapr.mutators.LocalNameMutator_2,1411097,1234,0,0,1,1,1,3,310
org.pitest.mutationtest.engine.gregor.mutators.RemoveConditionalMutator_EQUAL_ELSE,1411102,7790,0,0,0,1,1,2652,315
org.mudebug.prapr.mutators.LocalToFieldAccessMutator_3,1413756,6684,0,0,1,1,1,761,705
org.pitest.mutationtest.engine.gregor.mutators.experimental.SwitchMutator,1414519,6415,0,0,1,1,1,892,273
org.mudebug.prapr.mutators.FieldNameMutator_0,1415413,6678,0,0,1,1,1,5039,610
org.mudebug.prapr.mutators.FieldNameMutator_4,1420457,1777,0,0,0,0,0,0,738
org.mudebug.prapr.mutators.FieldNameMutator_1,1420459,1777,0,0,0,0,0,0,681
org.pitest.mutationtest.engine.gregor.mutators.experimental.RemoveSwitchMutator_1,1420461,495,0,0,0,0,0,0,119
org.mudebug.prapr.mutators.DereferenceGuardMutator_3,1420463,6732,0,0,0,0,0,0,1618
org.mudebug.prapr.mutators.MethodNameMutator_1,1420468,5376,0,0,1,1,1,248,1045
org.mudebug.prapr.mutators.MethodNameMutator_6,1420718,3664,0,0,1,1,1,389,2189
org.mudebug.prapr.mutators.FieldNameMutator_3,1421109,1777,0,0,0,0,0,0,694
org.mudebug.prapr.mutators.MethCallResultGuard_2,1421111,7556,0,0,0,0,0,0,70
org.pitest.mutationtest.engine.gregor.mutators.RemoveConditionalMutator_EQUAL_ELSE,1421113,159,0,0,0,0,0,0,649
org.pitest.mutationtest.engine.gregor.mutators.NonVoidMethodCallMutator,1421115,7106,0,0,0,0,0,1735,1128
org.pitest.mutationtest.engine.gregor.mutators.ReturnValsMutator,1422852,6737,0,0,0,0,0,48,1784
org.pitest.mutationtest.engine.gregor.mutators.ReturnValsMutator,1422902,547,0,0,1,1,1,745,171
org.mudebug.prapr.mutators.MethCallResultGuard_2,1423649,7383,0,0,0,0,0,1753,460
org.pitest.mutationtest.engine.gregor.mutators.NonVoidMethodCallMutator,1425404,517,0,0,1,1,1,5266,114
org.mudebug.prapr.mutators.MethCallResultGuard_1,1430672,247,0,0,0,0,0,0,240
org.pitest.mutationtest.engine.gregor.mutators.ArgumentPropagationMutator,1430674,5356,0,0,0,1,1,74,496
org.mudebug.prapr.mutators.VoidMethodCallGuardMutator,1430750,347,0,0,0,0,0,0,542
org.mudebug.prapr.mutators.FieldNameMutator_0,1430752,6744,0,0,0,1,1,0,1894
org.pitest.mutationtest.engine.gregor.mutators.RemoveConditionalMutator_EQUAL_ELSE,1430754,3675,0,0,0,0,0,0,2362
org.mudebug.prapr.mutators.MethCallResultGuard_1,1430756,7058,0,0,0,0,0,0,420
org.mudebug.prapr.mutators.FieldNameMutator_3,1430758,7058,0,0,1,1,1,5538,341
org.mudebug.prapr.mutators.MethodNameMutator_0,1436298,3569,0,0,1,1,1,214,494
org.mudebug.prapr.mutators.FieldNameMutator_2,1436516,6728,0,0,0,1,1,2812,1418
org.mudebug.prapr.mutators.ReturningDereferenceGuardMutator_4,1439330,3417,0,0,0,0,0,0,100
org.pitest.mutationtest.engine.gregor.mutators.VoidMethodCallMutator,1439332,1541,0,0,0,1,1,204,62
org.pitest.mutationtest.engine.gregor.mutators.NonVoidMethodCallMutator,1439538,244,0,0,1,1,1,2712,176
org.mudebug.prapr.mutators.MethodNameMutator_2,1442252,3675,0,0,1,1,1,4269,2354
org.pitest.mutationtest.engine.gregor.mutators.RemoveConditionalMutator_ORDER_IF,1446523,7302,0,0,0,0,0,1979,117
org.mudebug.prapr.mutators.ArgumentListMutator_0,1448504,7786,0,0,1,1,1,5985,277
org.mudebug.prapr.mutators.MethodNameMutator_1,1454491,1234,0,0,0,0,0,7,283
org.mudebug.prapr.mutators.FieldAccessToMethodCallMutator_4,1454500,7505,0,0,1,1,1,5543,467
org.mudebug.prapr.mutators.RelationalOperatorReplacement_2,1460045,7503,0,0,0,0,0,1036,444
org.mudebug.prapr.mutators.MethodNameMutator_5,1461083,1560,0,0,0,0,0,111,182
org.mudebug.prapr.mutators.DereferenceGuardMutator_3,1461196,7556,0,0,0,0,0,0,67
org.pitest.mutationtest.engine.gregor.mutators.BooleanFalseReturnValsMutator,1461201,7205,0,0,0,0,0,9,141
org.mudebug.prapr.mutators.MethodNameMutator_5,1461212,5356,0,0,1,1,1,541,499
org.mudebug.prapr.mutators.FieldNameMutator_0,1461755,1777,0,0,0,0,0,0,724
org.pitest.mutationtest.engine.gregor.mutators.experimental.NakedReceiverMutator,1461757,5356,0,0,1,1,1,2868,83
org.mudebug.prapr.mutators.MethCallResultGuard_0,1464630,7205,0,0,0,0,0,5,140
org.mudebug.prapr.mutators.LocalToFieldAccessMutator_2,1464637,6706,0,0,0,0,0,0,980
org.mudebug.prapr.mutators.MethCallResultGuard_2,1464639,7058,0,0,0,0,0,0,330
org.mudebug.prapr.mutators.MethCallResultGuard_2,1464641,1313,0,0,0,0,0,0,83
org.mudebug.prapr.mutators.FieldNameMutator_2,1464643,1777,0,0,0,0,0,0,671
org.mudebug.prapr.mutators.NonVoidMethodCallGuardMutator_0,1464645,4680,0,0,0,0,0,0,120
org.mudebug.prapr.mutators.LocalToFieldAccessMutator_0,1464647,6712,0,0,1,1,1,5365,1137
org.mudebug.prapr.mutators.RelationalOperatorReplacement_2,1470014,1554,0,0,0,1,1,186,139
org.mudebug.prapr.mutators.MethodNameMutator_3,1470202,4666,0,0,0,0,0,0,60
org.mudebug.prapr.mutators.LocalNameMutator_1,1470204,5358,0,0,0,0,0,3,750
org.mudebug.prapr.mutators.DereferenceGuardMutator_2,1470209,6684,0,0,0,0,0,0,695
org.mudebug.prapr.mutators.VoidMethodCallGuardMutator,1470211,7058,0,0,0,0,0,5,289
org.mudebug.prapr.mutators.FieldNameMutator_1,1470218,6678,0,0,1,1,1,4804,610
org.mudebug.prapr.mutators.DereferenceGuardMutator_0,1475024,1094,0,0,0,0,0,0,933
org.mudebug.prapr.mutators.NonVoidMethodCallGuardMutator_0,1475026,7684,0,0,0,0,0,0,83
org.mudebug.prapr.mutators.RelationalOperatorReplacement_2,1475028,2459,0,0,1,1,1,5291,56
org.pitest.mutationtest.engine.gregor.mutators.BooleanFalseReturnValsMutator,1480321,1143,0,0,0,0,0,8,1727
org.pitest.mutationtest.engine.gregor.mutators.NegateConditionalsMutator,1480331,7250,0,0,0,0,0,2055,655
org.pitest.mutationtest.engine.gregor.mutators.InlineConstantMutator,1482388,5357,0,0,0,1,1,100,703
org.pitest.mutationtest.engine.gregor.mutators.experimental.RemoveSwitchMutator_1,1482490,555,0,0,0,0,0,5,872
org.mudebug.prapr.mutators.RelationalOperatorReplacement_0,1482497,7247,0,0,1,1,1,5538,597
org.mudebug.prapr.mutators.FieldToLocalAccessMutator_0,1488037,7355,0,0,0,0,0,80,112
org.mudebug.prapr.mutators.ReturningDereferenceGuardMutator_0,1488119,7627,0,0,0,0,0,0,159
org.mudebug.prapr.mutators.FieldToLocalAccessMutator_0,1488124,6651,0,0,1,1,1,4611,377
org.pitest.mutationtest.engine.gregor.mutators.RemoveConditionalMutator_EQUAL_IF,1492737,347,0,0,0,0,0,8,513
org.mudebug.prapr.mutators.FieldNameMutator_1,1492747,6721,0,0,0,0,0,18,1331
org.mudebug.prapr.mutators.ArgumentListMutator_4,1492767,7556,0,0,0,0,0,2249,70
org.mudebug.prapr.mutators.LocalToFieldAccessMutator_1,1495018,6689,0,0,0,1,1,8,778
org.pitest.mutationtest.engine.gregor.mutators.NonVoidMethodCallMutator,1495028,3664,0,0,0,0,0,66,2185
org.pitest.mutationtest.engine.gregor.mutators.experimental.RemoveSwitchMutator_55,1495096,6415,0,0,0,0,0,0,273
org.pitest.mutationtest.engine.gregor.mutators.experimental.RemoveSwitchMutator_59,1495098,555,0,0,0,0,0,0,872
org.mudebug.prapr.mutators.DereferenceGuardMutator_3,1495100,6743,0,0,0,0,0,0,1870
org.mudebug.prapr.mutators.MethodNameMutator_0,1495102,551,0,0,0,0,0,4040,214
org.mudebug.prapr.mutators.FieldAccessToMethodCallMutator_3,1499144,6684,0,0,1,1,1,1029,697
org.mudebug.prapr.mutators.MethodNameMutator_0,1500182,1562,0,0,1,1,1,2148,223
org.mudebug.prapr.mutators.FieldNameMutator_0,1502332,514,0,0,0,0,0,9,53
org.mudebug.prapr.mutators.FieldNameMutator_4,1502343,7059,0,0,0,0,0,2,556
org.pitest.mutationtest.engine.gregor.mutators.NonVoidMethodCallMutator,1502347,1052,0,0,1,1,1,4574,404
org.mudebug.prapr.mutators.DereferenceGuardMutator_3,1506923,7358,0,0,0,0,0,0,153
org.mudebug.prapr.mutators.LocalToFieldAccessMutator_0,1506925,1314,0,0,1,1,1,212,93
org.pitest.mutationtest.engine.gregor.mutators.InlineConstantMutator,1507139,1777,0,0,0,0,0,0,718
org.pitest.mutationtest.engine.gregor.mutators.NonVoidMethodCallMutator,1507141,7058,0,0,1,1,1,5538,325
org.pitest.mutationtest.engine.gregor.mutators.NegateConditionalsMutator,1512681,1234,0,0,0,1,1,17,267
org.pitest.mutationtest.engine.gregor.mutators.NullReturnValsMutator,1512700,3249,0,0,1,1,1,4757,103
org.mudebug.prapr.mutators.LocalToFieldAccessMutator_0,1517459,4410,0,0,0,0,0,0,445
org.mudebug.prapr.mutators.ArgumentListMutator_2,1517461,4395,0,0,1,1,1,5220,248
org.pitest.mutationtest.engine.gregor.mutators.NonVoidMethodCallMutator,1522683,6712,0,0,0,1,1,111,1137
org.mudebug.prapr.mutators.ArgumentListMutator_5,1522796,6652,0,0,0,0,0,0,391
org.mudebug.prapr.mutators.MethCallResultGuard_2,1522798,6688,0,0,0,0,0,1,763
org.mudebug.prapr.mutators.FieldToLocalAccessMutator_0,1522801,5356,0,0,0,0,0,33,576
org.mudebug.prapr.mutators.MethodNameMutator_2,1522836,547,0,0,0,0,0,0,167
org.mudebug.prapr.mutators.MethCallResultGuard_2,1522838,6743,0,0,1,1,1,2923,1867
org.mudebug.prapr.mutators.LocalToFieldAccessMutator_1,1525763,6706,0,0,0,0,0,0,980
org.mudebug.prapr.mutators.DereferenceGuardMutator_0,1525765,1053,0,0,0,0,0,0,434
org.pitest.mutationtest.engine.gregor.mutators.NegateConditionalsMutator,1525767,247,0,0,1,1,1,1231,247
org.mudebug.prapr.mutators.LocalToFieldAccessMutator_0,1527000,6706,0,0,0,1,1,0,1016
org.mudebug.prapr.mutators.MethCallResultGuard_1,1527006,7059,0,0,0,0,0,0,560
org.mudebug.prapr.mutators.ReturningDereferenceGuardMutator_0,1527008,3412,0,0,0,0,0,5,49
org.pitest.mutationtest.engine.gregor.mutators.ReturnValsMutator,1527015,3563,0,0,0,1,1,84,299
org.mudebug.prapr.mutators.LocalToFieldAccessMutator_0,1527101,6674,0,0,1,1,1,2709,563
org.pitest.mutationtest.engine.gregor.mutators.NonVoidMethodCallMutator,1529812,6420,0,0,0,0,0,5,400
org.pitest.mutationtest.engine.gregor.mutators.NonVoidMethodCallMutator,1529819,4411,0,0,0,0,0,0,500
org.mudebug.prapr.mutators.MethCallResultGuard_2,1529821,7058,0,0,0,0,0,0,280
org.mudebug.prapr.mutators.MethodNameMutator_2,1529823,1231,0,0,0,1,1,2,68
org.pitest.mutationtest.engine.gregor.mutators.ReturnValsMutator,1529827,554,0,0,1,1,1,5365,272
org.mudebug.prapr.mutators.ArithmeticOperatorReplacement_5,1535194,6713,0,0,0,0,0,0,1152
org.pitest.mutationtest.engine.gregor.mutators.InlineConstantMutator,1535196,553,0,0,0,0,0,29,263
org.mudebug.prapr.mutators.ArgumentListMutator_2,1535227,347,0,0,0,0,0,22,507
org.mudebug.prapr.mutators.LocalNameMutator_0,1535251,6743,0,0,1,1,1,2745,1876
org.mudebug.prapr.mutators.MethCallResultGuard_2,1537998,7058,0,0,0,0,0,0,429
org.mudebug.prapr.mutators.MethodNameMutator_0,1538000,7058,0,0,0,0,0,5,357
org.mudebug.prapr.mutators.ReturningDereferenceGuardMutator_3,1538007,7304,0,0,0,0,0,0,188
org.pitest.mutationtest.engine.gregor.mutators.NegateConditionalsMutator,1538009,5358,0,0,0,1,1,38,759
org.mudebug.prapr.mutators.MethodNameMutator_3,1543115,3626,0,0,0,0,0,497,1516
org.pitest.mutationtest.engine.gregor.mutators.NullReturnValsMutator,1543614,3558,0,0,1,1,1,38,114
org.mudebug.prapr.mutators.MethodNameMutator_8,1543654,7247,0,0,0,0,0,880,597
org.mudebug.prapr.mutators.NonVoidMethodCallGuardMutator_0,1544536,3558,0,0,0,0,0,0,122
org.mudebug.prapr.mutators.FieldAccessToMethodCallMutator_2,1544538,6683,0,0,0,0,0,39,686
org.mudebug.prapr.mutators.NonVoidMethodCallGuardMutator_0,1544579,347,0,0,0,0,0,0,543
org.pitest.mutationtest.engine.gregor.mutators.NonVoidMethodCallMutator,1544581,7058,0,0,0,0,0,0,337
org.mudebug.prapr.mutators.MethodNameMutator_0,1544583,7302,0,0,0,0,0,1965,102
org.mudebug.prapr.mutators.LocalToFieldAccessMutator_0,1546550,6723,0,0,1,1,1,5078,1346
org.mudebug.prapr.mutators.ReturningDereferenceGuardMutator_1,1551630,1042,0,0,0,0,0,0,229
org.mudebug.prapr.mutators.RelationalOperatorReplacement_1,1551632,3675,0,0,0,0,0,0,2356
org.pitest.mutationtest.engine.gregor.mutators.InlineConstantMutator,1551634,7058,0,0,1,1,1,5538,303
org.pitest.mutationtest.engine.gregor.mutators.ArgumentPropagationMutator,1557174,7063,0,0,1,1,1,5538,599
org.pitest.mutationtest.engine.gregor.mutators.InlineConstantMutator,1562714,5356,0,0,1,1,1,2243,575
org.mudebug.prapr.mutators.LocalToFieldAccessMutator_1,1564959,6750,0,0,0,0,0,3648,1968
org.mudebug.prapr.mutators.MethodNameMutator_9,1568609,7233,0,0,0,0,0,0,291
org.pitest.mutationtest.engine.gregor.mutators.RemoveConditionalMutator_EQUAL_IF,1568611,4411,0,0,0,0,0,23,471
org.pitest.mutationtest.engine.gregor.mutators.BooleanFalseReturnValsMutator,1568636,7259,0,0,1,1,1,5538,823
org.mudebug.prapr.mutators.FieldNameMutator_1,1574176,6684,0,0,0,0,0,108,711
org.mudebug.prapr.mutators.FieldToLocalAccessMutator_2,1574286,6743,0,0,0,0,0,2081,1874
org.mudebug.prapr.mutators.MethCallResultGuard_2,1576369,1248,0,0,0,0,0,0,870
org.mudebug.prapr.mutators.LocalNameMutator_0,1576371,5356,0,0,0,0,0,1,358
org.pitest.mutationtest.engine.gregor.mutators.experimental.RemoveSwitchMutator_57,1576374,555,0,0,0,0,0,0,872
org.pitest.mutationtest.engine.gregor.mutators.RemoveConditionalMutator_EQUAL_IF,1576376,7382,0,0,1,1,1,5538,431
org.mudebug.prapr.mutators.MethodNameMutator_1,1581916,5356,0,0,1,1,1,2868,80
org.pitest.mutationtest.engine.gregor.mutators.experimental.SwitchMutator,1584786,1245,0,0,1,1,1,42,675
org.mudebug.prapr.mutators.FieldNameMutator_0,1584830,7058,0,0,1,1,1,5072,478
org.pitest.mutationtest.engine.gregor.mutators.RemoveConditionalMutator_EQUAL_IF,1589904,7382,0,0,0,0,0,0,431
org.pitest.mutationtest.engine.gregor.mutators.NonVoidMethodCallMutator,1589906,7059,0,0,1,1,1,5538,547
org.mudebug.prapr.mutators.LocalNameMutator_0,1595446,6683,0,0,1,1,1,945,682
org.mudebug.prapr.mutators.MethCallResultGuard_1,1596393,7063,0,0,0,0,0,151,599
org.mudebug.prapr.mutators.FieldAccessToMethodCallMutator_3,1596546,1777,0,0,0,0,0,0,712
org.mudebug.prapr.mutators.ReturningDereferenceGuardMutator_3,1596548,6683,0,0,0,0,0,1,683
org.pitest.mutationtest.engine.gregor.mutators.NonVoidMethodCallMutator,1596551,1053,0,0,0,0,0,1806,434
org.pitest.mutationtest.engine.gregor.mutators.experimental.RemoveSwitchMutator_8,1598359,495,0,0,0,0,0,146,119
org.mudebug.prapr.mutators.ArithmeticOperatorReplacement_2,1598507,2459,0,0,0,0,0,7,62
org.pitest.mutationtest.engine.gregor.mutators.InlineConstantMutator,1598519,1038,0,0,0,0,0,0,131
org.mudebug.prapr.mutators.MethCallResultGuard_1,1598521,5356,0,0,0,0,0,0,522
org.mudebug.prapr.mutators.DereferenceGuardMutator_3,1598523,347,0,0,0,0,0,23,548
org.pitest.mutationtest.engine.gregor.mutators.experimental.RemoveSwitchMutator_2,1598548,5356,0,0,0,0,0,0,117
org.pitest.mutationtest.engine.gregor.mutators.experimental.RemoveSwitchMutator_25,1598550,495,0,0,0,0,0,32,119
org.mudebug.prapr.mutators.RelationalOperatorReplacement_2,1598584,1083,0,0,1,1,1,5191,844
org.pitest.mutationtest.engine.gregor.mutators.experimental.RemoveSwitchMutator_99,1603777,5356,0,0,0,0,0,11,117
org.mudebug.prapr.mutators.MethodNameMutator_2,1603790,6976,0,0,0,0,0,1,88
org.mudebug.prapr.mutators.LocalToFieldAccessMutator_0,1603793,4411,0,0,0,0,0,23,471
org.pitest.mutationtest.engine.gregor.mutators.experimental.RemoveSwitchMutator_66,1603818,555,0,0,0,0,0,0,872
org.pitest.mutationtest.engine.gregor.mutators.NonVoidMethodCallMutator,1603820,7059,0,0,1,1,1,5538,554
org.mudebug.prapr.mutators.DereferenceGuardMutator_3,1609360,329,0,0,0,0,0,0,295
org.pitest.mutationtest.engine.gregor.mutators.InlineConstantMutator,1609362,1928,0,0,0,0,0,1333,47
org.pitest.mutationtest.engine.gregor.mutators.NonVoidMethodCallMutator,1610697,1234,0,0,0,0,0,7,283
org.mudebug.prapr.mutators.FieldAccessToMethodCallMutator_4,1610706,6721,0,0,0,1,1,586,1331
org.pitest.mutationtest.engine.gregor.mutators.NonVoidMethodCallMutator,1611294,362,0,0,1,1,1,696,707
org.pitest.mutationtest.engine.gregor.mutators.NonVoidMethodCallMutator,1611992,7059,0,0,0,0,0,1,563
org.mudebug.prapr.mutators.DereferenceGuardMutator_0,1611995,7057,0,0,0,0,0,0,231
org.mudebug.prapr.mutators.LocalToFieldAccessMutator_2,1611997,6684,0,0,1,1,1,757,705
org.pitest.mutationtest.engine.gregor.mutators.experimental.RemoveSwitchMutator_50,1612756,6415,0,0,0,0,0,5,273
org.pitest.mutationtest.engine.gregor.mutators.RemoveConditionalMutator_EQUAL_IF,1612763,6706,0,0,0,0,0,37,933
org.mudebug.prapr.mutators.LocalToFieldAccessMutator_0,1612802,4410,0,0,0,0,0,0,464
org.mudebug.prapr.mutators.FieldToLocalAccessMutator_0,1612804,6689,0,0,0,1,1,8,779
org.pitest.mutationtest.engine.gregor.mutators.RemoveConditionalMutator_EQUAL_IF,1612814,495,0,0,1,1,1,696,171
org.mudebug.prapr.mutators.MethCallResultGuard_1,1613512,6972,0,0,0,0,0,0,66
org.mudebug.prapr.mutators.MethodNameMutator_4,1613514,1311,0,0,1,1,1,149,63
org.pitest.mutationtest.engine.gregor.mutators.RemoveConditionalMutator_EQUAL_IF,1613665,6732,0,0,0,0,0,0,1624
org.pitest.mutationtest.engine.gregor.mutators.VoidMethodCallMutator,1613667,4410,0,0,0,1,1,3437,457
org.pitest.mutationtest.engine.gregor.mutators.VoidMethodCallMutator,1617106,2967,0,0,0,1,1,211,610
org.mudebug.prapr.mutators.FieldNameMutator_0,1617319,6652,0,0,0,0,0,5,389
org.pitest.mutationtest.engine.gregor.mutators.ConstructorCallMutator,1617326,1243,0,0,1,1,1,12,630
org.mudebug.prapr.mutators.MethodNameMutator_0,1617340,347,0,0,0,0,0,3829,542
org.mudebug.prapr.mutators.RelationalOperatorReplacement_1,1621171,5356,0,0,0,0,0,87,504
org.mudebug.prapr.mutators.FieldAccessToMethodCallMutator_4,1621260,1777,0,0,0,0,0,0,674
org.mudebug.prapr.mutators.RelationalOperatorReplacement_0,1621262,245,0,0,0,0,0,29,198
org.mudebug.prapr.mutators.FieldAccessToMethodCallMutator_1,1621293,4626,0,0,0,0,0,0,62
org.pitest.mutationtest.engine.gregor.mutators.BooleanTrueReturnValsMutator,1621295,6986,0,0,0,0,0,4,145
org.mudebug.prapr.mutators.FieldNameMutator_2,1621301,4706,0,0,0,0,0,0,757
org.mudebug.prapr.mutators.FieldNameMutator_2,1626371,5356,0,0,0,1,1,79,351
org.pitest.mutationtest.engine.gregor.mutators.ReturnValsMutator,1626452,544,0,0,1,1,1,5365,120
org.mudebug.prapr.mutators.DereferenceGuardMutator_3,1631819,353,0,0,0,0,0,0,617
org.mudebug.prapr.mutators.ArgumentListMutator_0,1631821,1553,0,0,1,1,1,2698,135
org.mudebug.prapr.mutators.DereferenceGuardMutator_4,1634521,1119,0,0,0,0,0,0,1434
org.mudebug.prapr.mutators.FieldAccessToMethodCallMutator_1,1634523,4169,0,1,1,1,1,2595,193
org.mudebug.prapr.mutators.MethodNameMutator_1,1637119,1234,0,0,1,1,1,5,276
org.pitest.mutationtest.engine.gregor.mutators.RemoveConditionalMutator_EQUAL_ELSE,1637126,1106,0,0,0,0,0,5,1178
org.mudebug.prapr.mutators.FieldAccessToMethodCallMutator_4,1637133,1777,0,0,0,0,0,0,696
org.mudebug.prapr.mutators.MethCallResultGuard_1,1637135,7233,0,0,0,0,0,0,298
org.mudebug.prapr.mutators.FieldNameMutator_2,1637137,1777,0,0,0,0,0,0,689
org.mudebug.prapr.mutators.FieldAccessToMethodCallMutator_0,1637139,6977,0,0,0,0,0,0,97
org.mudebug.prapr.mutators.MethodNameMutator_2,1637141,1245,0,0,1,1,1,24,673
org.pitest.mutationtest.engine.gregor.mutators.NegateConditionalsMutator,1637167,5356,0,0,1,1,1,1074,428
org.mudebug.prapr.mutators.MethodNameMutator_1,1638243,346,0,0,0,0,0,26,498
org.mudebug.prapr.mutators.LocalNameMutator_0,1638271,6728,0,0,0,1,1,8,1413
org.mudebug.prapr.mutators.MethCallResultGuard_0,1638281,7064,0,0,0,0,0,7,619
org.mudebug.prapr.mutators.FieldNameMutator_2,1638290,1053,0,0,1,1,1,4574,439
org.mudebug.prapr.mutators.FieldNameMutator_3,1642866,7209,0,0,0,0,0,21,51
org.mudebug.prapr.mutators.RelationalOperatorReplacement_3,1642889,7241,0,0,0,0,0,2,432
org.mudebug.prapr.mutators.FieldNameMutator_1,1642893,7058,0,0,1,1,1,5538,255
org.mudebug.prapr.mutators.MethCallResultGuard_2,1648433,6710,0,0,0,0,0,0,1070
org.pitest.mutationtest.engine.gregor.mutators.RemoveConditionalMutator_EQUAL_IF,1648435,5359,0,0,0,0,0,2,794
org.mudebug.prapr.mutators.ArgumentListMutator_5,1648439,6710,0,0,1,1,1,44,1066
org.pitest.mutationtest.engine.gregor.mutators.NonVoidMethodCallMutator,1648485,1082,0,0,1,1,1,5191,834
org.mudebug.prapr.mutators.MethodNameMutator_9,1653678,7259,0,0,0,0,0,2100,823
org.pitest.mutationtest.engine.gregor.mutators.NullReturnValsMutator,1655780,556,0,0,1,1,1,5365,1186
org.mudebug.prapr.mutators.ReturningDereferenceGuardMutator_1,1661147,6689,0,0,0,0,0,0,783
org.pitest.mutationtest.engine.gregor.mutators.NegateConditionalsMutator,1661149,3563,0,0,0,1,1,71,307
org.mudebug.prapr.mutators.FieldAccessToMethodCallMutator_3,1661222,6678,0,0,1,1,1,5985,607
org.mudebug.prapr.mutators.RelationalOperatorReplacement_0,1667209,7476,0,0,0,0,0,17,202
org.mudebug.prapr.mutators.FieldNameMutator_5,1667228,7215,0,0,0,0,0,677,125
org.mudebug.prapr.mutators.MethodNameMutator_5,1667907,1231,0,0,1,1,1,59,98
org.mudebug.prapr.mutators.LocalToFieldAccessMutator_0,1667968,6174,0,0,0,0,0,4,549
org.mudebug.prapr.mutators.FieldAccessToMethodCallMutator_0,1667974,1109,0,0,0,0,0,450,1223
org.mudebug.prapr.mutators.MethodNameMutator_3,1668426,517,0,0,0,0,0,1412,95
org.pitest.mutationtest.engine.gregor.mutators.RemoveConditionalMutator_EQUAL_ELSE,1669840,4667,0,0,0,0,0,0,69
org.pitest.mutationtest.engine.gregor.mutators.ConstructorCallMutator,1669842,7304,0,0,0,0,0,2160,189
org.mudebug.prapr.mutators.RelationalOperatorReplacement_3,1672004,7086,0,0,0,0,0,0,892
org.mudebug.prapr.mutators.LocalToFieldAccessMutator_2,1672006,6673,0,0,1,1,1,5457,556
org.mudebug.prapr.mutators.NonVoidMethodCallGuardMutator_0,1677465,1042,0,0,0,0,0,0,243
org.mudebug.prapr.mutators.LocalToFieldAccessMutator_1,1677467,6711,0,0,0,1,1,2701,1130
org.pitest.mutationtest.engine.gregor.mutators.VoidMethodCallMutator,1680170,7057,0,0,1,1,1,5538,229
org.pitest.mutationtest.engine.gregor.mutators.experimental.MemberVariableMutator,1685710,6742,0,0,0,0,0,146,1852
org.pitest.mutationtest.engine.gregor.mutators.VoidMethodCallMutator,1685858,517,0,0,0,0,0,1412,95
org.mudebug.prapr.mutators.MethCallResultGuard_2,1687272,495,0,0,0,0,0,0,243
org.mudebug.prapr.mutators.LocalToFieldAccessMutator_0,1687277,6684,0,0,0,0,0,112,711
org.pitest.mutationtest.engine.gregor.mutators.experimental.NakedReceiverMutator,1687394,1245,0,0,1,1,1,20,714
org.mudebug.prapr.mutators.FieldNameMutator_0,1687416,7058,0,0,1,1,1,5538,247
org.mudebug.prapr.mutators.FieldNameMutator_1,1692956,6651,0,0,0,0,0,1584,382
org.pitest.mutationtest.engine.gregor.mutators.experimental.RemoveSwitchMutator_80,1694542,495,0,0,0,0,0,0,119
org.mudebug.prapr.mutators.MethCallResultGuard_1,1694547,5356,0,0,0,0,0,0,98
org.mudebug.prapr.mutators.RelationalOperatorReplacement_0,1694549,1046,0,0,0,0,0,92,314
org.mudebug.prapr.mutators.MethCallResultGuard_2,1694643,1050,0,0,0,0,0,0,381
org.pitest.mutationtest.engine.gregor.mutators.NonVoidMethodCallMutator,1694645,4680,0,0,0,0,0,24,120
org.mudebug.prapr.mutators.FieldAccessToMethodCallMutator_0,1694671,6859,0,0,0,0,0,0,71
org.mudebug.prapr.mutators.MethodNameMutator_3,1694673,5359,0,0,0,0,0,2,777
org.pitest.mutationtest.engine.gregor.mutators.experimental.RemoveSwitchMutator_83,1694677,495,0,0,0,0,0,662,119
org.mudebug.prapr.mutators.FieldNameMutator_1,1695341,1777,0,0,0,0,0,74,732
org.mudebug.prapr.mutators.FieldNameMutator_3,1695417,1777,0,0,0,0,0,0,697
org.pitest.mutationtest.engine.gregor.mutators.RemoveConditionalMutator_EQUAL_IF,1695419,7380,0,0,0,0,0,0,396
org.pitest.mutationtest.engine.gregor.mutators.RemoveConditionalMutator_EQUAL_ELSE,1695421,5376,0,0,1,1,1,253,1051
org.mudebug.prapr.mutators.MethCallResultGuard_1,1695676,7059,0,0,0,0,0,0,561
org.mudebug.prapr.mutators.ArgumentListMutator_5,1695678,6705,0,0,1,1,1,62,916
org.pitest.mutationtest.engine.gregor.mutators.RemoveConditionalMutator_EQUAL_IF,1695742,6743,0,0,1,1,1,2912,1870
org.mudebug.prapr.mutators.MethodNameMutator_0,1698656,348,0,0,1,1,1,393,558
org.mudebug.prapr.mutators.FieldAccessToMethodCallMutator_1,1699051,6652,0,0,1,1,1,4748,391
org.mudebug.prapr.mutators.ReturningDereferenceGuardMutator_0,1703801,347,0,0,0,0,0,0,512
org.mudebug.prapr.mutators.ReturningDereferenceGuardMutator_4,1703803,1119,0,0,0,0,0,5,1439
org.pitest.mutationtest.engine.gregor.mutators.experimental.RemoveSwitchMutator_96,1703810,3636,0,0,0,0,0,0,1649
org.mudebug.prapr.mutators.FieldNameMutator_1,1703812,6652,0,0,1,1,1,4748,389
org.mudebug.prapr.mutators.MethodNameMutator_0,1708562,3711,0,0,0,0,0,0,72
org.mudebug.prapr.mutators.FieldAccessToMethodCallMutator_2,1708564,4635,0,0,0,0,0,0,136
org.pitest.mutationtest.engine.gregor.mutators.experimental.MemberVariableMutator,1708566,7010,0,0,0,0,0,18,73
org.mudebug.prapr.mutators.FieldAccessToMethodCallMutator_0,1708588,1777,0,0,0,0,0,0,650
org.pitest.mutationtest.engine.gregor.mutators.RemoveConditionalMutator_EQUAL_ELSE,1708590,245,0,0,0,0,0,2,198
org.mudebug.prapr.mutators.FieldNameMutator_4,1708594,7131,0,0,0,0,0,5,74
org.mudebug.prapr.mutators.FieldNameMutator_5,1708601,7058,0,0,1,1,1,5538,327
org.pitest.mutationtest.engine.gregor.mutators.NonVoidMethodCallMutator,1714141,7058,0,0,0,0,0,17,330
org.mudebug.prapr.mutators.MethodNameMutator_0,1714160,7108,0,0,0,0,0,5,1158
org.mudebug.prapr.mutators.ArgumentListMutator_0,1714167,7052,0,0,1,1,1,5538,116
org.pitest.mutationtest.engine.gregor.mutators.experimental.RemoveSwitchMutator_35,1719707,3584,0,0,0,0,0,1192,901
org.mudebug.prapr.mutators.ArgumentListMutator_2,1720901,1042,0,0,1,1,1,5291,262
org.mudebug.prapr.mutators.FieldNameMutator_1,1726194,7058,0,0,1,1,1,5538,436
org.pitest.mutationtest.engine.gregor.mutators.NonVoidMethodCallMutator,1731734,1052,0,0,0,0,0,5,413
org.mudebug.prapr.mutators.MethCallResultGuard_2,1731741,247,0,0,0,0,0,0,239
org.mudebug.prapr.mutators.FieldNameMutator_3,1731743,7058,0,0,0,0,0,17,534
org.mudebug.prapr.mutators.FieldNameMutator_4,1731762,1777,0,0,0,0,0,0,724
org.pitest.mutationtest.engine.gregor.mutators.experimental.RemoveSwitchMutator_49,1731764,6649,0,0,0,0,0,0,175
org.mudebug.prapr.mutators.ArithmeticOperatorReplacement_8,1731766,6713,0,0,0,0,0,66,1152
org.mudebug.prapr.mutators.LocalNameMutator_0,1731834,5358,0,0,0,0,0,0,724
org.mudebug.prapr.mutators.DereferenceGuardMutator_0,1731836,1106,0,0,0,0,0,0,1070
org.pitest.mutationtest.engine.gregor.mutators.ReturnValsMutator,1731838,6743,0,0,1,1,1,2924,1878
org.mudebug.prapr.mutators.LocalNameMutator_2,1734764,7058,0,0,0,0,0,8,325
org.mudebug.prapr.mutators.ArgumentListMutator_4,1734774,2457,0,0,1,1,1,5291,47
org.mudebug.prapr.mutators.LocalToFieldAccessMutator_0,1740067,7258,0,0,0,0,0,8,816
org.mudebug.prapr.mutators.FieldNameMutator_1,1740077,7209,0,0,0,0,0,9,51
org.pitest.mutationtest.engine.gregor.mutators.NonVoidMethodCallMutator,1740088,3626,0,0,0,0,0,387,1516
org.mudebug.prapr.mutators.LocalToFieldAccessMutator_3,1740477,6694,0,0,1,1,1,5296,826
org.mudebug.prapr.mutators.LocalToFieldAccessMutator_1,1745775,558,0,0,1,1,1,4250,1194
org.mudebug.prapr.mutators.MethCallResultGuard_0,1750027,7058,0,0,0,0,0,0,307
org.pitest.mutationtest.engine.gregor.mutators.NegateConditionalsMutator,1750029,6686,0,0,1,1,1,5594,742
org.pitest.mutationtest.engine.gregor.mutators.NegateConditionalsMutator,1760691,4411,0,0,0,0,0,76,487
org.mudebug.prapr.mutators.MethodNameMutator_3,1760769,7302,0,0,0,0,0,5,137
org.mudebug.prapr.mutators.MethodNameMutator_6,1760776,3675,0,0,0,0,0,438,2364
org.mudebug.prapr.mutators.MethodNameMutator_1,1761216,7058,0,0,1,1,1,5538,398
org.mudebug.prapr.mutators.FieldNameMutator_4,1766756,5363,0,0,0,0,0,1,828
org.mudebug.prapr.mutators.ReturningDereferenceGuardMutator_0,1766759,332,0,0,0,0,0,0,346
org.mudebug.prapr.mutators.MethCallResultGuard_1,1766761,7058,0,0,0,0,0,0,439
org.mudebug.prapr.mutators.ArgumentListMutator_5,1766769,7058,0,0,0,0,0,5,439
org.pitest.mutationtest.engine.gregor.mutators.InlineConstantMutator,1766776,347,0,0,0,0,0,3986,511
org.pitest.mutationtest.engine.gregor.mutators.experimental.MemberVariableMutator,1770764,1777,0,0,0,0,0,0,640
org.mudebug.prapr.mutators.ArgumentListMutator_5,1770766,5356,0,0,0,0,0,0,575
org.mudebug.prapr.mutators.FieldNameMutator_2,1770768,6678,0,0,1,1,1,5950,610
org.mudebug.prapr.mutators.FieldNameMutator_2,1776720,6651,0,0,0,0,0,0,377
org.mudebug.prapr.mutators.ArgumentListMutator_3,1776722,556,0,0,1,1,1,5360,1186
org.mudebug.prapr.mutators.LocalNameMutator_0,1782084,3664,0,0,0,0,0,60,2190
org.mudebug.prapr.mutators.FieldNameMutator_0,1782146,7300,0,0,0,0,0,1969,74
org.pitest.mutationtest.engine.gregor.mutators.NonVoidMethodCallMutator,1784117,3489,0,0,0,0,0,0,255
org.pitest.mutationtest.engine.gregor.mutators.experimental.RemoveSwitchMutator_96,1784119,3584,0,0,0,0,0,93,901
org.mudebug.prapr.mutators.MethodNameMutator_0,1784214,347,0,0,0,0,0,4,520
org.mudebug.prapr.mutators.FieldToLocalAccessMutator_0,1784220,1046,0,0,1,1,1,4574,309
org.pitest.mutationtest.engine.gregor.mutators.NonVoidMethodCallMutator,1788796,7302,0,0,0,0,0,22,137
org.mudebug.prapr.mutators.MethodNameMutator_7,1788820,1234,0,0,1,1,1,3,310
org.mudebug.prapr.mutators.ArgumentListMutator_4,1788828,1038,0,0,1,1,1,5303,137
org.mudebug.prapr.mutators.FieldAccessToMethodCallMutator_2,1794133,6683,0,0,1,1,1,945,683
org.mudebug.prapr.mutators.MethodNameMutator_2,1795084,6737,0,0,1,1,1,2668,1783
org.mudebug.prapr.mutators.LocalNameMutator_1,1797754,6684,0,0,0,0,0,251,712
org.pitest.mutationtest.engine.gregor.mutators.BooleanTrueReturnValsMutator,1798007,1243,0,0,0,1,1,10,637
org.mudebug.prapr.mutators.RelationalOperatorReplacement_2,1798022,4411,0,0,0,0,0,0,472
org.pitest.mutationtest.engine.gregor.mutators.experimental.RemoveSwitchMutator_29,1798024,3636,0,0,0,0,0,0,1649
org.pitest.mutationtest.engine.gregor.mutators.NegateConditionalsMutator,1798026,7204,0,0,0,0,0,145,135
org.mudebug.prapr.mutators.LocalNameMutator_2,1798173,7058,0,0,0,0,0,1604,429
org.pitest.mutationtest.engine.gregor.mutators.InlineConstantMutator,1799779,7209,0,0,0,0,0,22,51
org.mudebug.prapr.mutators.MethCallResultGuard_0,1799803,328,0,0,0,0,0,0,280
org.mudebug.prapr.mutators.MethCallResultGuard_2,1799805,7305,0,0,0,0,0,0,208
org.pitest.mutationtest.engine.gregor.mutators.NonVoidMethodCallMutator,1799807,4261,0,0,0,0,0,0,471
org.mudebug.prapr.mutators.DereferenceGuardMutator_0,1799809,4260,0,0,0,0,0,0,453
org.mudebug.prapr.mutators.MethodNameMutator_3,1799811,4410,0,0,0,0,0,1178,439
org.mudebug.prapr.mutators.MethCallResultGuard_0,1800991,6725,0,0,0,0,0,0,1367
org.mudebug.prapr.mutators.ArgumentListMutator_3,1800993,6737,0,0,0,0,0,0,1782
org.pitest.mutationtest.engine.gregor.mutators.InlineConstantMutator,1800995,4411,0,0,1,1,1,4269,472
org.mudebug.prapr.mutators.FieldAccessToMethodCallMutator_0,1805266,6678,0,0,1,1,1,5445,602
org.mudebug.prapr.mutators.MethodNameMutator_5,1810713,1231,0,0,1,1,1,33,68
org.pitest.mutationtest.engine.gregor.mutators.NonVoidMethodCallMutator,1810748,6710,0,0,0,1,1,8,1066
org.pitest.mutationtest.engine.gregor.mutators.RemoveConditionalMutator_EQUAL_ELSE,1810758,5356,0,0,1,1,1,1316,215
org.mudebug.prapr.mutators.ArgumentListMutator_3,1812076,7052,0,0,1,1,1,5538,107
org.mudebug.prapr.mutators.LocalToFieldAccessMutator_2,1817616,7064,0,0,1,1,1,5538,617
org.mudebug.prapr.mutators.ArgumentListMutator_3,1823156,5191,0,0,1,1,1,5159,78
org.pitest.mutationtest.engine.gregor.mutators.NonVoidMethodCallMutator,1828317,3587,0,0,0,0,0,239,1015
org.pitest.mutationtest.engine.gregor.mutators.VoidMethodCallMutator,1828558,6708,0,0,0,1,1,8,1049
org.pitest.mutationtest.engine.gregor.mutators.BooleanTrueReturnValsMutator,1828568,6867,0,0,0,0,0,807,159
org.pitest.mutationtest.engine.gregor.mutators.ReturnValsMutator,1829377,6388,0,0,0,1,1,1310,265
org.pitest.mutationtest.engine.gregor.mutators.experimental.RemoveSwitchMutator_74,1830689,3584,0,0,0,0,0,0,901
org.pitest.mutationtest.engine.gregor.mutators.experimental.MemberVariableMutator,1830691,1038,0,0,0,0,0,5,76
org.pitest.mutationtest.engine.gregor.mutators.experimental.MemberVariableMutator,1830698,7554,0,0,0,0,0,2250,57
org.mudebug.prapr.mutators.RelationalOperatorReplacement_0,1832950,7090,0,0,0,0,0,1992,931
org.mudebug.prapr.mutators.FieldNameMutator_5,1834944,1777,0,0,0,0,0,0,723
org.mudebug.prapr.mutators.FieldAccessToMethodCallMutator_1,1834946,6683,0,0,1,1,1,2707,686
org.pitest.mutationtest.engine.gregor.mutators.BooleanTrueReturnValsMutator,1837655,1799,0,0,0,0,0,0,931
org.mudebug.prapr.mutators.FieldAccessToMethodCallMutator_0,1837657,1777,0,0,0,0,0,41,756
org.mudebug.prapr.mutators.NonVoidMethodCallGuardMutator_0,1837700,1248,0,0,0,0,0,0,878
org.pitest.mutationtest.engine.gregor.mutators.NullReturnValsMutator,1837702,6728,0,0,0,0,0,5,1426
org.mudebug.prapr.mutators.FieldAccessToMethodCallMutator_2,1837709,6652,0,0,0,0,0,0,405
org.pitest.mutationtest.engine.gregor.mutators.experimental.MemberVariableMutator,1837711,7304,0,0,0,0,0,2160,189
org.mudebug.prapr.mutators.DereferenceGuardMutator_0,1839873,4260,0,0,0,0,0,0,453
org.mudebug.prapr.mutators.MethCallResultGuard_0,1839875,5213,0,0,0,0,0,0,91
org.pitest.mutationtest.engine.gregor.mutators.NonVoidMethodCallMutator,1839877,5356,0,0,1,1,1,1074,440
org.mudebug.prapr.mutators.FieldAccessToMethodCallMutator_0,1840953,6683,0,0,1,1,1,945,683
org.mudebug.prapr.mutators.FieldNameMutator_3,1841900,7058,0,0,1,1,1,5538,449
org.mudebug.prapr.mutators.NonVoidMethodCallGuardMutator_0,1847440,495,0,0,0,0,0,0,233
org.pitest.mutationtest.engine.gregor.mutators.RemoveConditionalMutator_EQUAL_ELSE,1847442,7108,0,0,0,0,0,49,1155
org.pitest.mutationtest.engine.gregor.mutators.VoidMethodCallMutator,1847493,7059,0,0,0,0,0,2,556
org.mudebug.prapr.mutators.FieldNameMutator_0,1847497,7058,0,0,0,0,0,2310,529
org.pitest.mutationtest.engine.gregor.mutators.RemoveConditionalMutator_EQUAL_IF,1849809,3589,0,0,0,0,0,105,1062
org.mudebug.prapr.mutators.MethodNameMutator_1,1849916,347,0,0,0,0,0,6,522
org.mudebug.prapr.mutators.NonVoidMethodCallGuardMutator_0,1849924,3711,0,0,0,0,0,5,72
org.mudebug.prapr.mutators.DereferenceGuardMutator_3,1849931,7627,0,0,0,0,0,0,159
org.mudebug.prapr.mutators.LocalToFieldAccessMutator_2,1849933,6725,0,0,0,1,1,1,1369
org.mudebug.prapr.mutators.DereferenceGuardMutator_0,1849936,348,0,0,0,0,0,0,557
org.pitest.mutationtest.engine.gregor.mutators.RemoveConditionalMutator_EQUAL_IF,1849938,5356,0,0,0,1,1,232,76
org.pitest.mutationtest.engine.gregor.mutators.experimental.MemberVariableMutator,1850172,1777,0,0,0,0,0,0,712
org.mudebug.prapr.mutators.LocalToFieldAccessMutator_0,1850174,6743,0,0,0,0,0,2086,1874
org.mudebug.prapr.mutators.MethodNameMutator_1,1852262,5356,0,0,0,0,0,64,354
org.pitest.mutationtest.engine.gregor.mutators.PrimitiveReturnsMutator,1852328,3244,0,0,0,0,0,136,77
org.mudebug.prapr.mutators.FieldNameMutator_3,1852466,7058,0,0,1,1,1,5226,275
org.mudebug.prapr.mutators.ArgumentListMutator_4,1857694,5356,0,0,1,1,1,2243,576
org.mudebug.prapr.mutators.MethodNameMutator_0,1859939,7384,0,0,0,0,0,1,495
org.mudebug.prapr.mutators.MethCallResultGuard_0,1859942,353,0,0,0,0,0,0,617
org.mudebug.prapr.mutators.FieldNameMutator_2,1859944,1777,0,0,0,0,0,0,715
org.pitest.mutationtest.engine.gregor.mutators.NonVoidMethodCallMutator,1859946,6706,0,0,0,1,1,14,929
org.mudebug.prapr.mutators.LocalNameMutator_0,1859962,245,0,0,1,1,1,4269,197
org.mudebug.prapr.mutators.ReturningDereferenceGuardMutator_0,1864233,7061,0,0,0,0,0,0,573
org.mudebug.prapr.mutators.ArgumentListMutator_4,1864238,6725,0,0,0,1,1,0,1369
org.mudebug.prapr.mutators.ArgumentListMutator_1,1864245,1038,0,0,1,1,1,5303,1599
org.mudebug.prapr.mutators.FieldNameMutator_2,1869550,7058,0,0,1,1,1,5538,409
org.pitest.mutationtest.engine.gregor.mutators.experimental.NakedReceiverMutator,1875090,7063,0,0,0,0,0,31,605
org.pitest.mutationtest.engine.gregor.mutators.experimental.MemberVariableMutator,1875123,6742,0,0,0,0,0,434,1855
org.mudebug.prapr.mutators.MethCallResultGuard_2,1875559,1106,0,0,1,1,1,2968,1146
org.mudebug.prapr.mutators.NonVoidMethodCallGuardMutator_0,1878529,3611,0,0,0,0,0,0,1327
org.mudebug.prapr.mutators.LocalToFieldAccessMutator_0,1878531,6696,0,0,1,1,1,5980,837
org.mudebug.prapr.mutators.LocalNameMutator_1,1884513,1245,0,0,0,0,0,11,718
org.pitest.mutationtest.engine.gregor.mutators.experimental.NakedReceiverMutator,1884526,6710,0,0,0,1,1,8,1066
org.mudebug.prapr.mutators.MethCallResultGuard_1,1884543,3611,0,0,0,0,0,0,1327
org.mudebug.prapr.mutators.ReturningDereferenceGuardMutator_4,1884545,4706,0,0,0,0,0,0,757
org.mudebug.prapr.mutators.LocalToFieldAccessMutator_4,1884547,6690,0,0,0,1,1,2579,792
org.mudebug.prapr.mutators.RelationalOperatorReplacement_1,1887128,5356,0,0,0,0,0,0,432
org.pitest.mutationtest.engine.gregor.mutators.VoidMethodCallMutator,1887130,6709,0,0,0,1,1,8,1057
org.mudebug.prapr.mutators.MethodNameMutator_0,1887140,7058,0,0,0,0,0,11,519
org.pitest.mutationtest.engine.gregor.mutators.ReturnValsMutator,1887153,7200,0,0,0,0,0,1640,108
org.pitest.mutationtest.engine.gregor.mutators.InlineConstantMutator,1888795,4667,0,0,0,1,1,2583,68
org.mudebug.prapr.mutators.MethCallResultGuard_1,1891380,7058,0,0,0,0,0,0,303
org.pitest.mutationtest.engine.gregor.mutators.ArgumentPropagationMutator,1891382,7358,0,0,0,0,0,243,153
org.mudebug.prapr.mutators.NonVoidMethodCallGuardMutator_0,1891627,7064,0,0,0,0,0,0,614
org.pitest.mutationtest.engine.gregor.mutators.NonVoidMethodCallMutator,1891629,6799,0,0,1,1,1,5538,104
org.mudebug.prapr.mutators.ArithmeticOperatorReplacement_1,1897169,2459,0,0,1,1,1,5291,62
org.mudebug.prapr.mutators.LocalToFieldAccessMutator_2,1902462,6696,0,0,0,1,1,580,837
org.mudebug.prapr.mutators.FieldAccessToMethodCallMutator_1,1903044,6743,0,0,0,0,0,5,1871
org.mudebug.prapr.mutators.RelationalOperatorReplacement_3,1903051,2967,0,0,0,0,0,25,614
org.pitest.mutationtest.engine.gregor.mutators.NonVoidMethodCallMutator,1903078,1143,0,0,0,0,0,8,1727
org.mudebug.prapr.mutators.FieldAccessToMethodCallMutator_1,1903088,6684,0,0,1,1,1,877,712
org.pitest.mutationtest.engine.gregor.mutators.experimental.RemoveSwitchMutator_50,1903967,6649,0,0,0,0,0,0,175
org.mudebug.prapr.mutators.FieldAccessToMethodCallMutator_0,1903969,4630,0,1,1,1,1,2319,110
org.mudebug.prapr.mutators.NonVoidMethodCallGuardMutator_0,1906289,6725,0,0,0,0,0,0,1369
org.mudebug.prapr.mutators.MethodNameMutator_3,1906291,3675,0,0,0,0,0,0,2364
org.mudebug.prapr.mutators.RelationalOperatorReplacement_3,1906293,6706,0,0,0,1,1,9,930
org.mudebug.prapr.mutators.ArgumentListMutator_0,1906304,7058,0,0,0,0,0,5,284
org.mudebug.prapr.mutators.ReturningDereferenceGuardMutator_2,1906311,7063,0,0,0,0,0,0,599
org.mudebug.prapr.mutators.ArgumentListMutator_1,1906313,6652,0,0,0,0,0,0,395
org.mudebug.prapr.mutators.LocalToFieldAccessMutator_3,1906315,6713,0,0,0,0,0,1,1149
org.pitest.mutationtest.engine.gregor.mutators.BooleanFalseReturnValsMutator,1906318,1540,0,0,0,1,1,211,53
org.mudebug.prapr.mutators.MethCallResultGuard_2,1906538,7058,0,0,0,0,0,0,522
org.pitest.mutationtest.engine.gregor.mutators.InlineConstantMutator,1906540,7247,0,0,1,1,1,5538,597
org.mudebug.prapr.mutators.LocalToFieldAccessMutator_0,1912080,551,0,0,0,0,0,12,212
org.pitest.mutationtest.engine.gregor.mutators.NonVoidMethodCallMutator,1912094,3497,0,0,1,1,1,5204,423
org.pitest.mutationtest.engine.gregor.mutators.experimental.RemoveSwitchMutator_90,1917303,495,0,0,0,0,0,2,119
org.mudebug.prapr.mutators.ArithmeticOperatorDeletion_1,1917307,6713,0,0,0,1,1,105,1152
org.mudebug.prapr.mutators.ReturningDereferenceGuardMutator_4,1917414,6698,0,0,0,0,0,0,859
org.mudebug.prapr.mutators.DereferenceGuardMutator_0,1917416,7304,0,0,0,0,0,0,186
org.mudebug.prapr.mutators.VoidMethodCallGuardMutator,1917418,7057,0,0,0,0,0,0,232
org.pitest.mutationtest.engine.gregor.mutators.NonVoidMethodCallMutator,1917420,7058,0,0,1,1,1,5538,284
org.mudebug.prapr.mutators.FieldNameMutator_0,1922960,4256,0,0,0,0,0,0,386
org.mudebug.prapr.mutators.RelationalOperatorReplacement_1,1922962,5356,0,0,0,0,0,0,490
org.mudebug.prapr.mutators.MethodNameMutator_0,1922964,6728,0,0,0,1,1,2808,1407
org.mudebug.prapr.mutators.FieldNameMutator_2,1925774,7355,0,0,1,1,1,5538,116
org.mudebug.prapr.mutators.ReturningDereferenceGuardMutator_4,1931314,7358,0,0,0,0,0,0,153
org.mudebug.prapr.mutators.FieldAccessToMethodCallMutator_3,1931316,4159,0,0,1,1,1,4583,103
org.pitest.mutationtest.engine.gregor.mutators.NonVoidMethodCallMutator,1935901,551,0,0,0,1,1,83,221
org.pitest.mutationtest.engine.gregor.mutators.VoidMethodCallMutator,1935986,5356,0,0,0,1,1,86,500
org.mudebug.prapr.mutators.ReturningDereferenceGuardMutator_0,1936074,6176,0,0,0,0,0,0,577
org.mudebug.prapr.mutators.RelationalOperatorReplacement_2,1936076,1564,0,0,0,0,0,105,262
org.mudebug.prapr.mutators.MethCallResultGuard_1,1936183,4411,0,0,0,0,0,23,494
org.pitest.mutationtest.engine.gregor.mutators.VoidMethodCallMutator,1936215,3387,0,0,0,1,1,148,59
org.mudebug.prapr.mutators.NonVoidMethodCallGuardMutator_0,1936365,7059,0,0,0,0,0,0,557
org.mudebug.prapr.mutators.MethodNameMutator_0,1936367,7131,0,0,0,0,0,3,71
org.pitest.mutationtest.engine.gregor.mutators.NonVoidMethodCallMutator,1936372,6711,0,0,0,1,1,111,1133
org.pitest.mutationtest.engine.gregor.mutators.NegateConditionalsMutator,1936485,4411,0,0,1,1,1,4269,500
org.pitest.mutationtest.engine.gregor.mutators.experimental.RemoveSwitchMutator_92,1940756,495,0,0,0,0,0,0,119
org.mudebug.prapr.mutators.MethCallResultGuard_0,1940758,7556,0,0,0,0,0,0,70
org.mudebug.prapr.mutators.DereferenceGuardMutator_0,1940760,6688,0,0,0,0,0,0,763
org.mudebug.prapr.mutators.FieldAccessToMethodCallMutator_3,1940762,6674,0,0,0,0,0,530,564
org.mudebug.prapr.mutators.LocalNameMutator_1,1941294,6743,0,0,1,1,1,2883,1871
org.pitest.mutationtest.engine.gregor.mutators.NullReturnValsMutator,1944179,1082,0,0,1,1,1,5191,839
org.mudebug.prapr.mutators.FieldAccessToMethodCallMutator_1,1949372,1777,0,0,0,0,0,0,705
org.pitest.mutationtest.engine.gregor.mutators.NegateConditionalsMutator,1949374,1236,1,0,0,1,1,15,520
org.mudebug.prapr.mutators.ReturningDereferenceGuardMutator_4,1949391,7057,0,0,0,0,0,0,230
org.mudebug.prapr.mutators.LocalToFieldAccessMutator_2,1949400,6712,0,0,1,1,1,5363,1137
org.mudebug.prapr.mutators.FieldNameMutator_5,1954765,1777,0,0,0,0,0,0,712
org.mudebug.prapr.mutators.ReturningDereferenceGuardMutator_3,1954767,6674,0,0,0,0,0,0,563
org.pitest.mutationtest.engine.gregor.mutators.NullReturnValsMutator,1954769,6749,0,0,0,0,0,1412,1961
org.mudebug.prapr.mutators.MethodNameMutator_4,1956183,1245,0,0,1,1,1,20,714
org.pitest.mutationtest.engine.gregor.mutators.ReturnValsMutator,1956205,3558,0,0,1,1,1,100,140
org.mudebug.prapr.mutators.MethodNameMutator_3,1956307,1234,0,0,0,1,1,10,275
org.mudebug.prapr.mutators.FieldAccessToMethodCallMutator_2,1956319,6684,0,0,1,1,1,877,712
org.mudebug.prapr.mutators.FieldAccessToMethodCallMutator_0,1957198,1777,0,0,0,0,0,0,706
org.pitest.mutationtest.engine.gregor.mutators.RemoveConditionalMutator_EQUAL_IF,1957200,7215,0,0,0,0,0,1381,137
org.mudebug.prapr.mutators.LocalToFieldAccessMutator_0,1958583,6728,0,0,1,1,1,2802,1420
org.mudebug.prapr.mutators.MethCallResultGuard_2,1961387,7198,0,0,0,0,0,0,68
org.mudebug.prapr.mutators.MethodNameMutator_2,1961389,1564,0,0,0,0,0,90,262
org.pitest.mutationtest.engine.gregor.mutators.NonVoidMethodCallMutator,1961481,241,0,0,0,0,0,7,142
org.mudebug.prapr.mutators.FieldNameMutator_5,1961490,7058,0,0,1,1,1,5538,247
org.pitest.mutationtest.engine.gregor.mutators.ArgumentPropagationMutator,1967030,6691,0,0,0,1,1,2058,800
org.pitest.mutationtest.engine.gregor.mutators.NonVoidMethodCallMutator,1969090,1053,0,0,0,0,0,0,433
org.mudebug.prapr.mutators.FieldAccessToMethodCallMutator_1,1969092,1042,0,0,0,0,0,11,256
org.mudebug.prapr.mutators.LocalToFieldAccessMutator_0,1969105,6743,0,0,1,1,1,2694,1867
org.mudebug.prapr.mutators.MethodNameMutator_1,1971801,5356,0,0,1,1,1,1316,215
org.mudebug.prapr.mutators.DereferenceGuardMutator_3,1973119,6728,0,0,0,0,0,0,1407
org.mudebug.prapr.mutators.MethCallResultGuard_2,1973121,7058,0,0,0,0,0,0,532
org.mudebug.prapr.mutators.DereferenceGuardMutator_3,1973123,6723,0,0,0,0,0,5,1346
org.pitest.mutationtest.engine.gregor.mutators.experimental.RemoveSwitchMutator_52,1973130,3584,0,0,0,0,0,0,901
org.mudebug.prapr.mutators.ReturningDereferenceGuardMutator_4,1973135,6706,0,0,0,0,0,0,1020
org.pitest.mutationtest.engine.gregor.mutators.NonVoidMethodCallMutator,1973137,3563,0,0,0,0,0,5,307
org.mudebug.prapr.mutators.LocalToFieldAccessMutator_4,1973144,6695,0,0,0,1,1,504,831
org.pitest.mutationtest.engine.gregor.mutators.NegateConditionalsMutator,1973650,6697,0,0,1,1,1,49,844
org.mudebug.prapr.mutators.MethCallResultGuard_1,1973701,5365,0,0,0,0,0,0,837
org.mudebug.prapr.mutators.MethodNameMutator_2,1973703,5356,0,0,1,1,1,1074,440
org.mudebug.prapr.mutators.FieldNameMutator_4,1974779,7058,0,0,0,0,0,1751,294
org.mudebug.prapr.mutators.LocalToFieldAccessMutator_3,1976532,6728,0,0,1,1,1,2759,1409
org.mudebug.prapr.mutators.ArgumentListMutator_4,1979293,662,0,0,0,0,0,0,284
org.mudebug.prapr.mutators.MethodNameMutator_2,1979295,7384,0,0,1,1,1,5538,495
org.mudebug.prapr.mutators.NonVoidMethodCallGuardMutator_0,1984835,4411,0,0,0,0,0,0,474
org.mudebug.prapr.mutators.RelationalOperatorReplacement_2,1984837,6867,0,0,0,0,0,807,159
org.mudebug.prapr.mutators.NonVoidMethodCallGuardMutator_0,1985646,6974,0,0,0,0,0,5,76
org.mudebug.prapr.mutators.LocalNameMutator_0,1985653,7058,0,0,0,0,0,30,340
org.mudebug.prapr.mutators.LocalToFieldAccessMutator_0,1985685,551,0,0,0,0,0,1505,214
org.mudebug.prapr.mutators.RelationalOperatorReplacement_0,1987192,1562,0,0,0,0,0,26,209
org.mudebug.prapr.mutators.MethodNameMutator_1,1987220,4411,0,0,1,1,1,4267,471
org.pitest.mutationtest.engine.gregor.mutators.NonVoidMethodCallMutator,1991489,347,0,0,1,1,1,4299,512
org.mudebug.prapr.mutators.ReturningDereferenceGuardMutator_4,1995790,1129,0,0,0,0,0,0,1604
org.mudebug.prapr.mutators.MethodNameMutator_7,1995792,5356,0,0,1,1,1,2868,83
org.pitest.mutationtest.engine.gregor.mutators.ReturnValsMutator,1998662,7086,0,0,0,0,0,2385,893
org.mudebug.prapr.mutators.MethodNameMutator_5,2001049,3611,0,0,1,1,1,4302,1327
org.mudebug.prapr.mutators.ArgumentListMutator_0,2005353,4679,0,0,0,0,0,0,115
org.pitest.mutationtest.engine.gregor.mutators.experimental.RemoveSwitchMutator_28,2005362,3584,0,0,0,0,0,30,901
org.mudebug.prapr.mutators.MethodNameMutator_3,2005394,547,0,0,0,0,0,0,167
org.mudebug.prapr.mutators.FieldNameMutator_1,2005396,7058,0,0,1,1,1,5538,379
org.mudebug.prapr.mutators.LocalNameMutator_0,2010936,6705,0,0,0,0,0,0,917
org.mudebug.prapr.mutators.FieldNameMutator_1,2010938,1046,0,0,0,0,0,12,313
org.pitest.mutationtest.engine.gregor.mutators.VoidMethodCallMutator,2010952,5360,0,0,0,1,1,203,808
org.mudebug.prapr.mutators.FieldNameMutator_0,2011161,1046,0,0,1,1,1,4574,309
org.mudebug.prapr.mutators.FieldToLocalAccessMutator_0,2015737,6686,0,0,1,1,1,5093,742
org.mudebug.prapr.mutators.NonVoidMethodCallGuardMutator_0,2020832,5376,0,0,0,0,0,0,1051
org.mudebug.prapr.mutators.NonVoidMethodCallGuardMutator_0,2020834,3711,0,0,0,0,0,0,72
org.mudebug.prapr.mutators.ArgumentListMutator_4,2020836,7058,0,0,0,0,0,19,330
org.mudebug.prapr.mutators.ReturningDereferenceGuardMutator_1,2020857,328,0,0,0,0,0,0,280
org.mudebug.prapr.mutators.FieldNameMutator_0,2020859,1777,0,0,0,0,0,0,638
org.pitest.mutationtest.engine.gregor.mutators.InlineConstantMutator,2020861,6931,0,0,0,0,0,930,849
org.pitest.mutationtest.engine.gregor.mutators.VoidMethodCallMutator,2021793,7200,0,0,0,0,0,88,107
org.pitest.mutationtest.engine.gregor.mutators.InlineConstantMutator,2021883,4410,0,0,0,0,0,221,440
org.mudebug.prapr.mutators.MethCallResultGuard_2,2022106,1042,0,0,0,0,0,0,243
org.mudebug.prapr.mutators.MethCallResultGuard_0,2022108,495,0,0,0,0,0,0,184
org.mudebug.prapr.mutators.ArgumentListMutator_0,2022110,7052,0,0,0,0,0,0,198
org.mudebug.prapr.mutators.RelationalOperatorReplacement_0,2022112,7302,0,0,0,0,0,1967,102
org.pitest.mutationtest.engine.gregor.mutators.VoidMethodCallMutator,2024081,7058,0,0,0,0,0,2250,385
org.mudebug.prapr.mutators.FieldNameMutator_1,2026333,1777,0,0,0,0,0,0,745
org.mudebug.prapr.mutators.ArgumentListMutator_5,2026335,6725,0,0,0,1,1,0,1369
org.mudebug.prapr.mutators.LocalToFieldAccessMutator_0,2026337,7383,0,0,1,1,1,5538,460
org.mudebug.prapr.mutators.RelationalOperatorReplacement_2,2036946,244,0,0,0,0,0,26,187
org.pitest.mutationtest.engine.gregor.mutators.experimental.MemberVariableMutator,2036974,1135,0,0,1,1,1,5202,1644
org.mudebug.prapr.mutators.MethodNameMutator_0,2042178,1237,0,0,0,0,0,0,545
org.pitest.mutationtest.engine.gregor.mutators.NegateConditionalsMutator,2042180,7503,0,0,0,0,0,1036,444
org.mudebug.prapr.mutators.RelationalOperatorReplacement_2,2043218,495,0,0,1,1,1,3741,265
org.mudebug.prapr.mutators.FieldToLocalAccessMutator_0,2046961,7258,0,0,0,0,0,8,816
org.pitest.mutationtest.engine.gregor.mutators.experimental.NakedReceiverMutator,2046971,6725,0,0,0,1,1,0,1369
org.mudebug.prapr.mutators.MethodNameMutator_3,2046973,1231,0,0,0,0,0,4,72
org.mudebug.prapr.mutators.FieldAccessToMethodCallMutator_1,2046979,6673,0,0,1,1,1,5203,556
org.mudebug.prapr.mutators.FieldAccessToMethodCallMutator_1,2052184,6728,0,0,1,1,1,2674,1420
org.mudebug.prapr.mutators.RelationalOperatorReplacement_0,2054860,6706,0,0,1,1,1,48,941
org.mudebug.prapr.mutators.MethCallResultGuard_0,2054910,1042,0,0,0,0,0,14,246
org.pitest.mutationtest.engine.gregor.mutators.experimental.MemberVariableMutator,2054926,1038,0,0,0,0,0,0,143
org.pitest.mutationtest.engine.gregor.mutators.NonVoidMethodCallMutator,2054928,7059,0,0,1,1,1,5538,562
org.pitest.mutationtest.engine.gregor.mutators.experimental.RemoveSwitchMutator_85,2060468,5356,0,0,0,0,0,0,117
org.pitest.mutationtest.engine.gregor.mutators.RemoveConditionalMutator_EQUAL_IF,2060470,1119,0,0,1,1,1,2721,1439
org.pitest.mutationtest.engine.gregor.mutators.experimental.RemoveSwitchMutator_98,2063193,6415,0,0,0,0,0,0,273
org.pitest.mutationtest.engine.gregor.mutators.ArgumentPropagationMutator,2063195,1234,0,0,1,1,1,3,310
org.pitest.mutationtest.engine.gregor.mutators.InlineConstantMutator,2063200,5213,0,0,1,1,1,2868,89
org.mudebug.prapr.mutators.ArgumentListMutator_2,2066070,7197,0,0,1,1,1,5538,52
org.pitest.mutationtest.engine.gregor.mutators.NullReturnValsMutator,2071610,547,0,0,1,1,1,745,171
org.mudebug.prapr.mutators.FieldNameMutator_3,2072357,1777,0,0,0,0,0,0,640
org.mudebug.prapr.mutators.LocalToFieldAccessMutator_3,2072359,6744,0,0,1,1,1,905,1893
org.mudebug.prapr.mutators.NonVoidMethodCallGuardMutator_0,2073266,1234,0,0,0,0,0,0,272
org.pitest.mutationtest.engine.gregor.mutators.InlineConstantMutator,2073268,5356,0,0,0,0,0,0,523
org.mudebug.prapr.mutators.FieldNameMutator_0,2073270,1777,0,0,0,0,0,0,758
org.mudebug.prapr.mutators.MethodNameMutator_0,2073272,6678,0,0,0,0,0,0,603
org.mudebug.prapr.mutators.LocalToFieldAccessMutator_0,2073274,551,0,0,1,1,1,5360,227
org.pitest.mutationtest.engine.gregor.mutators.experimental.MemberVariableMutator,2078636,7613,0,0,0,0,0,0,55
org.pitest.mutationtest.engine.gregor.mutators.experimental.RemoveSwitchMutator_36,2078638,6415,0,0,0,0,0,2,273
org.pitest.mutationtest.engine.gregor.mutators.VoidMethodCallMutator,2078642,5356,0,0,0,0,0,0,365
org.mudebug.prapr.mutators.ReturningDereferenceGuardMutator_1,2078644,6706,0,0,0,0,0,0,1030
org.mudebug.prapr.mutators.RelationalOperatorReplacement_3,2078646,7382,0,0,0,0,0,2,442
org.pitest.mutationtest.engine.gregor.mutators.NegateConditionalsMutator,2078650,3675,0,0,0,0,0,23,2356
org.mudebug.prapr.mutators.FieldAccessToMethodCallMutator_2,2078675,1777,0,0,0,0,0,0,82
org.pitest.mutationtest.engine.gregor.mutators.VoidMethodCallMutator,2078677,7059,0,0,0,0,0,92,562
org.mudebug.prapr.mutators.FieldAccessToMethodCallMutator_2,2078771,4413,0,0,1,1,1,5220,523
org.mudebug.prapr.mutators.FieldAccessToMethodCallMutator_4,2083993,1777,0,0,0,0,0,0,718
org.mudebug.prapr.mutators.FieldAccessToMethodCallMutator_0,2083995,1777,0,0,0,0,0,0,680
org.mudebug.prapr.mutators.LocalNameMutator_0,2083997,1234,0,0,0,0,0,14,272
org.mudebug.prapr.mutators.ArgumentListMutator_2,2084013,6725,0,0,0,1,1,0,1369
org.pitest.mutationtest.engine.gregor.mutators.experimental.RemoveSwitchMutator_89,2084015,3636,0,0,0,0,0,0,1649
org.pitest.mutationtest.engine.gregor.mutators.experimental.RemoveSwitchMutator_69,2084017,555,0,0,0,0,0,0,872
org.pitest.mutationtest.engine.gregor.mutators.EmptyObjectReturnValsMutator,2084019,1834,0,1,1,1,1,2389,78
org.mudebug.prapr.mutators.LocalToFieldAccessMutator_2,2086409,6688,0,0,0,1,1,8,763
org.mudebug.prapr.mutators.MethCallResultGuard_2,2086419,5375,0,0,0,0,0,0,1032
org.pitest.mutationtest.engine.gregor.mutators.NonVoidMethodCallMutator,2086421,1236,1,0,0,1,1,15,521
org.mudebug.prapr.mutators.DereferenceGuardMutator_1,2086438,558,0,0,0,0,0,0,1194
org.pitest.mutationtest.engine.gregor.mutators.ReturnValsMutator,2086440,6689,0,0,1,1,1,5994,777
org.mudebug.prapr.mutators.LocalNameMutator_1,2092436,7058,0,0,0,0,0,0,432
org.mudebug.prapr.mutators.FieldNameMutator_1,2092438,7058,0,0,1,1,1,5538,449
org.mudebug.prapr.mutators.ArgumentListMutator_5,2097978,7058,0,0,1,1,1,5538,532
org.mudebug.prapr.mutators.RelationalOperatorReplacement_2,2103518,7382,0,0,0,0,0,1924,410
org.mudebug.prapr.mutators.DereferenceGuardMutator_0,2105444,7490,0,0,0,0,0,0,252
org.mudebug.prapr.mutators.MethodNameMutator_1,2105446,7058,0,0,1,1,1,5538,313
org.pitest.mutationtest.engine.gregor.mutators.ConstructorCallMutator,2110986,705,0,0,1,1,1,2596,65
org.mudebug.prapr.mutators.NonVoidMethodCallGuardMutator_0,2113584,5358,0,0,0,0,0,0,759
org.mudebug.prapr.mutators.FieldNameMutator_2,2113586,7058,0,0,1,1,1,5538,449
org.mudebug.prapr.mutators.MethodNameMutator_0,2119126,3563,0,0,0,0,0,11,304
org.mudebug.prapr.mutators.MethCallResultGuard_1,2119139,6692,0,0,0,1,1,2059,808
org.mudebug.prapr.mutators.FieldAccessToMethodCallMutator_0,2121200,4241,0,0,0,0,0,0,82
org.mudebug.prapr.mutators.LocalToFieldAccessMutator_1,2121202,6678,0,0,1,1,1,5985,604
org.mudebug.prapr.mutators.ArgumentListMutator_1,2127189,3263,0,0,0,0,0,0,50
org.mudebug.prapr.mutators.FieldNameMutator_0,2127191,5362,0,0,0,0,0,1,816
org.pitest.mutationtest.engine.gregor.mutators.RemoveConditionalMutator_EQUAL_ELSE,2127194,5209,0,0,0,0,0,9,288
org.mudebug.prapr.mutators.FieldAccessToMethodCallMutator_0,2127205,3387,0,0,0,0,0,0,56
org.mudebug.prapr.mutators.MethCallResultGuard_2,2127207,1245,0,0,0,0,0,0,719
org.mudebug.prapr.mutators.FieldAccessToMethodCallMutator_4,2127209,6721,0,0,0,1,1,586,1331
org.mudebug.prapr.mutators.ReturningDereferenceGuardMutator_3,2127797,4415,0,0,0,0,0,0,549
org.mudebug.prapr.mutators.LocalNameMutator_0,2127799,7198,0,0,1,1,1,5538,67
org.mudebug.prapr.mutators.LocalToFieldAccessMutator_0,2133339,6684,0,0,0,0,0,213,712
org.mudebug.prapr.mutators.ArgumentListMutator_0,2133554,6706,0,0,0,1,1,2,977
org.mudebug.prapr.mutators.FieldAccessToMethodCallMutator_3,2133558,6651,0,0,1,1,1,4611,377
org.mudebug.prapr.mutators.DereferenceGuardMutator_3,2138171,1053,0,0,0,0,0,0,441
org.mudebug.prapr.mutators.DereferenceGuardMutator_4,2138173,1119,0,0,0,0,0,0,1439
org.mudebug.prapr.mutators.MethodNameMutator_2,2138175,4667,0,0,0,0,0,0,70
org.mudebug.prapr.mutators.MethodNameMutator_0,2138177,347,0,0,0,0,0,1432,522
org.mudebug.prapr.mutators.FieldAccessToMethodCallMutator_1,2139611,6683,0,0,0,0,0,387,685
org.mudebug.prapr.mutators.FieldNameMutator_3,2140000,7058,0,0,1,1,1,5538,247
org.mudebug.prapr.mutators.MethodNameMutator_0,2145540,7204,0,0,0,0,0,10,134
org.mudebug.prapr.mutators.MethodNameMutator_2,2145552,1245,0,0,1,1,1,19,714
org.mudebug.prapr.mutators.MethodNameMutator_0,2145573,7202,0,0,0,0,0,66,125
org.pitest.mutationtest.engine.gregor.mutators.RemoveConditionalMutator_EQUAL_ELSE,2145641,495,0,0,1,1,1,3741,265
org.mudebug.prapr.mutators.FieldNameMutator_1,2149384,5356,0,0,0,0,0,65,351
org.pitest.mutationtest.engine.gregor.mutators.NonVoidMethodCallMutator,2149451,1041,0,0,0,0,0,25,220
org.pitest.mutationtest.engine.gregor.mutators.NonVoidMethodCallMutator,2149478,7058,0,0,0,0,0,9,429
org.mudebug.prapr.mutators.MethCallResultGuard_0,2149489,5356,0,0,0,0,0,0,522
org.mudebug.prapr.mutators.MethodNameMutator_0,2149491,3902,0,0,0,0,0,0,49
org.pitest.mutationtest.engine.gregor.mutators.experimental.RemoveSwitchMutator_18,2149493,6649,0,0,0,0,0,0,175
org.pitest.mutationtest.engine.gregor.mutators.NegateConditionalsMutator,2149495,6688,0,0,0,1,1,8,764
org.mudebug.prapr.mutators.FieldAccessToMethodCallMutator_3,2149505,6728,0,0,1,1,1,2802,1420
org.pitest.mutationtest.engine.gregor.mutators.BooleanFalseReturnValsMutator,2152309,7384,0,0,0,0,0,1,495
org.mudebug.prapr.mutators.DereferenceGuardMutator_0,2152315,6652,0,0,0,0,0,0,389
org.mudebug.prapr.mutators.FieldAccessToMethodCallMutator_1,2152317,1777,0,0,0,0,0,0,693
org.mudebug.prapr.mutators.MethCallResultGuard_1,2152319,6706,0,0,0,0,0,0,931
org.mudebug.prapr.mutators.RelationalOperatorReplacement_0,2152321,7250,0,0,0,0,0,31,662
org.mudebug.prapr.mutators.MethCallResultGuard_1,2152354,1245,0,0,0,0,0,0,719
org.mudebug.prapr.mutators.FieldAccessToMethodCallMutator_4,2152356,6672,0,0,1,1,1,5025,552
org.mudebug.prapr.mutators.DereferenceGuardMutator_3,2157383,1119,0,0,0,0,0,0,1439
org.pitest.mutationtest.engine.gregor.mutators.InlineConstantMutator,2157385,5356,0,0,1,1,1,1491,88
org.mudebug.prapr.mutators.FieldAccessToMethodCallMutator_2,2158878,1777,0,0,0,0,0,0,753
org.mudebug.prapr.mutators.ArgumentListMutator_4,2158880,5212,0,0,0,0,0,28,65
org.pitest.mutationtest.engine.gregor.mutators.ReturnValsMutator,2158910,5374,0,0,1,1,1,2713,1007
org.pitest.mutationtest.engine.gregor.mutators.NonVoidMethodCallMutator,2161625,6931,0,0,0,0,0,922,848
org.mudebug.prapr.mutators.LocalToFieldAccessMutator_3,2162549,6743,0,0,1,1,1,2912,1874
org.pitest.mutationtest.engine.gregor.mutators.NullReturnValsMutator,2165463,6738,0,0,1,1,1,246,1798
org.mudebug.prapr.mutators.FieldNameMutator_2,2165711,1777,0,0,0,0,0,83,653
org.mudebug.prapr.mutators.DereferenceGuardMutator_3,2165796,4706,0,0,0,0,0,0,757
org.mudebug.prapr.mutators.DereferenceGuardMutator_0,2165798,348,0,0,0,0,0,0,558
org.mudebug.prapr.mutators.NonVoidMethodCallGuardMutator_0,2165800,7209,0,0,0,0,0,5,51
org.mudebug.prapr.mutators.LocalNameMutator_0,2165807,6744,0,0,0,1,1,678,1892
org.mudebug.prapr.mutators.FieldNameMutator_1,2166487,6652,0,0,1,1,1,4912,399
org.mudebug.prapr.mutators.FieldNameMutator_3,2171401,1777,0,0,0,0,0,0,759
org.mudebug.prapr.mutators.MethCallResultGuard_0,2171403,6744,0,0,0,1,1,733,1888
org.mudebug.prapr.mutators.MethodNameMutator_7,2172138,1236,1,0,0,1,1,15,521
org.mudebug.prapr.mutators.DereferenceGuardMutator_0,2172155,6689,0,0,0,0,0,0,783
org.mudebug.prapr.mutators.MethodNameMutator_7,2172157,1234,0,0,1,1,1,12,276
org.mudebug.prapr.mutators.ReturningDereferenceGuardMutator_1,2172171,4410,0,0,0,0,0,5,464
org.pitest.mutationtest.engine.gregor.mutators.RemoveConditionalMutator_EQUAL_ELSE,2172178,6987,0,0,0,0,0,6,150
org.mudebug.prapr.mutators.FieldAccessToMethodCallMutator_3,2172186,6743,0,0,1,1,1,2894,1869
org.pitest.mutationtest.engine.gregor.mutators.NegateConditionalsMutator,2175082,1134,0,0,0,0,0,33,1638
org.pitest.mutationtest.engine.gregor.mutators.InlineConstantMutator,2175117,7259,0,0,1,1,1,5538,823
org.mudebug.prapr.mutators.ReturningDereferenceGuardMutator_0,2180657,7204,0,0,0,0,0,0,134
org.mudebug.prapr.mutators.MethodNameMutator_0,2180659,6743,0,0,0,0,0,1639,1867
org.pitest.mutationtest.engine.gregor.mutators.NonVoidMethodCallMutator,2182300,7059,0,0,1,1,1,5538,545
org.mudebug.prapr.mutators.NonVoidMethodCallGuardMutator_0,2187840,551,0,0,0,0,0,0,214
org.pitest.mutationtest.engine.gregor.mutators.VoidMethodCallMutator,2187842,7058,0,0,1,1,1,5538,244
org.mudebug.prapr.mutators.LocalToFieldAccessMutator_4,2193382,6710,0,0,0,0,0,8,1063
org.mudebug.prapr.mutators.ArgumentListMutator_1,2193392,1042,0,0,1,1,1,5291,242
org.mudebug.prapr.mutators.RelationalOperatorReplacement_0,2198685,5358,0,0,0,0,0,30,754
org.mudebug.prapr.mutators.DereferenceGuardMutator_3,2198717,1787,0,0,0,0,0,0,849
org.pitest.mutationtest.engine.gregor.mutators.experimental.MemberVariableMutator,2198719,1777,0,0,0,0,0,76,655
org.mudebug.prapr.mutators.MethCallResultGuard_2,2198797,334,0,0,0,0,0,0,382
org.pitest.mutationtest.engine.gregor.mutators.experimental.RemoveSwitchMutator_60,2198799,3636,0,0,0,0,0,0,1649
org.mudebug.prapr.mutators.LocalToFieldAccessMutator_1,2198801,6674,0,0,0,0,0,319,570
org.pitest.mutationtest.engine.gregor.mutators.RemoveConditionalMutator_EQUAL_IF,2199122,5362,0,0,0,0,0,1,816
org.mudebug.prapr.mutators.ReturningDereferenceGuardMutator_4,2199125,6684,0,0,0,0,0,4,697
org.mudebug.prapr.mutators.ArgumentListMutator_0,2199131,6725,0,0,0,1,1,0,1369
org.mudebug.prapr.mutators.MethodNameMutator_3,2199133,3675,0,0,1,1,1,4269,2354
org.mudebug.prapr.mutators.NonVoidMethodCallGuardMutator_0,2203404,1042,0,0,0,0,0,0,243
org.pitest.mutationtest.engine.gregor.mutators.experimental.MemberVariableMutator,2203406,1777,0,0,0,0,0,0,559
org.mudebug.prapr.mutators.NonVoidMethodCallGuardMutator_0,2203408,5359,0,0,0,0,0,0,794
org.pitest.mutationtest.engine.gregor.mutators.NonVoidMethodCallMutator,2203410,7131,0,0,0,0,0,33,71
org.mudebug.prapr.mutators.MethodNameMutator_3,2203445,6977,0,0,0,0,0,0,96
org.mudebug.prapr.mutators.ArgumentListMutator_0,2203447,4392,0,0,0,0,0,0,53
org.mudebug.prapr.mutators.FieldAccessToMethodCallMutator_4,2203449,6678,0,0,1,1,1,5985,604
org.mudebug.prapr.mutators.RelationalOperatorReplacement_1,2209436,3902,0,0,0,0,0,1,49
org.mudebug.prapr.mutators.FieldNameMutator_3,2209439,1777,0,0,0,0,0,0,664
org.mudebug.prapr.mutators.RelationalOperatorReplacement_2,2209441,5356,0,0,0,0,0,1,106
org.mudebug.prapr.mutators.FieldToLocalAccessMutator_0,2209444,6652,0,0,1,1,1,5084,398
org.pitest.mutationtest.engine.gregor.mutators.NonVoidMethodCallMutator,2214530,7247,0,0,0,0,0,98,602
org.mudebug.prapr.mutators.FieldNameMutator_0,2214630,1777,0,0,0,0,0,76,655
org.mudebug.prapr.mutators.ReturningDereferenceGuardMutator_3,2214708,705,0,0,0,0,0,0,57
org.mudebug.prapr.mutators.DereferenceGuardMutator_0,2214710,6678,0,0,0,0,0,0,602
org.mudebug.prapr.mutators.FieldNameMutator_0,2214712,7058,0,0,0,0,0,143,514
org.mudebug.prapr.mutators.ArgumentListMutator_5,2214857,7247,0,0,0,0,0,0,597
org.mudebug.prapr.mutators.DereferenceGuardMutator_3,2214859,1106,0,0,0,0,0,0,1196
org.mudebug.prapr.mutators.MethCallResultGuard_2,2214861,5356,0,0,0,0,0,0,215
org.mudebug.prapr.mutators.FieldToLocalAccessMutator_1,2214863,6683,0,0,1,1,1,2718,687
org.pitest.mutationtest.engine.gregor.mutators.InlineConstantMutator,2217583,931,0,0,0,0,0,5,633
org.mudebug.prapr.mutators.DereferenceGuardMutator_4,2217590,6706,0,0,0,0,0,0,1020
org.pitest.mutationtest.engine.gregor.mutators.NonVoidMethodCallMutator,2217592,7064,0,0,0,0,0,1,615
org.mudebug.prapr.mutators.VoidMethodCallGuardMutator,2217595,7059,0,0,0,0,0,5,543
org.pitest.mutationtest.engine.gregor.mutators.NullReturnValsMutator,2217604,514,0,0,1,1,1,5662,53
org.pitest.mutationtest.engine.gregor.mutators.ReturnValsMutator,2223268,6713,0,0,0,1,1,108,1152
org.mudebug.prapr.mutators.DereferenceGuardMutator_0,2223378,1047,0,0,0,0,0,0,339
org.mudebug.prapr.mutators.FieldNameMutator_0,2223380,1106,0,0,1,1,1,2980,1083
org.mudebug.prapr.mutators.FieldNameMutator_0,2226362,6684,0,0,0,0,0,0,697
org.mudebug.prapr.mutators.ArgumentListMutator_3,2226364,2458,0,0,0,0,0,30,52
org.mudebug.prapr.mutators.LocalNameMutator_0,2226396,347,0,0,0,0,0,780,516
org.mudebug.prapr.mutators.FieldAccessToMethodCallMutator_4,2227178,1777,0,0,0,0,0,0,647
org.mudebug.prapr.mutators.ArgumentListMutator_4,2227180,7060,0,0,1,1,1,5543,569
org.mudebug.prapr.mutators.ReturningDereferenceGuardMutator_2,2232725,1311,0,0,0,0,0,0,62
org.mudebug.prapr.mutators.FieldAccessToMethodCallMutator_3,2232727,6683,0,0,1,1,1,2707,686
org.mudebug.prapr.mutators.MethCallResultGuard_0,2235436,517,0,0,0,0,0,0,106
org.pitest.mutationtest.engine.gregor.mutators.NonVoidMethodCallMutator,2235438,1234,0,0,1,1,1,33,271
org.mudebug.prapr.mutators.DereferenceGuardMutator_0,2235473,6689,0,0,0,0,0,0,782
org.mudebug.prapr.mutators.LocalToFieldAccessMutator_3,2235475,6669,0,0,1,1,1,3686,540
org.mudebug.prapr.mutators.ArgumentListMutator_0,2239163,6737,0,0,0,0,0,0,1782
org.mudebug.prapr.mutators.DereferenceGuardMutator_3,2239165,6684,0,0,0,0,0,0,697
org.mudebug.prapr.mutators.ArgumentListMutator_2,2239174,7059,0,0,1,1,1,5538,551
org.pitest.mutationtest.engine.gregor.mutators.NegateConditionalsMutator,2244714,6987,0,0,0,0,0,604,150
org.mudebug.prapr.mutators.FieldToLocalAccessMutator_0,2245320,1271,0,0,0,0,0,88,44
org.pitest.mutationtest.engine.gregor.mutators.ReturnValsMutator,2245410,1236,1,0,0,1,1,25,533
org.mudebug.prapr.mutators.FieldToLocalAccessMutator_0,2245437,7052,0,0,0,0,0,22,200
org.mudebug.prapr.mutators.MethCallResultGuard_2,2245461,7058,0,0,0,0,0,0,425
org.pitest.mutationtest.engine.gregor.mutators.NonVoidMethodCallMutator,2245463,1245,0,0,0,1,1,13,728
org.pitest.mutationtest.engine.gregor.mutators.experimental.MemberVariableMutator,2245478,7131,0,0,0,0,0,1993,71
org.mudebug.prapr.mutators.RelationalOperatorReplacement_0,2247473,7109,0,0,0,0,0,2,1173
org.mudebug.prapr.mutators.RelationalOperatorReplacement_3,2247477,329,0,0,1,1,1,1397,298
org.mudebug.prapr.mutators.ReturningDereferenceGuardMutator_2,2248876,7263,0,0,0,0,0,0,850
org.mudebug.prapr.mutators.LocalNameMutator_0,2248878,4643,0,0,0,1,1,4455,257
org.mudebug.prapr.mutators.FieldAccessToMethodCallMutator_2,2253335,6678,0,0,1,1,1,5951,611
org.mudebug.prapr.mutators.ReturningDereferenceGuardMutator_1,2259288,247,0,0,0,0,0,0,251
org.mudebug.prapr.mutators.ArgumentListMutator_1,2259290,1052,0,0,1,1,1,4574,403
org.mudebug.prapr.mutators.LocalToFieldAccessMutator_2,2263866,6696,0,0,0,0,0,8,835
org.mudebug.prapr.mutators.LocalToFieldAccessMutator_0,2263876,4410,0,0,0,0,0,0,444
org.mudebug.prapr.mutators.FieldAccessToMethodCallMutator_2,2263885,1777,0,0,0,0,0,0,723
org.mudebug.prapr.mutators.FieldNameMutator_0,2263887,7479,0,0,1,1,1,5538,82
org.pitest.mutationtest.engine.gregor.mutators.InlineConstantMutator,2269427,7058,0,0,1,1,1,5538,439
org.pitest.mutationtest.engine.gregor.mutators.NonVoidMethodCallMutator,2274967,3249,0,0,0,0,0,0,103
org.mudebug.prapr.mutators.LocalNameMutator_2,2274969,1234,0,0,1,1,1,3,312
org.pitest.mutationtest.engine.gregor.mutators.ReturnValsMutator,2274974,7788,0,0,1,1,1,5287,298
org.mudebug.prapr.mutators.ArgumentListMutator_4,2280263,6705,0,0,1,1,1,62,916
org.mudebug.prapr.mutators.FieldAccessToMethodCallMutator_0,2280327,7379,0,0,0,0,0,2012,391
org.mudebug.prapr.mutators.RelationalOperatorReplacement_2,2282341,1564,0,0,0,0,0,189,262
org.mudebug.prapr.mutators.RelationalOperatorReplacement_3,2282532,7302,0,0,0,0,0,1940,105
org.mudebug.prapr.mutators.RelationalOperatorReplacement_2,2284474,7379,0,0,0,0,0,0,390
org.mudebug.prapr.mutators.ReturningDereferenceGuardMutator_1,2284476,6678,0,0,0,0,0,0,603
org.mudebug.prapr.mutators.DereferenceGuardMutator_4,2284478,6697,0,0,0,0,0,0,851
org.mudebug.prapr.mutators.LocalToFieldAccessMutator_0,2284480,6743,0,0,1,1,1,2730,1876
org.pitest.mutationtest.engine.gregor.mutators.RemoveConditionalMutator_EQUAL_ELSE,2287212,1042,0,0,0,0,0,15,256
org.pitest.mutationtest.engine.gregor.mutators.NegateConditionalsMutator,2287229,4667,0,0,0,1,1,2583,69
org.mudebug.prapr.mutators.LocalToFieldAccessMutator_2,2289814,6689,0,0,0,0,0,3976,781
org.mudebug.prapr.mutators.DereferenceGuardMutator_3,2293792,3249,0,0,0,0,0,0,97
org.pitest.mutationtest.engine.gregor.mutators.experimental.MemberVariableMutator,2293794,1777,0,0,0,0,0,0,720
org.mudebug.prapr.mutators.MethodNameMutator_0,2293796,329,0,0,1,1,1,1397,298
org.mudebug.prapr.mutators.ArgumentListMutator_0,2295195,6652,0,0,0,0,0,0,393
org.mudebug.prapr.mutators.LocalNameMutator_1,2295197,7058,0,0,0,0,0,5,321
org.pitest.mutationtest.engine.gregor.mutators.InlineConstantMutator,2295204,1777,0,0,0,0,0,0,758
org.mudebug.prapr.mutators.RelationalOperatorReplacement_1,2295206,4667,0,0,0,1,1,2528,67
org.mudebug.prapr.mutators.RelationalOperatorReplacement_3,2297736,3675,0,0,1,1,1,4269,2354
org.pitest.mutationtest.engine.gregor.mutators.RemoveConditionalMutator_ORDER_ELSE,2302007,7302,0,0,0,0,0,5,117
org.pitest.mutationtest.engine.gregor.mutators.BooleanFalseReturnValsMutator,2302014,7497,0,0,0,0,0,6,377
org.mudebug.prapr.mutators.MethCallResultGuard_1,2302022,347,0,0,1,1,1,1985,533
org.mudebug.prapr.mutators.ReturningDereferenceGuardMutator_0,2304009,7627,0,0,0,0,0,0,159
org.mudebug.prapr.mutators.ArgumentListMutator_5,2304011,6971,0,0,0,0,0,0,60
org.mudebug.prapr.mutators.MethCallResultGuard_0,2304013,3675,0,0,0,0,0,0,2364
org.mudebug.prapr.mutators.LocalNameMutator_0,2304015,1562,0,0,0,0,0,1,217
org.mudebug.prapr.mutators.ArgumentListMutator_5,2304018,4152,0,0,0,0,0,0,51
org.mudebug.prapr.mutators.ArgumentListMutator_5,2304020,7783,0,0,0,1,1,580,351
org.pitest.mutationtest.engine.gregor.mutators.RemoveConditionalMutator_EQUAL_ELSE,2304602,6689,0,0,0,1,1,13,778
org.mudebug.prapr.mutators.FieldNameMutator_0,2304617,1777,0,0,0,0,0,7,645
org.pitest.mutationtest.engine.gregor.mutators.RemoveConditionalMutator_EQUAL_ELSE,2304626,6388,0,0,0,1,1,1310,265
org.pitest.mutationtest.engine.gregor.mutators.InlineConstantMutator,2305938,3651,0,0,0,0,0,81,1959
org.pitest.mutationtest.engine.gregor.mutators.RemoveConditionalMutator_EQUAL_IF,2306021,6867,0,0,0,0,0,18,159
org.mudebug.prapr.mutators.MethodNameMutator_2,2306041,1135,0,0,0,0,0,33,1644
org.mudebug.prapr.mutators.MethCallResultGuard_2,2306076,550,0,0,0,0,0,0,193
org.mudebug.prapr.mutators.ReturningDereferenceGuardMutator_3,2306078,7057,0,0,0,0,0,0,231
org.pitest.mutationtest.engine.gregor.mutators.RemoveConditionalMutator_EQUAL_IF,2306084,1053,0,0,0,0,0,0,433
org.mudebug.prapr.mutators.MethodNameMutator_8,2306086,6977,0,0,0,0,0,1,96
org.mudebug.prapr.mutators.ArgumentListMutator_2,2306089,5213,0,0,0,0,0,0,90
org.pitest.mutationtest.engine.gregor.mutators.NegateConditionalsMutator,2306091,7383,0,0,0,0,0,1847,457
org.mudebug.prapr.mutators.ReturningDereferenceGuardMutator_0,2307940,558,0,0,0,0,0,0,1194
org.mudebug.prapr.mutators.ReturningDereferenceGuardMutator_1,2307942,1083,0,0,0,0,0,0,844
org.pitest.mutationtest.engine.gregor.mutators.experimental.MemberVariableMutator,2307944,5212,0,0,0,0,0,158,61
org.mudebug.prapr.mutators.ReturningDereferenceGuardMutator_4,2308104,561,0,0,0,0,0,0,1206
org.mudebug.prapr.mutators.RelationalOperatorReplacement_0,2308106,5356,0,0,0,0,0,0,106
org.pitest.mutationtest.engine.gregor.mutators.RemoveConditionalMutator_EQUAL_ELSE,2308108,1560,0,0,0,0,0,794,184
org.mudebug.prapr.mutators.LocalNameMutator_0,2308907,6684,0,0,0,1,1,271,701
org.mudebug.prapr.mutators.NonVoidMethodCallGuardMutator_0,2309180,7058,0,0,0,0,0,0,367
org.pitest.mutationtest.engine.gregor.mutators.ReturnValsMutator,2309185,1082,0,0,1,1,1,5191,839
org.pitest.mutationtest.engine.gregor.mutators.NonVoidMethodCallMutator,2314378,1564,0,0,0,0,0,90,262
org.pitest.mutationtest.engine.gregor.mutators.NegateConditionalsMutator,2314470,3592,0,0,0,1,1,608,1084
org.mudebug.prapr.mutators.FieldNameMutator_4,2315080,1777,0,0,0,0,0,74,729
org.mudebug.prapr.mutators.FieldNameMutator_2,2315156,1777,0,0,0,0,0,0,720
org.mudebug.prapr.mutators.FieldAccessToMethodCallMutator_0,2315158,6743,0,0,1,1,1,2887,1871
org.mudebug.prapr.mutators.DereferenceGuardMutator_1,2318047,6684,0,0,0,0,0,4,703
org.mudebug.prapr.mutators.RelationalOperatorReplacement_0,2318053,6732,0,0,0,0,0,5,1618
org.mudebug.prapr.mutators.FieldAccessToMethodCallMutator_0,2318060,1777,0,0,0,0,0,0,632
org.pitest.mutationtest.engine.gregor.mutators.experimental.RemoveSwitchMutator_76,2318062,5356,0,0,0,0,0,0,117
org.mudebug.prapr.mutators.ArgumentListMutator_5,2318064,1082,0,0,1,1,1,5191,834
org.pitest.mutationtest.engine.gregor.mutators.RemoveConditionalMutator_EQUAL_ELSE,2323257,5212,0,0,0,0,0,28,65
org.mudebug.prapr.mutators.RelationalOperatorReplacement_3,2323287,329,0,0,1,1,1,1399,296
org.mudebug.prapr.mutators.MethCallResultGuard_2,2324688,6725,0,0,0,0,0,0,1369
org.pitest.mutationtest.engine.gregor.mutators.VoidMethodCallMutator,2324690,6694,0,0,0,1,1,0,824
org.mudebug.prapr.mutators.ArgumentListMutator_0,2324692,7215,0,0,0,0,0,0,128
org.mudebug.prapr.mutators.LocalNameMutator_0,2324694,6931,0,0,0,0,0,108,852
org.mudebug.prapr.mutators.ReturningDereferenceGuardMutator_1,2324804,546,0,0,0,0,0,0,148
org.mudebug.prapr.mutators.FieldAccessToMethodCallMutator_1,2324806,1106,0,0,1,1,1,2982,1135
org.mudebug.prapr.mutators.LocalToFieldAccessMutator_0,2327790,7365,0,0,0,0,0,24,232
org.mudebug.prapr.mutators.RelationalOperatorReplacement_1,2327816,1560,0,0,0,0,0,181,189
org.mudebug.prapr.mutators.MethodNameMutator_8,2327999,7086,0,0,0,0,0,0,892
org.pitest.mutationtest.engine.gregor.mutators.InlineConstantMutator,2328001,6713,0,0,0,0,0,66,1152
org.mudebug.prapr.mutators.RelationalOperatorReplacement_3,2328069,7233,0,0,0,0,0,1,297
org.pitest.mutationtest.engine.gregor.mutators.NonVoidMethodCallMutator,2328072,504,0,0,0,0,0,2476,79
org.pitest.mutationtest.engine.gregor.mutators.experimental.RemoveSwitchMutator_9,2330550,6649,0,0,0,0,0,0,175
org.mudebug.prapr.mutators.MethodNameMutator_2,2330552,3563,0,0,0,0,0,0,304
org.mudebug.prapr.mutators.MethodNameMutator_2,2330554,242,0,0,0,0,0,8,150
org.mudebug.prapr.mutators.MethodNameMutator_0,2330564,7302,0,0,0,0,0,22,137
org.mudebug.prapr.mutators.ReturningDereferenceGuardMutator_0,2330588,1313,0,0,0,0,0,0,86
org.mudebug.prapr.mutators.MethCallResultGuard_0,2330590,1048,0,0,0,0,0,5,346
org.mudebug.prapr.mutators.ReturningDereferenceGuardMutator_4,2330597,7684,0,0,0,0,0,0,83
org.mudebug.prapr.mutators.FieldNameMutator_2,2330599,7059,0,0,0,0,0,5,543
org.pitest.mutationtest.engine.gregor.mutators.ReturnValsMutator,2330606,931,0,0,0,1,1,10,633
org.pitest.mutationtest.engine.gregor.mutators.experimental.RemoveSwitchMutator_64,2330618,495,0,0,0,0,0,0,119
org.pitest.mutationtest.engine.gregor.mutators.RemoveConditionalMutator_EQUAL_IF,2330620,5359,0,0,1,1,1,226,777
org.pitest.mutationtest.engine.gregor.mutators.experimental.RemoveSwitchMutator_1,2330848,3611,0,0,0,0,0,2,1332
org.mudebug.prapr.mutators.NonVoidMethodCallGuardMutator_0,2330852,245,0,0,0,0,0,23,198
org.mudebug.prapr.mutators.ReturningDereferenceGuardMutator_2,2330877,6674,0,0,0,0,0,0,564
org.mudebug.prapr.mutators.RelationalOperatorReplacement_2,2330879,5214,0,0,1,1,1,2868,112
org.mudebug.prapr.mutators.FieldAccessToMethodCallMutator_1,2333749,6723,0,0,1,1,1,4820,1346
org.mudebug.prapr.mutators.MethCallResultGuard_0,2338571,7058,0,0,0,0,0,0,420
org.pitest.mutationtest.engine.gregor.mutators.NonVoidMethodCallMutator,2338573,3664,0,0,0,0,0,66,2190
org.mudebug.prapr.mutators.ReturningDereferenceGuardMutator_1,2338641,4260,0,0,0,0,0,0,453
org.pitest.mutationtest.engine.gregor.mutators.RemoveConditionalMutator_EQUAL_IF,2338643,7507,0,0,0,0,0,791,479
org.mudebug.prapr.mutators.NonVoidMethodCallGuardMutator_0,2339436,7107,0,0,0,0,0,0,1138
org.mudebug.prapr.mutators.NonVoidMethodCallGuardMutator_0,2339438,348,0,0,0,0,0,0,558
org.pitest.mutationtest.engine.gregor.mutators.ReturnValsMutator,2339440,6976,0,0,0,0,0,1,91
org.mudebug.prapr.mutators.ArgumentListMutator_2,2339443,7059,0,0,0,0,0,0,565
org.mudebug.prapr.mutators.LocalToFieldAccessMutator_0,2339445,547,0,0,0,0,0,0,167
org.mudebug.prapr.mutators.MethCallResultGuard_0,2339447,7058,0,0,0,0,0,5,317
org.mudebug.prapr.mutators.DereferenceGuardMutator_4,2339454,6176,0,0,0,0,0,0,577
org.mudebug.prapr.mutators.VoidMethodCallGuardMutator,2339456,7058,0,0,0,0,0,0,348
org.pitest.mutationtest.engine.gregor.mutators.NonVoidMethodCallMutator,2339458,7556,0,0,1,1,1,5226,70
org.mudebug.prapr.mutators.NonVoidMethodCallGuardMutator_0,2344686,359,0,0,0,0,0,5,674
org.mudebug.prapr.mutators.RelationalOperatorReplacement_3,2344693,1049,0,0,0,0,0,5,368
org.mudebug.prapr.mutators.ArgumentListMutator_1,2344700,6710,0,0,0,1,1,8,1066
org.mudebug.prapr.mutators.ReturningDereferenceGuardMutator_0,2344710,7231,0,0,0,0,0,0,261
org.mudebug.prapr.mutators.MethodNameMutator_2,2344712,7503,0,0,0,0,0,451,450
org.mudebug.prapr.mutators.ArgumentListMutator_2,2345165,7058,0,0,1,1,1,5538,476
org.pitest.mutationtest.engine.gregor.mutators.InlineConstantMutator,2350705,6384,0,0,1,1,1,1774,244
org.mudebug.prapr.mutators.LocalNameMutator_0,2352481,3664,0,0,1,1,1,862,2189
org.mudebug.prapr.mutators.FieldNameMutator_1,2353348,7058,0,0,0,0,0,32,251
org.mudebug.prapr.mutators.MethodNameMutator_3,2353385,5356,0,0,0,0,0,1,431
org.pitest.mutationtest.engine.gregor.mutators.experimental.RemoveSwitchMutator_48,2353388,555,0,0,0,0,0,10,872
org.mudebug.prapr.mutators.ArgumentListMutator_1,2353400,7355,0,0,0,0,0,5,110
org.pitest.mutationtest.engine.gregor.mutators.NullReturnValsMutator,2353407,2858,0,0,1,1,1,5291,45
org.mudebug.prapr.mutators.RelationalOperatorReplacement_0,2358700,1248,0,0,1,1,1,59,867
org.mudebug.prapr.mutators.RelationalOperatorReplacement_0,2358764,7382,0,0,1,1,1,5538,422
org.mudebug.prapr.mutators.ReturningDereferenceGuardMutator_1,2364304,705,0,0,0,0,0,0,57
org.pitest.mutationtest.engine.gregor.mutators.RemoveConditionalMutator_EQUAL_IF,2364306,6723,0,0,1,1,1,5168,1346
org.mudebug.prapr.mutators.DereferenceGuardMutator_4,2369476,558,0,0,0,0,0,0,1194
org.mudebug.prapr.mutators.DereferenceGuardMutator_3,2369478,1106,0,0,0,0,0,0,1074
org.mudebug.prapr.mutators.RelationalOperatorReplacement_1,2369480,6706,0,0,0,0,0,0,973
org.mudebug.prapr.mutators.RelationalOperatorReplacement_1,2369482,7086,0,0,0,0,0,25,892
org.mudebug.prapr.mutators.ReturningDereferenceGuardMutator_1,2369509,6687,0,0,0,0,0,0,756
org.pitest.mutationtest.engine.gregor.mutators.ReturnValsMutator,2369511,1133,0,0,0,0,0,13,1633
org.pitest.mutationtest.engine.gregor.mutators.InlineConstantMutator,2369526,7303,0,0,0,0,0,0,168
org.mudebug.prapr.mutators.LocalNameMutator_2,2369528,6743,0,0,1,1,1,2833,1871
org.pitest.mutationtest.engine.gregor.mutators.NonVoidMethodCallMutator,2372363,1777,0,0,0,0,0,77,735
org.mudebug.prapr.mutators.MethodNameMutator_4,2372442,3675,0,0,0,0,0,683,2364
org.mudebug.prapr.mutators.ArithmeticOperatorReplacement_4,2373127,346,0,0,0,0,0,3,496
org.mudebug.prapr.mutators.FieldNameMutator_1,2373132,1777,0,0,0,0,0,30,660
org.mudebug.prapr.mutators.MethCallResultGuard_2,2373164,7058,0,0,0,0,0,0,293
org.pitest.mutationtest.engine.gregor.mutators.NonVoidMethodCallMutator,2373166,5214,0,0,0,0,0,4,112
org.pitest.mutationtest.engine.gregor.mutators.NonVoidMethodCallMutator,2373172,1106,0,0,0,0,0,2,1146
org.mudebug.prapr.mutators.ReturningDereferenceGuardMutator_3,2373176,7232,0,0,0,0,0,0,272
org.mudebug.prapr.mutators.NonVoidMethodCallGuardMutator_0,2373178,5356,0,0,0,0,0,0,84
org.mudebug.prapr.mutators.MethCallResultGuard_1,2373180,1049,0,0,0,0,0,5,368
org.mudebug.prapr.mutators.ArgumentListMutator_1,2373187,1248,0,0,0,0,0,0,867
org.mudebug.prapr.mutators.NonVoidMethodCallGuardMutator_0,2373192,6988,0,0,0,0,0,0,168
org.mudebug.prapr.mutators.RelationalOperatorReplacement_1,2373194,4411,0,0,1,1,1,4269,472
org.mudebug.prapr.mutators.FieldToLocalAccessMutator_1,2377465,6652,0,0,1,1,1,5084,389
org.mudebug.prapr.mutators.ReturningDereferenceGuardMutator_3,2382551,4413,0,0,0,0,0,0,525
org.mudebug.prapr.mutators.FieldNameMutator_5,2382553,1777,0,0,0,0,0,0,708
org.mudebug.prapr.mutators.FieldAccessToMethodCallMutator_1,2382555,1106,0,0,1,1,1,2985,1097
org.mudebug.prapr.mutators.MethCallResultGuard_0,2385542,6987,0,0,0,0,0,0,155
org.mudebug.prapr.mutators.FieldToLocalAccessMutator_1,2385551,6743,0,0,0,0,0,2086,1873
org.mudebug.prapr.mutators.ArgumentListMutator_2,2387639,7058,0,0,1,1,1,5538,284
org.mudebug.prapr.mutators.MethodNameMutator_1,2393179,1245,0,0,1,1,1,24,673
org.mudebug.prapr.mutators.LocalNameMutator_2,2393205,7058,0,0,0,0,0,2250,374
org.mudebug.prapr.mutators.MethodNameMutator_5,2395457,7204,0,0,0,0,0,85,134
org.mudebug.prapr.mutators.FieldNameMutator_5,2395544,1777,0,0,0,0,0,76,637
org.mudebug.prapr.mutators.FieldAccessToMethodCallMutator_3,2395622,6669,0,0,1,1,1,1525,540
org.mudebug.prapr.mutators.LocalNameMutator_0,2397149,7058,0,0,0,0,0,2250,518
org.mudebug.prapr.mutators.MethodNameMutator_0,2399401,551,0,0,0,0,0,12,212
org.mudebug.prapr.mutators.LocalToFieldAccessMutator_0,2399415,6742,0,0,1,1,1,2939,1859
org.mudebug.prapr.mutators.MethCallResultGuard_2,2402356,6706,0,0,0,0,0,0,972
org.pitest.mutationtest.engine.gregor.mutators.InlineConstantMutator,2402358,6710,0,0,0,1,1,8,1067
org.mudebug.prapr.mutators.MethodNameMutator_0,2402368,5213,0,0,0,0,0,0,90
org.mudebug.prapr.mutators.ArgumentListMutator_2,2402370,1118,0,0,1,1,1,2730,1426
org.mudebug.prapr.mutators.FieldAccessToMethodCallMutator_1,2405102,7556,0,0,0,0,0,2249,67
org.mudebug.prapr.mutators.LocalNameMutator_1,2407353,6683,0,0,0,0,0,39,686
org.mudebug.prapr.mutators.DereferenceGuardMutator_4,2407394,557,0,0,0,0,0,0,1190
org.mudebug.prapr.mutators.FieldAccessToMethodCallMutator_1,2407396,4632,0,1,1,1,1,2319,118
org.pitest.mutationtest.engine.gregor.mutators.RemoveConditionalMutator_EQUAL_IF,2409716,6728,0,0,0,0,0,0,1419
org.mudebug.prapr.mutators.FieldNameMutator_0,2409718,4169,0,1,1,1,1,2595,193
org.mudebug.prapr.mutators.MethodNameMutator_4,2412314,6977,0,0,0,0,0,1,96
org.mudebug.prapr.mutators.FieldNameMutator_2,2412317,7058,0,0,0,0,0,1829,294
org.mudebug.prapr.mutators.DereferenceGuardMutator_0,2414148,7556,0,0,0,0,0,5,67
org.mudebug.prapr.mutators.NonVoidMethodCallGuardMutator_0,2414155,5356,0,0,0,0,0,0,344
org.pitest.mutationtest.engine.gregor.mutators.experimental.RemoveSwitchMutator_59,2414157,6415,0,0,0,0,0,0,273
org.mudebug.prapr.mutators.ArgumentListMutator_0,2414159,4152,0,0,1,1,1,4577,51
org.pitest.mutationtest.engine.gregor.mutators.experimental.RemoveSwitchMutator_59,2418738,3584,0,0,0,0,0,84,901
org.mudebug.prapr.mutators.ArgumentListMutator_0,2418824,7764,0,0,1,1,1,5426,462
org.mudebug.prapr.mutators.MethodNameMutator_0,2424252,6707,0,0,1,1,1,44,1043
org.mudebug.prapr.mutators.ReturningDereferenceGuardMutator_1,2424298,7064,0,0,0,0,0,0,615
org.mudebug.prapr.mutators.DereferenceGuardMutator_3,2424300,3249,0,0,0,0,0,0,98
org.mudebug.prapr.mutators.MethodNameMutator_0,2424302,5365,0,0,0,0,0,148,837
org.mudebug.prapr.mutators.ArgumentListMutator_2,2424452,7058,0,0,1,1,1,5538,494
org.mudebug.prapr.mutators.FieldAccessToMethodCallMutator_0,2429992,1106,0,0,1,1,1,2980,1096
org.pitest.mutationtest.engine.gregor.mutators.InlineConstantMutator,2432974,7199,0,0,0,0,0,83,85
org.pitest.mutationtest.engine.gregor.mutators.experimental.NakedReceiverMutator,2433059,5356,0,0,0,0,0,1,215
org.pitest.mutationtest.engine.gregor.mutators.experimental.RemoveSwitchMutator_83,2433062,6415,0,0,0,0,0,0,273
org.mudebug.prapr.mutators.FieldAccessToMethodCallMutator_1,2433066,1777,0,0,0,0,0,0,82
org.mudebug.prapr.mutators.DereferenceGuardMutator_4,2433068,4413,0,0,0,0,0,0,525
org.mudebug.prapr.mutators.FieldNameMutator_1,2433070,1777,0,0,0,0,0,5,652
org.mudebug.prapr.mutators.ReturningDereferenceGuardMutator_1,2433077,348,0,0,0,0,0,0,557
org.mudebug.prapr.mutators.ReturningDereferenceGuardMutator_1,2433079,7302,0,0,0,0,0,5,110
org.pitest.mutationtest.engine.gregor.mutators.InlineConstantMutator,2433086,7302,0,0,0,0,0,0,117
org.mudebug.prapr.mutators.FieldToLocalAccessMutator_3,2433088,6743,0,0,0,0,0,2081,1874
org.mudebug.prapr.mutators.DereferenceGuardMutator_4,2435171,1106,0,0,0,0,0,0,1202
org.pitest.mutationtest.engine.gregor.mutators.experimental.MemberVariableMutator,2435173,7052,0,0,0,0,0,2249,140
org.mudebug.prapr.mutators.LocalToFieldAccessMutator_0,2437424,6689,0,0,0,0,0,5,782
org.mudebug.prapr.mutators.LocalToFieldAccessMutator_1,2437431,6695,0,0,1,1,1,5629,831
org.mudebug.prapr.mutators.MethCallResultGuard_0,2443062,343,0,0,0,0,0,5,464
org.mudebug.prapr.mutators.ArgumentListMutator_4,2443069,1044,0,0,1,1,1,4566,284
org.mudebug.prapr.mutators.MethCallResultGuard_1,2447637,495,0,0,0,0,0,0,247
org.mudebug.prapr.mutators.FieldAccessToMethodCallMutator_1,2447639,1777,0,0,0,0,0,0,686
org.mudebug.prapr.mutators.MethCallResultGuard_0,2447641,370,0,0,0,0,0,1772,815
org.mudebug.prapr.mutators.ReturningDereferenceGuardMutator_4,2449415,1119,0,0,0,0,0,0,1439
org.pitest.mutationtest.engine.gregor.mutators.InlineConstantMutator,2449417,1777,0,0,0,0,0,0,668
org.pitest.mutationtest.engine.gregor.mutators.RemoveConditionalMutator_EQUAL_ELSE,2449419,247,0,0,0,0,0,2,251
org.mudebug.prapr.mutators.ReturningDereferenceGuardMutator_1,2449423,6743,0,0,0,0,0,0,1871
org.pitest.mutationtest.engine.gregor.mutators.NonVoidMethodCallMutator,2449428,7232,0,0,0,0,0,179,273
org.mudebug.prapr.mutators.LocalToFieldAccessMutator_0,2449609,633,0,0,0,0,0,0,37
org.pitest.mutationtest.engine.gregor.mutators.ReturnValsMutator,2449611,555,0,0,1,1,1,4251,1135
org.mudebug.prapr.mutators.VoidMethodCallGuardMutator,2453864,6744,0,0,0,0,0,4,1889
org.mudebug.prapr.mutators.FieldNameMutator_2,2453870,1777,0,0,0,0,0,0,751
org.mudebug.prapr.mutators.LocalNameMutator_1,2453872,7058,0,0,0,0,0,9,429
org.pitest.mutationtest.engine.gregor.mutators.NonVoidMethodCallMutator,2453883,4667,0,0,0,1,1,2583,67
org.mudebug.prapr.mutators.FieldAccessToMethodCallMutator_2,2456468,6678,0,0,1,1,1,5985,607
org.mudebug.prapr.mutators.LocalToFieldAccessMutator_0,2462455,6649,0,0,0,1,1,2,175
org.mudebug.prapr.mutators.LocalNameMutator_0,2462459,7058,0,0,0,0,0,1,490
org.mudebug.prapr.mutators.LocalNameMutator_0,2462462,7008,0,0,0,0,0,0,503
org.pitest.mutationtest.engine.gregor.mutators.ArgumentPropagationMutator,2462464,6684,0,0,0,1,1,271,701
org.mudebug.prapr.mutators.MethCallResultGuard_1,2462737,6725,0,0,0,0,0,0,1369
org.mudebug.prapr.mutators.LocalNameMutator_0,2462739,5356,0,0,1,1,1,2865,350
org.mudebug.prapr.mutators.FieldToLocalAccessMutator_0,2465606,1038,0,0,0,0,0,0,192
org.mudebug.prapr.mutators.LocalNameMutator_0,2465608,7198,0,0,0,0,0,0,67
org.pitest.mutationtest.engine.gregor.mutators.ArgumentPropagationMutator,2465610,1053,0,0,0,0,0,1806,434
org.mudebug.prapr.mutators.ReturningDereferenceGuardMutator_2,2467418,6674,0,0,0,0,0,0,563
org.mudebug.prapr.mutators.ReturningDereferenceGuardMutator_3,2467420,7304,0,0,0,0,0,0,186
org.mudebug.prapr.mutators.ArgumentListMutator_3,2467422,7106,0,0,0,0,0,54,1128
org.mudebug.prapr.mutators.ReturningDereferenceGuardMutator_2,2467478,6689,0,0,0,0,0,5,782
org.pitest.mutationtest.engine.gregor.mutators.RemoveConditionalMutator_EQUAL_ELSE,2467485,7383,0,0,0,0,0,2,457
org.mudebug.prapr.mutators.RelationalOperatorReplacement_3,2467489,1245,0,0,0,1,1,15,803
org.pitest.mutationtest.engine.gregor.mutators.RemoveConditionalMutator_EQUAL_IF,2467506,3592,0,0,0,1,1,127,1084
org.mudebug.prapr.mutators.NonVoidMethodCallGuardMutator_0,2467635,7302,0,0,0,0,0,0,127
org.pitest.mutationtest.engine.gregor.mutators.InlineConstantMutator,2467637,7058,0,0,0,0,0,0,264
org.pitest.mutationtest.engine.gregor.mutators.PrimitiveReturnsMutator,2467639,6386,0,0,0,0,0,101,255
org.mudebug.prapr.mutators.LocalToFieldAccessMutator_2,2467742,6694,0,0,0,1,1,2581,826
org.pitest.mutationtest.engine.gregor.mutators.experimental.RemoveSwitchMutator_36,2470325,495,0,0,0,1,1,2392,119
org.mudebug.prapr.mutators.ArgumentListMutator_4,2472719,1246,0,0,0,0,0,0,818
org.mudebug.prapr.mutators.ReturningDereferenceGuardMutator_0,2472721,1106,0,0,0,0,0,0,1070
org.mudebug.prapr.mutators.FieldNameMutator_2,2472723,1038,0,0,1,1,1,5303,1599
org.mudebug.prapr.mutators.LocalNameMutator_1,2478028,6652,0,0,0,0,0,5,393
org.pitest.mutationtest.engine.gregor.mutators.RemoveConditionalMutator_EQUAL_IF,2478035,1562,0,0,0,0,0,1,217
org.mudebug.prapr.mutators.MethodNameMutator_3,2478038,1106,0,0,0,0,0,59,1099
org.mudebug.prapr.mutators.FieldNameMutator_5,2478099,7209,0,0,0,0,0,14,51
org.mudebug.prapr.mutators.ReturningDereferenceGuardMutator_4,2478115,1119,0,0,0,0,0,0,1434
org.pitest.mutationtest.engine.gregor.mutators.NegateConditionalsMutator,2478117,3489,0,0,0,0,0,5,252
org.mudebug.prapr.mutators.LocalToFieldAccessMutator_1,2478124,6689,0,0,0,0,0,3981,781
org.pitest.mutationtest.engine.gregor.mutators.NonVoidMethodCallMutator,2482107,1141,0,0,0,0,0,246,1715
org.mudebug.prapr.mutators.RelationalOperatorReplacement_1,2482355,7302,0,0,0,0,0,5,137
org.mudebug.prapr.mutators.FieldNameMutator_3,2482362,1777,0,0,0,0,0,0,728
org.mudebug.prapr.mutators.ArgumentListMutator_2,2482364,1404,0,0,0,0,0,25,38
org.mudebug.prapr.mutators.MethCallResultGuard_2,2482391,517,0,0,0,0,0,0,114
org.mudebug.prapr.mutators.RelationalOperatorReplacement_3,2482393,5356,0,0,1,1,1,1316,215
org.mudebug.prapr.mutators.RelationalOperatorReplacement_1,2483711,7382,0,0,0,0,0,0,415
org.mudebug.prapr.mutators.MethCallResultGuard_2,2483713,1119,0,0,0,0,0,5,1436
org.mudebug.prapr.mutators.LocalToFieldAccessMutator_1,2483720,1049,0,0,0,0,0,23,368
org.mudebug.prapr.mutators.ReturningDereferenceGuardMutator_3,2483745,3387,0,0,0,0,0,0,56
org.pitest.mutationtest.engine.gregor.mutators.ReturnValsMutator,2483747,2308,0,0,0,0,0,0,92
org.pitest.mutationtest.engine.gregor.mutators.RemoveConditionalMutator_EQUAL_ELSE,2483749,3626,0,0,0,0,0,497,1516
org.mudebug.prapr.mutators.MethodNameMutator_0,2484248,1044,0,0,1,1,1,4566,284
org.pitest.mutationtest.engine.gregor.mutators.ArgumentPropagationMutator,2488816,3711,0,0,0,0,0,5,72
org.mudebug.prapr.mutators.ArithmeticOperatorReplacement_1,2488823,7108,0,0,1,1,1,5538,1153
org.pitest.mutationtest.engine.gregor.mutators.NegateConditionalsMutator,2494363,3651,0,0,0,0,0,790,1953
org.mudebug.prapr.mutators.RelationalOperatorReplacement_3,2495155,1042,0,0,0,0,0,6,256
org.pitest.mutationtest.engine.gregor.mutators.InlineConstantMutator,2495163,3497,0,0,0,0,0,0,421
org.pitest.mutationtest.engine.gregor.mutators.experimental.MemberVariableMutator,2495165,4395,0,0,1,1,1,5220,247
org.mudebug.prapr.mutators.MethCallResultGuard_1,2500387,7063,0,0,0,0,0,26,602
org.pitest.mutationtest.engine.gregor.mutators.NullReturnValsMutator,2500415,347,0,0,1,1,1,4299,551
org.mudebug.prapr.mutators.DereferenceGuardMutator_3,2504716,4415,0,0,0,0,0,0,546
org.pitest.mutationtest.engine.gregor.mutators.RemoveConditionalMutator_EQUAL_IF,2504718,3417,0,1,1,1,1,2512,96
org.mudebug.prapr.mutators.MethCallResultGuard_0,2507231,7247,0,0,0,0,0,0,598
org.mudebug.prapr.mutators.ArgumentListMutator_1,2507233,1234,0,0,1,1,1,3,310
org.mudebug.prapr.mutators.LocalToFieldAccessMutator_2,2507238,6732,0,0,0,0,0,1981,1618
org.pitest.mutationtest.engine.gregor.mutators.RemoveConditionalMutator_ORDER_IF,2509221,5358,0,0,0,0,0,3,754
org.mudebug.prapr.mutators.NonVoidMethodCallGuardMutator_0,2509226,3497,0,0,0,0,0,0,425
org.pitest.mutationtest.engine.gregor.mutators.VoidMethodCallMutator,2509228,1118,0,0,0,0,0,3,1425
org.mudebug.prapr.mutators.ReturningDereferenceGuardMutator_0,2509233,1313,0,0,0,0,0,0,84
org.mudebug.prapr.mutators.ArgumentListMutator_2,2509235,6708,0,0,1,1,1,44,1048
org.pitest.mutationtest.engine.gregor.mutators.VoidMethodCallMutator,2509281,544,0,0,0,1,1,2225,119
org.mudebug.prapr.mutators.LocalNameMutator_1,2511508,5356,0,0,1,1,1,2620,182
org.mudebug.prapr.mutators.VoidMethodCallGuardMutator,2514130,1131,0,0,0,0,0,0,1620
org.mudebug.prapr.mutators.LocalNameMutator_0,2514132,547,0,0,1,1,1,254,168
org.mudebug.prapr.mutators.RelationalOperatorReplacement_1,2514388,334,0,0,0,0,0,67,382
org.pitest.mutationtest.engine.gregor.mutators.experimental.MemberVariableMutator,2514457,4152,0,0,1,1,1,4578,51
org.mudebug.prapr.mutators.FieldAccessToMethodCallMutator_3,2519037,1777,0,0,0,0,0,0,728
org.mudebug.prapr.mutators.MethCallResultGuard_2,2519039,1231,0,0,0,0,0,0,72
org.mudebug.prapr.mutators.FieldNameMutator_1,2519041,1777,0,0,0,0,0,1,700
org.pitest.mutationtest.engine.gregor.mutators.InlineConstantMutator,2519044,7088,0,0,1,1,1,5159,914
org.mudebug.prapr.mutators.FieldAccessToMethodCallMutator_2,2524205,1777,0,0,0,0,0,0,688
org.mudebug.prapr.mutators.NonVoidMethodCallGuardMutator_0,2524207,7250,0,0,0,0,0,0,659
org.mudebug.prapr.mutators.MethCallResultGuard_0,2524211,5376,0,0,0,0,0,0,1045
org.mudebug.prapr.mutators.LocalNameMutator_0,2524213,7302,0,0,0,0,0,1904,137
org.mudebug.prapr.mutators.LocalNameMutator_1,2526119,347,0,0,1,1,1,4283,550
org.mudebug.prapr.mutators.RelationalOperatorReplacement_0,2530404,1106,0,0,0,1,1,2981,1099
org.mudebug.prapr.mutators.RelationalOperatorReplacement_1,2533387,7250,0,0,0,0,0,5,663
org.mudebug.prapr.mutators.RelationalOperatorReplacement_1,2533394,705,0,0,0,0,0,0,57
org.mudebug.prapr.mutators.DereferenceGuardMutator_0,2533396,1119,0,0,0,0,0,0,1437
org.mudebug.prapr.mutators.FieldAccessToMethodCallMutator_0,2533398,6975,0,0,1,1,1,5543,81
org.mudebug.prapr.mutators.RelationalOperatorReplacement_2,2538943,1053,0,0,0,0,0,5,441
org.pitest.mutationtest.engine.gregor.mutators.experimental.RemoveSwitchMutator_38,2538950,6415,0,0,1,1,1,315,273
org.mudebug.prapr.mutators.MethCallResultGuard_0,2539267,1311,0,0,0,0,0,0,63
org.pitest.mutationtest.engine.gregor.mutators.NonVoidMethodCallMutator,2539269,3489,0,0,0,0,0,0,268
org.mudebug.prapr.mutators.MethodNameMutator_3,2539274,6725,0,0,0,1,1,0,1369
org.mudebug.prapr.mutators.ArgumentListMutator_2,2539276,7052,0,0,1,1,1,5538,140
org.mudebug.prapr.mutators.MethodNameMutator_0,2544816,6699,0,0,0,0,0,79,863
org.mudebug.prapr.mutators.MethodNameMutator_0,2544897,5356,0,0,0,0,0,0,428
org.pitest.mutationtest.engine.gregor.mutators.RemoveConditionalMutator_EQUAL_ELSE,2544899,6715,0,0,0,0,0,5,1173
org.mudebug.prapr.mutators.MethCallResultGuard_1,2544906,7365,0,0,0,0,0,1,232
org.pitest.mutationtest.engine.gregor.mutators.PrimitiveReturnsMutator,2544909,5187,0,0,0,0,0,0,239
org.mudebug.prapr.mutators.ArgumentListMutator_1,2544911,7061,0,0,1,1,1,5538,576
org.mudebug.prapr.mutators.LocalToFieldAccessMutator_0,2550451,547,0,0,0,1,1,110,160
org.pitest.mutationtest.engine.gregor.mutators.PrimitiveReturnsMutator,2550563,555,0,0,1,1,1,314,964
org.mudebug.prapr.mutators.RelationalOperatorReplacement_0,2550886,1564,0,0,0,0,0,201,262
org.mudebug.prapr.mutators.LocalToFieldAccessMutator_0,2551092,1048,0,0,1,1,1,4574,350
org.pitest.mutationtest.engine.gregor.mutators.experimental.MemberVariableMutator,2555668,6678,0,0,1,1,1,4646,611
org.pitest.mutationtest.engine.gregor.mutators.NonVoidMethodCallMutator,2560316,343,0,0,1,1,1,4251,463
org.mudebug.prapr.mutators.DereferenceGuardMutator_0,2564569,4635,0,0,0,0,0,5,136
org.mudebug.prapr.mutators.LocalNameMutator_0,2564576,7058,0,0,0,0,0,2250,354
org.mudebug.prapr.mutators.LocalNameMutator_0,2566828,5356,0,0,1,1,1,1491,88
org.mudebug.prapr.mutators.MethCallResultGuard_2,2568321,6988,0,0,0,0,0,0,168
org.mudebug.prapr.mutators.LocalNameMutator_0,2568323,6728,0,0,0,0,0,231,1409
org.mudebug.prapr.mutators.FieldNameMutator_0,2568556,1537,0,0,0,0,0,0,31
org.mudebug.prapr.mutators.RelationalOperatorReplacement_1,2568558,1562,0,0,0,0,0,1,209
org.mudebug.prapr.mutators.FieldNameMutator_2,2568561,1777,0,0,0,0,0,53,727
org.pitest.mutationtest.engine.gregor.mutators.VoidMethodCallMutator,2568616,329,0,0,1,1,1,1397,299
org.mudebug.prapr.mutators.MethodNameMutator_0,2570015,6651,0,0,0,0,0,0,377
org.mudebug.prapr.mutators.ArgumentListMutator_0,2570017,5355,0,0,1,1,1,2868,72
org.mudebug.prapr.mutators.MethodNameMutator_1,2572887,7058,0,0,0,0,0,0,269
org.mudebug.prapr.mutators.RelationalOperatorReplacement_2,2572889,1049,0,0,0,0,0,131,368
org.mudebug.prapr.mutators.LocalToFieldAccessMutator_3,2573022,6683,0,0,0,0,0,39,686
org.pitest.mutationtest.engine.gregor.mutators.ConstructorCallMutator,2573063,7090,0,0,1,1,1,5538,930
org.mudebug.prapr.mutators.MethCallResultGuard_2,2578603,1245,0,0,0,0,0,0,673
org.mudebug.prapr.mutators.NonVoidMethodCallGuardMutator_0,2578605,551,0,0,0,0,0,0,214
org.pitest.mutationtest.engine.gregor.mutators.RemoveConditionalMutator_EQUAL_IF,2578607,3558,0,0,0,1,1,48,128
org.mudebug.prapr.mutators.VoidMethodCallGuardMutator,2578660,347,0,0,0,0,0,0,546
org.pitest.mutationtest.engine.gregor.mutators.InlineConstantMutator,2578662,1777,0,0,0,0,0,10,706
org.mudebug.prapr.mutators.MethCallResultGuard_1,2578674,1106,0,0,0,0,0,0,1091
org.mudebug.prapr.mutators.MethodNameMutator_0,2578676,7396,0,0,1,1,1,5543,97
org.mudebug.prapr.mutators.ReturningDereferenceGuardMutator_0,2584221,6689,0,0,0,0,0,5,783
org.pitest.mutationtest.engine.gregor.mutators.BooleanTrueReturnValsMutator,2584228,7557,0,0,0,0,0,0,76
org.pitest.mutationtest.engine.gregor.mutators.RemoveConditionalMutator_EQUAL_ELSE,2584230,5356,0,0,0,0,0,0,364
org.mudebug.prapr.mutators.FieldNameMutator_0,2584236,7058,0,0,0,0,0,0,266
org.pitest.mutationtest.engine.gregor.mutators.NegateConditionalsMutator,2584238,6715,0,0,0,0,0,1697,1173
org.mudebug.prapr.mutators.MethodNameMutator_6,2585937,245,0,0,0,0,0,2,198
org.mudebug.prapr.mutators.ArgumentListMutator_3,2585941,244,0,0,0,0,0,0,176
org.mudebug.prapr.mutators.FieldAccessToMethodCallMutator_2,2585943,6706,0,0,0,0,0,4,933
org.mudebug.prapr.mutators.DereferenceGuardMutator_1,2585949,7302,0,0,0,0,0,0,110
org.mudebug.prapr.mutators.MethodNameMutator_8,2585951,1234,0,0,1,1,1,12,276
org.mudebug.prapr.mutators.LocalNameMutator_1,2585965,1234,0,0,0,0,0,0,310
org.mudebug.prapr.mutators.FieldAccessToMethodCallMutator_0,2585967,6652,0,0,1,1,1,4748,391
org.mudebug.prapr.mutators.FieldNameMutator_0,2590717,7064,0,0,0,0,0,904,615
org.mudebug.prapr.mutators.MethCallResultGuard_0,2591623,328,0,0,0,0,0,23,278
org.mudebug.prapr.mutators.FieldToLocalAccessMutator_0,2591648,6743,0,0,0,0,0,2081,1874
org.pitest.mutationtest.engine.gregor.mutators.VoidMethodCallMutator,2593731,6678,0,0,0,0,0,5,602
org.mudebug.prapr.mutators.DereferenceGuardMutator_3,2593738,6706,0,0,0,0,0,0,1030
org.mudebug.prapr.mutators.FieldNameMutator_1,2593744,1777,0,0,0,0,0,5,652
org.mudebug.prapr.mutators.RelationalOperatorReplacement_2,2593751,7215,0,0,1,1,1,5538,132
org.pitest.mutationtest.engine.gregor.mutators.VoidMethodCallMutator,2599291,328,0,0,0,1,1,1439,280
org.mudebug.prapr.mutators.LocalNameMutator_1,2600732,7058,0,0,0,0,0,10,420
org.mudebug.prapr.mutators.RelationalOperatorReplacement_2,2600744,245,0,0,0,0,0,0,197
org.mudebug.prapr.mutators.ReturningDereferenceGuardMutator_4,2600746,1119,0,0,0,0,0,0,1439
org.mudebug.prapr.mutators.ReturningDereferenceGuardMutator_0,2600748,6684,0,0,0,0,0,4,711
org.mudebug.prapr.mutators.DereferenceGuardMutator_4,2600754,6673,0,0,0,0,0,0,556
org.mudebug.prapr.mutators.MethodNameMutator_2,2600756,7497,0,0,0,0,0,35,377
org.mudebug.prapr.mutators.NonVoidMethodCallGuardMutator_0,2600793,4666,0,0,0,0,0,0,60
org.mudebug.prapr.mutators.NonVoidMethodCallGuardMutator_0,2600795,3498,0,0,0,0,0,5,453
org.mudebug.prapr.mutators.ArgumentListMutator_2,2600802,7059,0,0,1,1,1,5538,561
org.mudebug.prapr.mutators.ReturningDereferenceGuardMutator_4,2606346,5214,0,0,0,0,0,0,112
org.mudebug.prapr.mutators.DereferenceGuardMutator_3,2606348,3390,0,0,0,0,0,0,98
org.mudebug.prapr.mutators.NonVoidMethodCallGuardMutator_0,2606350,5356,0,0,0,0,0,0,490
org.mudebug.prapr.mutators.ReturningDereferenceGuardMutator_0,2606352,1082,0,0,0,0,0,0,836
org.mudebug.prapr.mutators.MethodNameMutator_3,2606354,329,0,0,1,1,1,3581,299
org.mudebug.prapr.mutators.ArgumentListMutator_2,2609937,5212,0,0,1,1,1,2868,51
org.mudebug.prapr.mutators.MethodNameMutator_0,2612807,6706,0,0,0,1,1,8,964
org.mudebug.prapr.mutators.FieldAccessToMethodCallMutator_2,2612817,6651,0,0,0,0,0,0,385
org.mudebug.prapr.mutators.VoidMethodCallGuardMutator,2612819,5360,0,0,0,0,0,0,808
org.pitest.mutationtest.engine.gregor.mutators.NonVoidMethodCallMutator,2612821,1560,0,0,0,0,0,90,189
org.mudebug.prapr.mutators.FieldAccessToMethodCallMutator_3,2612916,6721,0,0,0,0,0,18,1331
org.mudebug.prapr.mutators.FieldNameMutator_1,2612936,7058,0,0,1,1,1,5226,275
org.pitest.mutationtest.engine.gregor.mutators.experimental.MemberVariableMutator,2618164,1777,0,0,1,1,1,5289,754
org.pitest.mutationtest.engine.gregor.mutators.RemoveConditionalMutator_EQUAL_ELSE,2623455,5357,0,0,0,0,0,25,703
org.pitest.mutationtest.engine.gregor.mutators.VoidMethodCallMutator,2623482,5209,0,0,0,0,0,5,288
org.mudebug.prapr.mutators.FieldAccessToMethodCallMutator_4,2623489,6737,0,0,0,0,0,5,1782
org.mudebug.prapr.mutators.ArgumentListMutator_2,2623499,7112,0,0,0,0,0,3,1216
org.mudebug.prapr.mutators.FieldAccessToMethodCallMutator_4,2623504,6651,0,0,1,1,1,4611,384
org.mudebug.prapr.mutators.NonVoidMethodCallGuardMutator_0,2628117,7556,0,0,0,0,0,0,70
org.mudebug.prapr.mutators.ReturningDereferenceGuardMutator_0,2628119,370,0,0,0,0,0,0,814
org.mudebug.prapr.mutators.FieldAccessToMethodCallMutator_2,2628121,1777,0,0,0,0,0,0,643
org.pitest.mutationtest.engine.gregor.mutators.VoidMethodCallMutator,2628123,4411,0,0,0,0,0,1617,504
org.pitest.mutationtest.engine.gregor.mutators.InlineConstantMutator,2629742,5358,0,0,0,0,0,30,759
org.mudebug.prapr.mutators.FieldToLocalAccessMutator_2,2629774,6743,0,0,1,1,1,2912,1870
org.mudebug.prapr.mutators.RelationalOperatorReplacement_1,2632688,6867,0,0,0,0,0,816,159
org.mudebug.prapr.mutators.ReturningDereferenceGuardMutator_4,2633506,3416,0,0,0,0,0,0,77
org.mudebug.prapr.mutators.RelationalOperatorReplacement_1,2633508,6713,0,0,0,0,0,0,1149
org.pitest.mutationtest.engine.gregor.mutators.NegateConditionalsMutator,2633510,7302,0,0,0,0,0,1999,98
org.mudebug.prapr.mutators.LocalNameMutator_1,2635511,7058,0,0,0,0,0,37,447
org.mudebug.prapr.mutators.MethodNameMutator_4,2635550,7250,0,0,0,0,0,0,659
org.mudebug.prapr.mutators.NonVoidMethodCallGuardMutator_0,2635552,353,0,0,0,0,0,0,617
org.mudebug.prapr.mutators.ArgumentListMutator_3,2635554,6725,0,0,0,1,1,0,1369
org.mudebug.prapr.mutators.LocalNameMutator_0,2635556,6705,0,0,0,0,0,0,917
org.pitest.mutationtest.engine.gregor.mutators.InlineConstantMutator,2635558,5375,0,0,0,0,0,1,1036
org.mudebug.prapr.mutators.MethodNameMutator_8,2635561,1231,0,0,0,0,0,4,72
org.mudebug.prapr.mutators.MethodNameMutator_4,2635567,3626,0,0,1,1,1,4269,1516
org.mudebug.prapr.mutators.ArithmeticOperatorReplacement_4,2639838,6714,0,0,0,1,1,179,1164
org.mudebug.prapr.mutators.MethCallResultGuard_2,2640019,7063,0,0,0,0,0,0,605
org.mudebug.prapr.mutators.MethodNameMutator_6,2640021,7200,0,0,0,0,0,1,104
org.mudebug.prapr.mutators.LocalToFieldAccessMutator_1,2640024,1053,0,0,0,0,0,1806,434
org.mudebug.prapr.mutators.LocalToFieldAccessMutator_0,2641832,1040,0,0,1,1,1,5291,209
org.mudebug.prapr.mutators.ReturningDereferenceGuardMutator_3,2647125,7263,0,0,0,0,0,0,853
org.pitest.mutationtest.engine.gregor.mutators.experimental.MemberVariableMutator,2647127,7441,0,0,0,0,0,13,144
org.mudebug.prapr.mutators.MethodNameMutator_0,2647142,7302,0,0,0,0,0,29,127
org.mudebug.prapr.mutators.MethodNameMutator_5,2647173,1245,0,0,1,1,1,17,713
org.mudebug.prapr.mutators.MethCallResultGuard_2,2647192,3497,0,0,0,0,0,0,423
org.mudebug.prapr.mutators.ReturningDereferenceGuardMutator_0,2647194,6728,0,0,0,0,0,0,1418
org.mudebug.prapr.mutators.DereferenceGuardMutator_1,2647196,6651,0,0,0,0,0,23,377
org.mudebug.prapr.mutators.MethCallResultGuard_2,2647221,347,0,0,1,1,1,1985,504
org.mudebug.prapr.mutators.MethCallResultGuard_2,2649208,547,0,0,0,0,0,0,165
org.mudebug.prapr.mutators.FieldNameMutator_0,2649210,7058,0,0,1,1,1,5066,455
org.pitest.mutationtest.engine.gregor.mutators.NegateConditionalsMutator,2654278,1563,0,0,0,0,0,1,237
org.mudebug.prapr.mutators.ArgumentListMutator_1,2654281,1038,0,0,1,1,1,5303,137
org.mudebug.prapr.mutators.FieldNameMutator_3,2659586,7058,0,0,1,1,1,5538,244
org.mudebug.prapr.mutators.MethodNameMutator_0,2665126,6973,0,0,0,0,0,82,71
org.mudebug.prapr.mutators.MethodNameMutator_9,2665210,6986,0,0,0,0,0,9,145
org.mudebug.prapr.mutators.FieldAccessToMethodCallMutator_4,2665221,1777,0,0,0,0,0,0,712
org.mudebug.prapr.mutators.RelationalOperatorReplacement_3,2665223,247,0,0,0,0,0,0,251
org.pitest.mutationtest.engine.gregor.mutators.NonVoidMethodCallMutator,2665225,6977,0,0,0,0,0,0,96
org.mudebug.prapr.mutators.FieldAccessToMethodCallMutator_2,2665227,1777,0,0,0,0,0,0,692
org.mudebug.prapr.mutators.NonVoidMethodCallGuardMutator_0,2665229,495,0,0,0,0,0,5,119
org.pitest.mutationtest.engine.gregor.mutators.NonVoidMethodCallMutator,2665236,7501,0,0,0,0,0,198,424
org.mudebug.prapr.mutators.FieldNameMutator_0,2665436,7058,0,0,0,0,0,18,278
org.mudebug.prapr.mutators.FieldToLocalAccessMutator_1,2665456,6678,0,0,1,1,1,4846,607
org.pitest.mutationtest.engine.gregor.mutators.ReturnValsMutator,2670304,6415,0,0,0,1,1,42,312
org.mudebug.prapr.mutators.LocalNameMutator_0,2670348,6931,0,0,0,0,0,780,848
org.pitest.mutationtest.engine.gregor.mutators.RemoveConditionalMutator_EQUAL_IF,2671130,6987,0,0,0,0,0,2,154
org.pitest.mutationtest.engine.gregor.mutators.RemoveConditionalMutator_EQUAL_IF,2671134,244,0,0,1,1,1,1154,187
org.mudebug.prapr.mutators.DereferenceGuardMutator_3,2672290,1106,0,0,0,0,0,0,1106
org.mudebug.prapr.mutators.FieldAccessToMethodCallMutator_4,2672292,1777,0,0,0,0,0,0,706
org.mudebug.prapr.mutators.LocalToFieldAccessMutator_0,2672294,6686,0,0,1,1,1,5637,741
org.pitest.mutationtest.engine.gregor.mutators.experimental.NakedReceiverMutator,2677933,551,0,0,0,0,0,14,215
org.pitest.mutationtest.engine.gregor.mutators.InlineConstantMutator,2677949,547,0,0,1,1,1,198,165
org.mudebug.prapr.mutators.ReturningDereferenceGuardMutator_3,2678149,7257,0,0,0,0,0,0,811
org.mudebug.prapr.mutators.MethCallResultGuard_0,2678151,7058,0,0,0,0,0,0,293
org.mudebug.prapr.mutators.ReturningDereferenceGuardMutator_2,2678153,7057,0,0,0,0,0,0,230
org.pitest.mutationtest.engine.gregor.mutators.experimental.RemoveSwitchMutator_78,2678155,3584,0,0,0,0,0,0,901
org.mudebug.prapr.mutators.ReturningDereferenceGuardMutator_0,2678157,1106,0,0,0,0,0,0,1106
org.mudebug.prapr.mutators.ArgumentListMutator_1,2678159,1106,0,0,1,1,1,2933,1199
org.mudebug.prapr.mutators.ReturningDereferenceGuardMutator_3,2681094,4413,0,0,0,0,0,0,524
org.pitest.mutationtest.engine.gregor.mutators.EmptyObjectReturnValsMutator,2681096,7759,0,0,1,1,1,5412,422
org.mudebug.prapr.mutators.MethCallResultGuard_1,2686510,495,0,0,0,0,0,0,229
org.pitest.mutationtest.engine.gregor.mutators.experimental.RemoveSwitchMutator_26,2686512,3636,0,0,0,0,0,0,1649
org.mudebug.prapr.mutators.ReturningDereferenceGuardMutator_1,2686514,6683,0,0,0,0,0,0,685
org.mudebug.prapr.mutators.DereferenceGuardMutator_0,2686516,7304,0,0,0,0,0,0,189
org.mudebug.prapr.mutators.MethodNameMutator_1,2686518,6710,0,0,1,1,1,44,1066
org.mudebug.prapr.mutators.ReturningDereferenceGuardMutator_0,2686564,6678,0,0,0,0,0,0,602
org.mudebug.prapr.mutators.MethodNameMutator_5,2686566,1234,0,0,1,1,1,2,310
org.mudebug.prapr.mutators.NonVoidMethodCallGuardMutator_0,2686570,551,0,0,0,0,0,5,212
org.mudebug.prapr.mutators.MethodNameMutator_3,2686577,159,0,0,0,0,0,0,649
org.mudebug.prapr.mutators.ArgumentListMutator_5,2686579,4411,0,0,0,0,0,0,472
org.mudebug.prapr.mutators.NonVoidMethodCallGuardMutator_0,2686581,4159,0,0,0,0,0,0,103
org.mudebug.prapr.mutators.RelationalOperatorReplacement_0,2686583,5362,0,0,0,0,0,26,816
org.mudebug.prapr.mutators.FieldNameMutator_4,2686611,7058,0,0,1,1,1,5228,529
org.mudebug.prapr.mutators.ReturningDereferenceGuardMutator_3,2691841,1106,0,0,0,0,0,5,1200
org.mudebug.prapr.mutators.MethodNameMutator_3,2691848,551,0,0,0,0,0,17,214
org.mudebug.prapr.mutators.LocalNameMutator_0,2691867,3569,0,0,1,1,1,214,496
org.pitest.mutationtest.engine.gregor.mutators.NonVoidMethodCallMutator,2692083,6698,0,0,0,1,1,181,859
org.mudebug.prapr.mutators.FieldNameMutator_2,2692266,6728,0,0,0,1,1,2801,1420
org.mudebug.prapr.mutators.LocalToFieldAccessMutator_0,2695069,5209,0,0,0,0,0,0,288
org.mudebug.prapr.mutators.LocalToFieldAccessMutator_1,2695071,6697,0,0,1,1,1,49,844
org.mudebug.prapr.mutators.FieldAccessToMethodCallMutator_4,2695122,6683,0,0,1,1,1,904,686
org.mudebug.prapr.mutators.MethodNameMutator_1,2696028,7109,0,0,0,0,0,12,1174
org.mudebug.prapr.mutators.LocalNameMutator_1,2696042,6705,0,0,0,0,0,0,917
org.mudebug.prapr.mutators.ReturningDereferenceGuardMutator_4,2696044,2459,0,0,0,0,0,0,64
org.pitest.mutationtest.engine.gregor.mutators.experimental.RemoveSwitchMutator_2,2696046,3587,0,0,0,0,0,0,1015
org.mudebug.prapr.mutators.LocalToFieldAccessMutator_1,2696048,6678,0,0,1,1,1,5985,607
org.mudebug.prapr.mutators.VoidMethodCallGuardMutator,2702035,4157,0,0,0,0,0,5,93
org.mudebug.prapr.mutators.FieldAccessToMethodCallMutator_3,2702042,6668,0,0,0,1,1,5487,536
org.pitest.mutationtest.engine.gregor.mutators.ReturnValsMutator,2707531,4423,0,0,0,0,0,226,615
org.mudebug.prapr.mutators.NonVoidMethodCallGuardMutator_0,2707759,1041,0,0,0,0,0,5,220
org.mudebug.prapr.mutators.ReturningDereferenceGuardMutator_0,2707766,7627,0,0,0,0,0,0,159
org.mudebug.prapr.mutators.ArgumentListMutator_5,2707768,7263,0,0,1,1,1,5538,851
org.mudebug.prapr.mutators.MethodNameMutator_4,2713308,1231,0,0,1,1,1,33,69
org.mudebug.prapr.mutators.FieldNameMutator_1,2713343,7059,0,0,0,0,0,141,545
org.mudebug.prapr.mutators.ArgumentListMutator_1,2713486,4257,0,0,0,1,1,168,408
org.mudebug.prapr.mutators.FieldAccessToMethodCallMutator_0,2713656,6678,0,0,1,1,1,5985,604
org.mudebug.prapr.mutators.FieldNameMutator_0,2719643,1777,0,0,0,0,0,48,757
org.mudebug.prapr.mutators.ArgumentListMutator_2,2719693,5360,0,0,0,0,0,28,808
org.mudebug.prapr.mutators.NonVoidMethodCallGuardMutator_0,2719723,7059,0,0,0,0,0,0,552
org.mudebug.prapr.mutators.FieldNameMutator_2,2719725,7058,0,0,0,0,0,223,534
org.pitest.mutationtest.engine.gregor.mutators.InlineConstantMutator,2719950,6931,0,0,0,0,0,785,868
org.mudebug.prapr.mutators.VoidMethodCallGuardMutator,2720737,7058,0,0,0,0,0,0,322
org.pitest.mutationtest.engine.gregor.mutators.experimental.MemberVariableMutator,2720739,1777,0,0,0,0,0,0,677
org.mudebug.prapr.mutators.FieldNameMutator_1,2720741,7058,0,0,0,0,0,1724,300
org.pitest.mutationtest.engine.gregor.mutators.experimental.MemberVariableMutator,2722467,1554,0,0,0,0,0,93,144
org.pitest.mutationtest.engine.gregor.mutators.experimental.NakedReceiverMutator,2722562,6743,0,0,0,1,1,1507,1868
org.mudebug.prapr.mutators.MethodNameMutator_8,2724071,1046,0,0,1,1,1,4574,329
org.mudebug.prapr.mutators.LocalToFieldAccessMutator_1,2728647,6712,0,0,0,1,1,2701,1137
org.mudebug.prapr.mutators.FieldAccessToMethodCallMutator_1,2731350,6678,0,0,1,1,1,5985,605
org.mudebug.prapr.mutators.LocalNameMutator_0,2737337,3651,0,0,0,0,0,2,1955
org.pitest.mutationtest.engine.gregor.mutators.NonVoidMethodCallMutator,2737341,6987,0,0,0,0,0,44,155
org.mudebug.prapr.mutators.ReturningDereferenceGuardMutator_0,2737387,6977,0,0,0,0,0,5,97
org.mudebug.prapr.mutators.MethodNameMutator_0,2737394,7247,0,0,0,0,0,138,597
org.mudebug.prapr.mutators.RelationalOperatorReplacement_1,2737534,5214,0,0,0,0,0,5,112
org.mudebug.prapr.mutators.ReturningDereferenceGuardMutator_1,2737541,5356,0,0,0,0,0,0,115
org.mudebug.prapr.mutators.MethCallResultGuard_0,2737546,7304,0,0,0,0,0,2160,187
org.mudebug.prapr.mutators.MethCallResultGuard_0,2739708,1237,0,0,0,0,0,0,545
org.pitest.mutationtest.engine.gregor.mutators.VoidMethodCallMutator,2739710,347,0,0,0,0,0,778,516
org.mudebug.prapr.mutators.FieldNameMutator_1,2740490,1046,0,0,1,1,1,4574,328
org.pitest.mutationtest.engine.gregor.mutators.ReturnValsMutator,2745066,159,0,0,0,1,1,10,649
org.mudebug.prapr.mutators.LocalToFieldAccessMutator_0,2745078,6683,0,0,0,0,0,39,686
org.mudebug.prapr.mutators.ArgumentListMutator_4,2745122,1563,0,0,0,0,0,1,254
org.mudebug.prapr.mutators.LocalNameMutator_0,2745125,1046,0,0,1,1,1,4574,309
org.mudebug.prapr.mutators.MethodNameMutator_6,2749701,334,0,0,0,0,0,1874,382
org.mudebug.prapr.mutators.ArgumentListMutator_4,2751577,7059,0,0,1,1,1,5538,550
org.mudebug.prapr.mutators.MethodNameMutator_0,2757117,1563,0,0,0,0,0,11,254
org.mudebug.prapr.mutators.FieldAccessToMethodCallMutator_2,2757130,1777,0,0,0,0,0,0,695
org.mudebug.prapr.mutators.ArgumentListMutator_0,2757132,6705,0,0,1,1,1,62,916
org.mudebug.prapr.mutators.ArgumentListMutator_0,2757196,7058,0,0,1,1,1,5538,476
org.mudebug.prapr.mutators.MethodNameMutator_1,2762736,5375,0,0,0,1,1,6,1033
org.mudebug.prapr.mutators.ArgumentListMutator_3,2762744,6725,0,0,0,1,1,0,1369
org.pitest.mutationtest.engine.gregor.mutators.NonVoidMethodCallMutator,2762746,6710,0,0,0,0,0,8,1067
org.mudebug.prapr.mutators.MethodNameMutator_3,2762756,1231,0,0,0,1,1,35,59
org.mudebug.prapr.mutators.NonVoidMethodCallGuardMutator_0,2762793,931,0,0,0,0,0,0,633
org.pitest.mutationtest.engine.gregor.mutators.InlineConstantMutator,2762795,7790,0,0,0,0,0,216,315
org.mudebug.prapr.mutators.MethodNameMutator_1,2763013,3592,0,0,0,1,1,155,1084
org.mudebug.prapr.mutators.LocalNameMutator_0,2768236,2967,0,0,0,0,0,5,599
org.mudebug.prapr.mutators.ReturningDereferenceGuardMutator_0,2768243,7380,0,0,0,0,0,0,396
org.mudebug.prapr.mutators.LocalToFieldAccessMutator_2,2768245,6686,0,0,1,1,1,5541,741
org.mudebug.prapr.mutators.ArgumentListMutator_3,2773788,1106,0,0,1,1,1,2980,1095
org.mudebug.prapr.mutators.LocalToFieldAccessMutator_1,2776770,6723,0,0,1,1,1,5017,1349
org.mudebug.prapr.mutators.ReturningDereferenceGuardMutator_3,2781789,1804,0,0,0,0,0,0,961
org.mudebug.prapr.mutators.FieldAccessToMethodCallMutator_2,2781791,6699,0,0,1,1,1,5526,863
org.pitest.mutationtest.engine.gregor.mutators.InlineConstantMutator,2787319,5209,0,0,1,1,1,4578,288
org.mudebug.prapr.mutators.FieldAccessToMethodCallMutator_4,2791899,6678,0,0,0,0,0,5,602
org.pitest.mutationtest.engine.gregor.mutators.InlineConstantMutator,2791906,241,0,0,0,0,0,8,145
org.mudebug.prapr.mutators.MethCallResultGuard_1,2791916,7233,0,0,0,0,0,0,291
org.mudebug.prapr.mutators.MethodNameMutator_0,2791918,6743,0,0,0,0,0,1942,1867
org.pitest.mutationtest.engine.gregor.mutators.experimental.MemberVariableMutator,2793862,1777,0,0,0,0,0,0,647
org.pitest.mutationtest.engine.gregor.mutators.InlineConstantMutator,2793864,6715,0,0,0,0,0,6,1174
org.mudebug.prapr.mutators.FieldAccessToMethodCallMutator_2,2793872,1777,0,0,0,0,0,0,683
org.mudebug.prapr.mutators.NonVoidMethodCallGuardMutator_0,2793874,1049,0,0,0,0,0,0,368
org.mudebug.prapr.mutators.MethodNameMutator_3,2793876,6710,0,0,0,1,1,8,1068
org.mudebug.prapr.mutators.MethCallResultGuard_0,2793886,370,0,0,0,0,0,0,816
org.mudebug.prapr.mutators.MethCallResultGuard_2,2793888,1313,0,0,0,0,0,0,84
org.mudebug.prapr.mutators.NonVoidMethodCallGuardMutator_0,2793890,5358,0,0,0,0,0,0,718
org.mudebug.prapr.mutators.VoidMethodCallGuardMutator,2793892,1562,0,0,0,0,0,0,229
org.pitest.mutationtest.engine.gregor.mutators.NonVoidMethodCallMutator,2793894,6708,0,0,0,1,1,8,1050
org.pitest.mutationtest.engine.gregor.mutators.RemoveConditionalMutator_EQUAL_ELSE,2793904,1053,0,0,0,1,1,4558,433
org.pitest.mutationtest.engine.gregor.mutators.RemoveConditionalMutator_EQUAL_IF,2798464,5358,0,0,0,1,1,9,742
org.mudebug.prapr.mutators.LocalToFieldAccessMutator_0,2798475,5195,0,0,1,1,1,5153,102
org.mudebug.prapr.mutators.ArgumentListMutator_4,2803630,6697,0,0,1,1,1,49,854
org.pitest.mutationtest.engine.gregor.mutators.ReturnValsMutator,2803681,6671,0,0,1,1,1,5516,548
org.mudebug.prapr.mutators.MethodNameMutator_0,2809201,7302,0,0,0,0,0,1979,143
org.mudebug.prapr.mutators.ArgumentListMutator_2,2811182,6678,0,0,0,0,0,5,603
org.mudebug.prapr.mutators.DereferenceGuardMutator_3,2811189,3388,0,0,0,0,0,0,70
org.mudebug.prapr.mutators.FieldNameMutator_0,2811191,4159,0,1,1,1,1,2595,103
org.mudebug.prapr.mutators.FieldToLocalAccessMutator_1,2813787,6711,0,0,0,1,1,2701,1133
org.mudebug.prapr.mutators.MethCallResultGuard_2,2816490,1834,0,0,0,0,0,5,78
org.pitest.mutationtest.engine.gregor.mutators.NonVoidMethodCallMutator,2816497,7759,0,0,1,1,1,5417,422
org.pitest.mutationtest.engine.gregor.mutators.ConstructorCallMutator,2821916,7232,0,0,0,0,0,179,273
org.mudebug.prapr.mutators.FieldNameMutator_0,2822097,6652,0,0,0,0,0,0,398
org.mudebug.prapr.mutators.LocalToFieldAccessMutator_0,2822099,547,0,0,0,0,0,127,166
org.mudebug.prapr.mutators.NonVoidMethodCallGuardMutator_0,2822228,6744,0,0,0,0,0,4,1893
org.mudebug.prapr.mutators.ArithmeticOperatorReplacement_3,2822234,6713,0,0,0,0,0,0,1152
org.pitest.mutationtest.engine.gregor.mutators.RemoveConditionalMutator_EQUAL_IF,2822236,7215,0,0,0,0,0,0,128
org.mudebug.prapr.mutators.ReturningDereferenceGuardMutator_4,2822238,6652,0,0,0,0,0,0,391
org.mudebug.prapr.mutators.MethCallResultGuard_0,2822240,545,0,0,0,0,0,5,129
org.mudebug.prapr.mutators.ArgumentListMutator_1,2822247,1106,0,0,1,1,1,2980,1082
org.pitest.mutationtest.engine.gregor.mutators.BooleanFalseReturnValsMutator,2825229,1243,0,0,0,0,0,5,637
org.mudebug.prapr.mutators.ArithmeticOperatorReplacement_0,2825236,6713,0,0,0,0,0,90,1152
org.pitest.mutationtest.engine.gregor.mutators.NonVoidMethodCallMutator,2825328,5356,0,0,1,1,1,1494,81
org.mudebug.prapr.mutators.FieldAccessToMethodCallMutator_4,2826824,6738,0,0,1,1,1,253,1794
org.mudebug.prapr.mutators.VoidMethodCallGuardMutator,2827079,551,0,0,0,0,0,23,214
org.mudebug.prapr.mutators.DereferenceGuardMutator_0,2827104,7627,0,0,0,0,0,0,159
org.mudebug.prapr.mutators.VoidMethodCallGuardMutator,2827106,7058,0,0,0,0,0,0,519
org.pitest.mutationtest.engine.gregor.mutators.RemoveConditionalMutator_EQUAL_ELSE,2827108,495,0,0,1,1,1,4330,171
org.mudebug.prapr.mutators.MethCallResultGuard_1,2831440,347,0,0,1,1,1,1985,504
org.mudebug.prapr.mutators.RelationalOperatorReplacement_2,2833427,6732,0,0,0,0,0,0,1624
org.pitest.mutationtest.engine.gregor.mutators.RemoveConditionalMutator_EQUAL_ELSE,2833429,6728,0,0,0,1,1,2809,1407
org.pitest.mutationtest.engine.gregor.mutators.NegateConditionalsMutator,2836240,7247,0,0,0,0,0,138,597
org.mudebug.prapr.mutators.VoidMethodCallGuardMutator,2836380,5358,0,0,0,0,0,0,762
org.mudebug.prapr.mutators.FieldAccessToMethodCallMutator_0,2836382,1106,0,0,1,1,1,2974,1196
org.pitest.mutationtest.engine.gregor.mutators.RemoveConditionalMutator_EQUAL_ELSE,2839358,1564,0,0,0,0,0,205,262
org.mudebug.prapr.mutators.MethodNameMutator_3,2839565,5356,0,0,0,0,0,69,354
org.mudebug.prapr.mutators.MethodNameMutator_3,2839636,7382,0,0,0,0,0,40,442
org.pitest.mutationtest.engine.gregor.mutators.VoidMethodCallMutator,2839678,347,0,0,0,0,0,24,549
org.mudebug.prapr.mutators.RelationalOperatorReplacement_2,2839704,7215,0,0,0,0,0,0,128
org.mudebug.prapr.mutators.NonVoidMethodCallGuardMutator_0,2839706,1245,0,0,0,0,0,0,675
org.mudebug.prapr.mutators.ArgumentListMutator_0,2839708,1246,0,0,0,0,0,0,818
org.pitest.mutationtest.engine.gregor.mutators.ReturnValsMutator,2839710,6674,0,0,1,1,1,1029,561
org.pitest.mutationtest.engine.gregor.mutators.NonVoidMethodCallMutator,2840741,7247,0,0,1,1,1,5538,598
org.mudebug.prapr.mutators.ArgumentListMutator_2,2846281,7058,0,0,1,1,1,5538,303
org.mudebug.prapr.mutators.DereferenceGuardMutator_1,2851821,6689,0,0,0,0,0,0,783
org.mudebug.prapr.mutators.ReturningDereferenceGuardMutator_0,2851823,247,0,0,0,0,0,2,247
org.mudebug.prapr.mutators.LocalToFieldAccessMutator_1,2851827,6728,0,0,0,1,1,2819,1418
org.mudebug.prapr.mutators.MethCallResultGuard_1,2854648,7058,0,0,0,0,0,0,447
org.mudebug.prapr.mutators.FieldAccessToMethodCallMutator_0,2854650,1777,0,0,0,0,0,0,734
org.mudebug.prapr.mutators.MethodNameMutator_8,2854652,7302,0,0,1,1,1,5538,98
org.mudebug.prapr.mutators.LocalNameMutator_0,2860192,6728,0,0,0,0,0,276,1407
org.pitest.mutationtest.engine.gregor.mutators.NonVoidMethodCallMutator,2860470,3592,0,0,0,1,1,127,1084
org.pitest.mutationtest.engine.gregor.mutators.experimental.MemberVariableMutator,2860599,1777,0,0,0,0,0,0,694
org.mudebug.prapr.mutators.MethodNameMutator_6,2860601,7205,0,0,0,0,0,51,141
org.mudebug.prapr.mutators.MethodNameMutator_0,2860654,1237,0,0,1,1,1,18,544
org.pitest.mutationtest.engine.gregor.mutators.ConstructorCallMutator,2860674,543,0,0,1,1,1,5365,108
org.mudebug.prapr.mutators.RelationalOperatorReplacement_3,2866043,5376,0,0,0,0,0,84,1046
org.mudebug.prapr.mutators.RelationalOperatorReplacement_1,2866129,7259,0,0,1,1,1,5538,823
org.mudebug.prapr.mutators.FieldAccessToMethodCallMutator_1,2871669,1106,0,0,0,0,0,10,1106
org.mudebug.prapr.mutators.ReturningDereferenceGuardMutator_1,2871681,6706,0,0,0,0,0,0,933
org.mudebug.prapr.mutators.LocalNameMutator_0,2871683,1234,0,0,1,1,1,31,262
org.pitest.mutationtest.engine.gregor.mutators.RemoveConditionalMutator_EQUAL_IF,2871716,347,0,0,1,1,1,1986,534
org.mudebug.prapr.mutators.ArgumentListMutator_5,2873704,6706,0,0,0,1,1,9,932
org.mudebug.prapr.mutators.NonVoidMethodCallGuardMutator_0,2873715,1127,0,0,0,0,0,5,1580
org.pitest.mutationtest.engine.gregor.mutators.EmptyObjectReturnValsMutator,2873722,6704,0,0,0,1,1,8,908
org.mudebug.prapr.mutators.MethodNameMutator_1,2873732,6931,0,0,1,1,1,5538,848
org.mudebug.prapr.mutators.ReturningDereferenceGuardMutator_3,2879272,4410,0,0,0,0,0,0,445
org.mudebug.prapr.mutators.ReturningDereferenceGuardMutator_0,2879274,6176,0,0,0,0,0,0,571
org.pitest.mutationtest.engine.gregor.mutators.InlineConstantMutator,2879276,3589,0,0,0,1,1,357,1062
org.mudebug.prapr.mutators.LocalNameMutator_0,2879635,6689,0,0,1,1,1,5190,783
org.mudebug.prapr.mutators.MethCallResultGuard_1,2884827,1042,0,0,0,0,0,0,242
org.mudebug.prapr.mutators.RelationalOperatorReplacement_0,2884829,7302,0,0,0,0,0,8,105
org.mudebug.prapr.mutators.FieldToLocalAccessMutator_0,2884839,503,0,0,0,0,0,37,68
org.mudebug.prapr.mutators.RelationalOperatorReplacement_0,2884878,1234,0,0,0,1,1,17,267
org.pitest.mutationtest.engine.gregor.mutators.InlineConstantMutator,2884897,7058,0,0,1,1,1,5538,453
org.mudebug.prapr.mutators.FieldNameMutator_3,2890443,1777,0,0,0,0,0,18,701
org.mudebug.prapr.mutators.ArgumentListMutator_1,2890463,7556,0,0,0,0,0,2249,70
org.mudebug.prapr.mutators.LocalToFieldAccessMutator_4,2892714,6713,0,0,0,0,0,77,1152
org.mudebug.prapr.mutators.LocalNameMutator_0,2892793,1234,0,0,0,0,0,1,316
org.mudebug.prapr.mutators.DereferenceGuardMutator_0,2892796,1106,0,0,0,0,0,0,1085
org.pitest.mutationtest.engine.gregor.mutators.NonVoidMethodCallMutator,2892798,1234,0,0,1,1,1,3,312
org.pitest.mutationtest.engine.gregor.mutators.VoidMethodCallMutator,2892803,3390,0,0,0,0,0,0,99
org.pitest.mutationtest.engine.gregor.mutators.RemoveConditionalMutator_EQUAL_IF,2892805,5356,0,0,0,0,0,0,103
org.mudebug.prapr.mutators.LocalNameMutator_1,2892807,7058,0,0,0,0,0,36,341
org.pitest.mutationtest.engine.gregor.mutators.experimental.MemberVariableMutator,2892845,1777,0,0,0,0,0,0,719
org.mudebug.prapr.mutators.ArgumentListMutator_0,2892847,1248,0,0,0,0,0,0,867
org.mudebug.prapr.mutators.LocalNameMutator_0,2892849,7764,0,0,0,0,0,126,481
org.mudebug.prapr.mutators.ReturningDereferenceGuardMutator_1,2892977,1053,0,0,0,0,0,0,439
org.mudebug.prapr.mutators.ArgumentListMutator_2,2892979,7215,0,0,1,1,1,5538,108
org.mudebug.prapr.mutators.FieldToLocalAccessMutator_0,2898519,4395,0,0,1,1,1,5220,247
org.mudebug.prapr.mutators.FieldToLocalAccessMutator_1,2903741,558,0,0,0,0,0,1,1194
org.pitest.mutationtest.engine.gregor.mutators.NonVoidMethodCallMutator,2903744,4720,0,0,0,0,0,0,42
org.mudebug.prapr.mutators.MethCallResultGuard_1,2903746,4680,0,0,0,0,0,0,120
org.mudebug.prapr.mutators.FieldNameMutator_1,2903748,7059,0,0,0,0,0,0,544
org.mudebug.prapr.mutators.MethCallResultGuard_2,2903750,328,0,0,0,0,0,0,280
org.mudebug.prapr.mutators.FieldAccessToMethodCallMutator_3,2903752,7503,0,0,0,0,0,2261,453
org.mudebug.prapr.mutators.LocalToFieldAccessMutator_1,2906015,551,0,0,1,1,1,5360,227
org.pitest.mutationtest.engine.gregor.mutators.experimental.MemberVariableMutator,2911377,1038,0,0,0,0,0,0,116
org.pitest.mutationtest.engine.gregor.mutators.MathMutator,2911379,7108,0,0,1,1,1,5538,1153
org.mudebug.prapr.mutators.LocalNameMutator_0,2916919,1245,0,0,0,0,0,9,807
org.mudebug.prapr.mutators.FieldAccessToMethodCallMutator_4,2916930,6706,0,0,0,0,0,2,959
org.mudebug.prapr.mutators.VoidMethodCallGuardMutator,2916934,5356,0,0,0,0,0,0,512
org.pitest.mutationtest.engine.gregor.mutators.VoidMethodCallMutator,2916936,1311,0,0,0,1,1,142,63
org.mudebug.prapr.mutators.ArgumentListMutator_4,2917080,7764,0,0,0,0,0,0,481
org.mudebug.prapr.mutators.FieldAccessToMethodCallMutator_4,2917082,6671,0,0,1,1,1,5485,548
org.pitest.mutationtest.engine.gregor.mutators.NonVoidMethodCallMutator,2922569,6902,0,0,0,0,0,0,347
org.mudebug.prapr.mutators.FieldNameMutator_1,2922571,6684,0,0,1,1,1,595,695
org.mudebug.prapr.mutators.DereferenceGuardMutator_1,2923168,6728,0,0,0,0,0,0,1420
org.mudebug.prapr.mutators.MethodNameMutator_4,2923170,1118,0,0,0,1,1,1610,1425
org.mudebug.prapr.mutators.MethodNameMutator_3,2924782,1234,0,0,1,1,1,5,302
org.mudebug.prapr.mutators.DereferenceGuardMutator_3,2924789,7627,0,0,0,0,0,0,159
org.mudebug.prapr.mutators.MethodNameMutator_7,2924791,1234,0,0,1,1,1,33,262
org.pitest.mutationtest.engine.gregor.mutators.RemoveConditionalMutator_EQUAL_ELSE,2924826,6732,0,0,0,0,0,0,1624
org.mudebug.prapr.mutators.DereferenceGuardMutator_1,2924828,6737,0,0,0,0,0,0,1782
org.mudebug.prapr.mutators.FieldNameMutator_0,2924830,7215,0,0,0,0,0,105,137
org.mudebug.prapr.mutators.FieldNameMutator_1,2924937,3711,0,0,0,0,0,1,72
org.pitest.mutationtest.engine.gregor.mutators.NonVoidMethodCallMutator,2924940,5375,0,0,0,0,0,2,1034
org.mudebug.prapr.mutators.ReturningDereferenceGuardMutator_2,2924944,1053,0,0,0,0,0,0,439
org.mudebug.prapr.mutators.RelationalOperatorReplacement_1,2924946,4411,0,0,0,0,0,0,487
org.mudebug.prapr.mutators.MethCallResultGuard_2,2924948,1106,0,0,0,0,0,5,1173
org.pitest.mutationtest.engine.gregor.mutators.RemoveConditionalMutator_EQUAL_IF,2924955,5356,0,0,1,1,1,2865,350
org.mudebug.prapr.mutators.DereferenceGuardMutator_3,2927822,6697,0,0,0,0,0,0,849
org.mudebug.prapr.mutators.FieldNameMutator_1,2927824,4626,0,0,0,1,1,4735,80
org.mudebug.prapr.mutators.RelationalOperatorReplacement_1,2932561,551,0,0,0,1,1,2692,217
org.pitest.mutationtest.engine.gregor.mutators.NonVoidMethodCallMutator,2935255,1049,0,0,1,1,1,4574,368
org.mudebug.prapr.mutators.MethCallResultGuard_0,2939831,7058,0,0,0,0,0,0,482
org.mudebug.prapr.mutators.FieldToLocalAccessMutator_0,2939833,6689,0,0,1,1,1,5275,781
org.mudebug.prapr.mutators.MethCallResultGuard_2,2945110,6725,0,0,0,0,0,0,1369
org.mudebug.prapr.mutators.MethodNameMutator_1,2945112,7202,0,0,0,0,0,66,125
org.mudebug.prapr.mutators.ArithmeticOperatorDeletion_0,2945180,4257,0,0,0,0,0,23,409
org.pitest.mutationtest.engine.gregor.mutators.experimental.RemoveSwitchMutator_29,2945205,6649,0,0,0,0,0,0,175
org.pitest.mutationtest.engine.gregor.mutators.experimental.RemoveSwitchMutator_86,2945207,555,0,0,0,0,0,0,872
org.mudebug.prapr.mutators.ReturningDereferenceGuardMutator_3,2945209,6743,0,0,0,0,0,0,1873
org.mudebug.prapr.mutators.FieldAccessToMethodCallMutator_4,2945211,6684,0,0,0,0,0,108,711
org.mudebug.prapr.mutators.LocalToFieldAccessMutator_3,2945324,6738,0,0,1,1,1,252,1796
org.mudebug.prapr.mutators.LocalNameMutator_1,2945578,7058,0,0,0,0,0,23,484
org.pitest.mutationtest.engine.gregor.mutators.experimental.RemoveSwitchMutator_40,2945603,3636,0,0,0,0,0,0,1649
org.mudebug.prapr.mutators.FieldAccessToMethodCallMutator_0,2945605,1777,0,0,0,0,0,0,710
org.mudebug.prapr.mutators.LocalNameMutator_0,2945607,7058,0,0,0,0,0,16,399
org.mudebug.prapr.mutators.ArgumentListMutator_4,2945625,7059,0,0,1,1,1,5538,560
org.pitest.mutationtest.engine.gregor.mutators.experimental.RemoveSwitchMutator_2,2951165,495,0,0,0,0,0,0,119
org.mudebug.prapr.mutators.MethodNameMutator_2,2951167,5358,0,0,0,0,0,39,724
org.mudebug.prapr.mutators.ArgumentListMutator_4,2951208,7052,0,0,1,1,1,5538,116
org.mudebug.prapr.mutators.RelationalOperatorReplacement_3,2956748,1143,0,0,0,0,0,13,1727
org.mudebug.prapr.mutators.FieldAccessToMethodCallMutator_1,2956763,1106,0,0,1,1,1,2980,1074
org.mudebug.prapr.mutators.FieldAccessToMethodCallMutator_2,2959745,1106,0,0,1,1,1,2985,1097
org.mudebug.prapr.mutators.ArgumentListMutator_2,2962732,6706,0,0,0,1,1,9,931
org.mudebug.prapr.mutators.FieldAccessToMethodCallMutator_0,2962743,7265,0,0,1,1,1,5538,867
org.mudebug.prapr.mutators.ReturningDereferenceGuardMutator_0,2968294,7627,0,0,0,0,0,0,159
org.mudebug.prapr.mutators.ArgumentListMutator_0,2968296,544,0,0,1,1,1,5365,118
org.mudebug.prapr.mutators.RelationalOperatorReplacement_1,2973663,7233,0,0,0,0,0,0,297
org.mudebug.prapr.mutators.FieldToLocalAccessMutator_0,2973665,4256,0,0,0,0,0,1,400
org.mudebug.prapr.mutators.FieldAccessToMethodCallMutator_4,2973668,6718,0,0,1,1,1,5194,1267
org.mudebug.prapr.mutators.MethodNameMutator_1,2978864,5357,0,0,0,0,0,2,703
org.mudebug.prapr.mutators.ReturningDereferenceGuardMutator_1,2978868,370,0,0,0,0,0,0,816
org.mudebug.prapr.mutators.FieldAccessToMethodCallMutator_3,2978870,1777,0,0,0,0,0,0,641
org.mudebug.prapr.mutators.FieldAccessToMethodCallMutator_3,2978872,6678,0,0,1,1,1,5951,611
org.pitest.mutationtest.engine.gregor.mutators.NonVoidMethodCallMutator,2984825,1129,0,0,0,1,1,1471,1604
org.mudebug.prapr.mutators.MethodNameMutator_2,2986298,5356,0,0,0,0,0,0,344
org.mudebug.prapr.mutators.RelationalOperatorReplacement_1,2986300,5359,0,0,0,0,0,3,794
org.mudebug.prapr.mutators.FieldNameMutator_0,2986305,7302,0,0,0,0,0,13,102
org.pitest.mutationtest.engine.gregor.mutators.experimental.MemberVariableMutator,2986320,1777,0,0,0,0,0,0,633
org.mudebug.prapr.mutators.MethCallResultGuard_2,2986322,7059,0,0,0,0,0,0,561
org.mudebug.prapr.mutators.LocalNameMutator_1,2986324,4411,0,0,0,0,0,144,476
org.mudebug.prapr.mutators.MethodNameMutator_1,2986470,7058,0,0,1,1,1,5538,420
org.mudebug.prapr.mutators.FieldToLocalAccessMutator_1,2992010,6728,0,0,0,1,1,2801,1420
org.pitest.mutationtest.engine.gregor.mutators.RemoveConditionalMutator_EQUAL_ELSE,2999879,4415,0,0,0,0,0,421,543
org.mudebug.prapr.mutators.MethCallResultGuard_2,3000302,370,0,0,0,0,0,0,814
org.mudebug.prapr.mutators.MethodNameMutator_6,3000304,5356,0,0,1,1,1,2470,83
org.pitest.mutationtest.engine.gregor.mutators.NegateConditionalsMutator,3002776,6176,0,0,0,1,1,132,571
org.pitest.mutationtest.engine.gregor.mutators.experimental.MemberVariableMutator,3002910,4630,0,0,1,1,1,5209,110
org.mudebug.prapr.mutators.LocalToFieldAccessMutator_0,3008121,4410,0,0,0,0,0,5,453
org.mudebug.prapr.mutators.ArgumentListMutator_0,3008128,6651,0,0,0,0,0,0,375
org.pitest.mutationtest.engine.gregor.mutators.RemoveConditionalMutator_EQUAL_ELSE,3008130,334,0,0,0,0,0,0,382
org.mudebug.prapr.mutators.RelationalOperatorReplacement_3,3008132,1564,0,0,0,0,0,90,262
org.mudebug.prapr.mutators.LocalToFieldAccessMutator_0,3008224,4411,0,0,0,0,0,23,484
org.mudebug.prapr.mutators.DereferenceGuardMutator_3,3008249,7064,0,0,0,0,0,0,615
org.pitest.mutationtest.engine.gregor.mutators.MathMutator,3008251,2459,0,0,1,1,1,5291,62
org.mudebug.prapr.mutators.FieldNameMutator_3,3013544,7058,0,0,1,1,1,5538,409
org.pitest.mutationtest.engine.gregor.mutators.InlineConstantMutator,3019084,7555,0,0,0,0,0,1969,62
org.mudebug.prapr.mutators.ReturningDereferenceGuardMutator_3,3021055,7063,0,0,0,0,0,0,599
org.mudebug.prapr.mutators.LocalNameMutator_0,3021057,7199,0,0,0,0,0,93,84
org.pitest.mutationtest.engine.gregor.mutators.experimental.RemoveSwitchMutator_33,3021152,6649,0,0,0,0,0,0,175
org.mudebug.prapr.mutators.ArgumentListMutator_5,3021154,1777,0,0,1,1,1,5292,83
org.pitest.mutationtest.engine.gregor.mutators.InlineConstantMutator,3026448,5363,0,0,0,0,0,1,828
org.mudebug.prapr.mutators.LocalNameMutator_0,3026451,6652,0,0,0,0,0,0,389
org.mudebug.prapr.mutators.RelationalOperatorReplacement_1,3026453,5356,0,0,1,1,1,718,215
org.pitest.mutationtest.engine.gregor.mutators.RemoveConditionalMutator_EQUAL_ELSE,3027173,5358,0,0,0,0,0,3,742
org.pitest.mutationtest.engine.gregor.mutators.ReturnValsMutator,3027178,2858,0,0,1,1,1,5291,45
org.mudebug.prapr.mutators.MethodNameMutator_0,3032471,7265,0,0,1,1,1,5064,867
org.pitest.mutationtest.engine.gregor.mutators.BooleanFalseReturnValsMutator,3037537,1144,0,0,0,0,0,9,1740
org.pitest.mutationtest.engine.gregor.mutators.NegateConditionalsMutator,3037548,6652,0,0,1,1,1,5084,389
org.mudebug.prapr.mutators.NonVoidMethodCallGuardMutator_0,3042634,551,0,0,0,0,0,0,215
org.mudebug.prapr.mutators.RelationalOperatorReplacement_3,3042636,3497,0,0,0,0,0,0,425
org.pitest.mutationtest.engine.gregor.mutators.RemoveConditionalMutator_EQUAL_ELSE,3042638,6706,0,0,0,1,1,2,1017
org.mudebug.prapr.mutators.ReturningDereferenceGuardMutator_1,3042642,6686,0,0,0,0,0,5,742
org.mudebug.prapr.mutators.MethCallResultGuard_0,3042649,3417,0,0,0,0,0,2,88
org.pitest.mutationtest.engine.gregor.mutators.NonVoidMethodCallMutator,3042653,6710,0,0,0,1,1,6,1070
org.mudebug.prapr.mutators.ReturningDereferenceGuardMutator_4,3042661,1131,0,0,0,0,0,5,1619
org.mudebug.prapr.mutators.ArithmeticOperatorReplacement_4,3042668,553,0,0,0,0,0,44,267
org.pitest.mutationtest.engine.gregor.mutators.InlineConstantMutator,3042714,3592,0,0,0,1,1,146,1084
org.mudebug.prapr.mutators.ArgumentListMutator_0,3042862,7059,0,0,1,1,1,5538,547
org.mudebug.prapr.mutators.ReturningDereferenceGuardMutator_0,3048402,1119,0,0,0,0,0,0,1435
org.mudebug.prapr.mutators.MethodNameMutator_0,3048404,1231,0,0,0,1,1,2,68
org.mudebug.prapr.mutators.ArgumentListMutator_1,3048408,7556,0,0,0,0,0,53,70
org.mudebug.prapr.mutators.MethCallResultGuard_0,3048463,347,0,0,0,0,0,0,548
org.mudebug.prapr.mutators.FieldAccessToMethodCallMutator_2,3048465,1777,0,0,0,0,0,0,740
org.mudebug.prapr.mutators.NonVoidMethodCallGuardMutator_0,3048467,6743,0,0,0,0,0,0,1866
org.pitest.mutationtest.engine.gregor.mutators.NonVoidMethodCallMutator,3048469,3710,0,0,1,1,1,5303,67
org.pitest.mutationtest.engine.gregor.mutators.NegateConditionalsMutator,3053774,333,0,0,0,0,0,6,373
org.pitest.mutationtest.engine.gregor.mutators.NonVoidMethodCallMutator,3053782,7215,0,0,0,0,0,2373,108
org.mudebug.prapr.mutators.DereferenceGuardMutator_0,3056157,1133,0,0,0,0,0,0,1633
org.mudebug.prapr.mutators.ReturningDereferenceGuardMutator_0,3056159,7057,0,0,0,0,0,0,227
org.mudebug.prapr.mutators.MethodNameMutator_2,3056161,3587,0,0,0,0,0,239,1015
org.mudebug.prapr.mutators.MethCallResultGuard_2,3056402,7064,0,0,0,0,0,0,618
org.mudebug.prapr.mutators.ReturningDereferenceGuardMutator_1,3056404,346,0,0,0,0,0,0,498
org.mudebug.prapr.mutators.MethodNameMutator_0,3056406,4413,0,0,0,0,0,5,525
org.mudebug.prapr.mutators.LocalNameMutator_0,3056413,6674,0,0,1,1,1,1029,560
org.mudebug.prapr.mutators.NonVoidMethodCallGuardMutator_0,3057444,247,0,0,0,0,0,0,251
org.mudebug.prapr.mutators.ReturningDereferenceGuardMutator_2,3057465,1047,0,0,0,0,0,0,339
org.mudebug.prapr.mutators.MethodNameMutator_1,3057467,1833,0,0,0,0,0,0,72
org.mudebug.prapr.mutators.FieldNameMutator_3,3057469,5362,0,0,0,0,0,1,816
org.pitest.mutationtest.engine.gregor.mutators.VoidMethodCallMutator,3057472,347,0,0,1,1,1,4283,546
org.mudebug.prapr.mutators.ArgumentListMutator_5,3061757,6725,0,0,0,1,1,0,1369
org.mudebug.prapr.mutators.VoidMethodCallGuardMutator,3061759,7059,0,0,0,0,0,0,552
org.mudebug.prapr.mutators.ArgumentListMutator_0,3061761,4157,0,0,1,1,1,4577,93
org.mudebug.prapr.mutators.LocalNameMutator_0,3066342,5375,0,0,0,0,0,26,1034
org.pitest.mutationtest.engine.gregor.mutators.experimental.RemoveSwitchMutator_32,3066370,3636,0,0,0,0,0,0,1649
org.mudebug.prapr.mutators.MethodNameMutator_6,3066372,6931,0,0,0,0,0,465,844
org.pitest.mutationtest.engine.gregor.mutators.InlineConstantMutator,3066839,7058,0,0,1,1,1,5538,412
org.mudebug.prapr.mutators.FieldNameMutator_1,3072379,7058,0,0,0,0,0,1751,294
org.mudebug.prapr.mutators.MethodNameMutator_0,3074132,7200,0,0,0,0,0,42,107
org.mudebug.prapr.mutators.DereferenceGuardMutator_4,3074183,6738,0,0,0,0,0,0,1794
org.mudebug.prapr.mutators.ArgumentListMutator_4,3074185,7059,0,0,1,1,1,5538,543
org.mudebug.prapr.mutators.MethCallResultGuard_0,3079725,2967,0,0,0,0,0,0,612
org.mudebug.prapr.mutators.FieldNameMutator_4,3079727,1777,0,0,0,0,0,0,678
org.mudebug.prapr.mutators.ArgumentListMutator_2,3079729,5356,0,0,1,1,1,251,511
org.mudebug.prapr.mutators.MethodNameMutator_1,3079982,347,0,0,0,0,0,3966,546
org.mudebug.prapr.mutators.ReturningDereferenceGuardMutator_3,3083950,1311,0,0,0,0,0,0,62
org.mudebug.prapr.mutators.ArgumentListMutator_4,3083952,558,0,0,1,1,1,4236,1194
org.mudebug.prapr.mutators.ReturningDereferenceGuardMutator_2,3088190,6689,0,0,0,0,0,0,783
org.mudebug.prapr.mutators.LocalToFieldAccessMutator_4,3088192,6711,0,0,0,1,1,2701,1130
org.pitest.mutationtest.engine.gregor.mutators.RemoveConditionalMutator_EQUAL_ELSE,3090895,7199,0,0,0,0,0,2,80
org.mudebug.prapr.mutators.ReturningDereferenceGuardMutator_1,3090899,3417,0,0,0,0,0,0,96
org.pitest.mutationtest.engine.gregor.mutators.NonVoidMethodCallMutator,3090901,6706,0,0,1,1,1,27,975
org.mudebug.prapr.mutators.FieldNameMutator_4,3090930,7059,0,0,0,0,0,2,558
org.mudebug.prapr.mutators.FieldAccessToMethodCallMutator_3,3090934,6678,0,0,1,1,1,5985,603
org.mudebug.prapr.mutators.LocalNameMutator_0,3096921,4411,0,0,0,0,0,3084,500
org.mudebug.prapr.mutators.RelationalOperatorReplacement_0,3100007,241,0,0,1,1,1,5190,142
org.mudebug.prapr.mutators.DereferenceGuardMutator_0,3105199,5219,0,0,0,0,0,0,181
org.mudebug.prapr.mutators.FieldNameMutator_5,3105201,1777,0,0,0,0,0,0,641
org.pitest.mutationtest.engine.gregor.mutators.InlineConstantMutator,3105203,1248,0,0,0,0,0,0,867
org.mudebug.prapr.mutators.RelationalOperatorReplacement_1,3105205,5359,0,0,0,1,1,5,794
org.mudebug.prapr.mutators.ArgumentListMutator_3,3105212,6710,0,0,0,1,1,8,1066
org.mudebug.prapr.mutators.LocalNameMutator_2,3105222,7058,0,0,0,0,0,17,399
org.mudebug.prapr.mutators.FieldNameMutator_1,3105241,1777,0,0,0,0,0,0,725
org.mudebug.prapr.mutators.MethCallResultGuard_0,3105243,369,0,0,0,0,0,0,805
org.mudebug.prapr.mutators.MethodNameMutator_0,3105245,551,0,0,0,0,0,0,212
org.pitest.mutationtest.engine.gregor.mutators.NonVoidMethodCallMutator,3105247,7198,0,0,0,0,0,14,63
org.pitest.mutationtest.engine.gregor.mutators.VoidMethodCallMutator,3105263,7058,0,0,1,1,1,5538,281
org.mudebug.prapr.mutators.MethodNameMutator_0,3110803,6706,0,0,0,1,1,2,977
org.mudebug.prapr.mutators.RelationalOperatorReplacement_2,3110807,6706,0,0,1,1,1,17,959
org.mudebug.prapr.mutators.ArgumentListMutator_1,3110826,1048,0,0,1,1,1,4554,348
org.mudebug.prapr.mutators.MethCallResultGuard_2,3115382,3388,0,0,0,0,0,0,71
org.mudebug.prapr.mutators.FieldNameMutator_2,3115384,7058,0,0,1,1,1,5538,436
org.mudebug.prapr.mutators.FieldAccessToMethodCallMutator_1,3120924,1777,0,0,0,0,0,0,707
org.mudebug.prapr.mutators.LocalToFieldAccessMutator_3,3120926,6715,0,0,0,0,0,67,1176
org.mudebug.prapr.mutators.NonVoidMethodCallGuardMutator_0,3120995,1234,0,0,0,0,0,0,302
org.mudebug.prapr.mutators.ArgumentListMutator_5,3120997,561,0,0,0,1,1,4883,1206
org.mudebug.prapr.mutators.ReturningDereferenceGuardMutator_1,3125882,348,0,0,0,0,0,0,558
org.pitest.mutationtest.engine.gregor.mutators.ReturnValsMutator,3125884,6415,0,0,0,1,1,0,377
org.mudebug.prapr.mutators.ReturningDereferenceGuardMutator_3,3125886,546,0,0,0,0,0,0,149
org.mudebug.prapr.mutators.NonVoidMethodCallGuardMutator_0,3125888,5358,0,0,0,0,0,0,766
org.pitest.mutationtest.engine.gregor.mutators.InlineConstantMutator,3125890,5356,0,0,0,0,0,0,344
org.mudebug.prapr.mutators.MethodNameMutator_5,3125892,334,0,0,0,0,0,1874,382
org.mudebug.prapr.mutators.MethCallResultGuard_2,3127768,556,0,0,0,0,0,0,1186
org.pitest.mutationtest.engine.gregor.mutators.NegateConditionalsMutator,3127770,159,0,0,0,1,1,1,649
org.mudebug.prapr.mutators.MethodNameMutator_3,3127773,7503,0,0,0,0,0,18,446
org.pitest.mutationtest.engine.gregor.mutators.NonVoidMethodCallMutator,3127793,347,0,0,0,0,0,6,520
org.mudebug.prapr.mutators.ReturningDereferenceGuardMutator_1,3127801,7061,0,0,0,0,0,0,573
org.mudebug.prapr.mutators.LocalToFieldAccessMutator_2,3127803,6705,0,0,1,1,1,59,917
org.pitest.mutationtest.engine.gregor.mutators.VoidMethodCallMutator,3127864,7058,0,0,0,0,0,18,278
org.mudebug.prapr.mutators.MethCallResultGuard_2,3127884,7058,0,0,0,0,0,0,439
org.mudebug.prapr.mutators.FieldNameMutator_3,3127886,1777,0,0,0,0,0,0,668
org.pitest.mutationtest.engine.gregor.mutators.NullReturnValsMutator,3127888,1132,0,0,1,1,1,4190,1628
org.pitest.mutationtest.engine.gregor.mutators.RemoveConditionalMutator_EQUAL_ELSE,3132080,1042,0,0,0,0,0,10,230
org.mudebug.prapr.mutators.VoidMethodCallGuardMutator,3132092,7058,0,0,0,0,0,0,364
org.pitest.mutationtest.engine.gregor.mutators.experimental.MemberVariableMutator,3132094,1038,0,0,0,0,0,445,137
org.pitest.mutationtest.engine.gregor.mutators.BooleanFalseReturnValsMutator,3132541,4680,0,0,0,0,0,24,120
org.pitest.mutationtest.engine.gregor.mutators.ReturnValsMutator,3132567,6718,0,0,1,1,1,5083,1267
org.mudebug.prapr.mutators.RelationalOperatorReplacement_3,3137652,5358,0,0,0,0,0,0,718
org.mudebug.prapr.mutators.RelationalOperatorReplacement_0,3137654,7382,0,0,0,0,0,1847,442
org.mudebug.prapr.mutators.MethodNameMutator_6,3139503,1234,0,0,1,1,1,5,302
org.pitest.mutationtest.engine.gregor.mutators.experimental.RemoveSwitchMutator_84,3139510,5356,0,0,0,0,0,0,117
org.mudebug.prapr.mutators.FieldAccessToMethodCallMutator_1,3139512,1777,0,0,0,0,0,0,632
org.mudebug.prapr.mutators.FieldAccessToMethodCallMutator_0,3139514,6651,0,0,1,1,1,2003,375
org.mudebug.prapr.mutators.FieldNameMutator_2,3141519,1777,0,0,0,0,0,0,695
org.mudebug.prapr.mutators.NonVoidMethodCallGuardMutator_0,3141521,495,0,0,0,0,0,0,184
org.pitest.mutationtest.engine.gregor.mutators.NegateConditionalsMutator,3141523,4260,0,0,0,0,0,127,453
org.mudebug.prapr.mutators.NonVoidMethodCallGuardMutator_0,3141652,4410,0,0,0,0,0,0,445
org.mudebug.prapr.mutators.FieldNameMutator_4,3141654,7058,0,0,0,0,0,2253,490
org.mudebug.prapr.mutators.MethCallResultGuard_2,3143909,1043,0,0,0,0,0,0,270
org.mudebug.prapr.mutators.MethCallResultGuard_1,3143911,7058,0,0,0,0,0,0,340
org.pitest.mutationtest.engine.gregor.mutators.BooleanFalseReturnValsMutator,3143913,7199,0,0,0,0,0,1648,87
org.mudebug.prapr.mutators.DereferenceGuardMutator_1,3145563,6683,0,0,0,0,0,0,685
org.mudebug.prapr.mutators.RelationalOperatorReplacement_0,3145565,1042,0,0,0,0,0,0,256
org.mudebug.prapr.mutators.NonVoidMethodCallGuardMutator_0,3145567,5356,0,0,0,0,0,0,336
org.mudebug.prapr.mutators.FieldAccessToMethodCallMutator_1,3145569,1777,0,0,0,0,0,0,724
org.mudebug.prapr.mutators.ArithmeticOperatorDeletion_0,3145571,347,0,0,0,0,0,34,539
org.mudebug.prapr.mutators.FieldNameMutator_2,3145607,1777,0,0,0,0,0,0,737
org.mudebug.prapr.mutators.ReturningDereferenceGuardMutator_4,3145609,1053,0,0,0,0,0,0,434
org.mudebug.prapr.mutators.FieldNameMutator_0,3145611,6684,0,0,0,0,0,129,714
org.pitest.mutationtest.engine.gregor.mutators.experimental.RemoveSwitchMutator_23,3145742,555,0,0,0,0,0,33,872
org.pitest.mutationtest.engine.gregor.mutators.InlineConstantMutator,3145777,6713,0,0,0,1,1,110,1152
org.mudebug.prapr.mutators.RelationalOperatorReplacement_3,3145889,5356,0,0,0,0,0,0,364
org.mudebug.prapr.mutators.NonVoidMethodCallGuardMutator_0,3145891,1082,0,0,0,0,0,5,834
org.mudebug.prapr.mutators.MethodNameMutator_5,3145898,5356,0,0,1,1,1,1316,215
org.mudebug.prapr.mutators.FieldNameMutator_5,3147218,1777,0,0,0,0,0,84,636
org.mudebug.prapr.mutators.LocalToFieldAccessMutator_0,3147304,1044,0,0,1,1,1,2989,284
org.mudebug.prapr.mutators.RelationalOperatorReplacement_1,3150295,7241,0,0,0,0,0,0,429
org.mudebug.prapr.mutators.LocalToFieldAccessMutator_0,3150297,1049,0,0,1,1,1,4574,366
org.mudebug.prapr.mutators.MethodNameMutator_5,3154873,4411,0,0,0,0,0,2477,500
org.pitest.mutationtest.engine.gregor.mutators.RemoveConditionalMutator_ORDER_IF,3157352,1046,0,0,0,0,0,1,314
org.mudebug.prapr.mutators.FieldAccessToMethodCallMutator_1,3157355,1777,0,0,0,0,0,0,677
org.pitest.mutationtest.engine.gregor.mutators.experimental.NakedReceiverMutator,3157357,3675,0,0,0,0,0,0,2358
org.mudebug.prapr.mutators.DereferenceGuardMutator_3,3157359,1555,0,0,0,0,0,0,154
org.mudebug.prapr.mutators.FieldToLocalAccessMutator_0,3157361,4626,0,0,0,1,1,4735,70
org.mudebug.prapr.mutators.ReturningDereferenceGuardMutator_0,3162098,7490,0,0,0,0,0,0,252
org.mudebug.prapr.mutators.ReturningDereferenceGuardMutator_0,3162100,7062,0,0,0,0,0,0,583
org.mudebug.prapr.mutators.LocalToFieldAccessMutator_0,3162102,546,0,0,0,0,0,2,148
org.pitest.mutationtest.engine.gregor.mutators.ReturnValsMutator,3162106,3902,0,0,0,0,0,1,49
org.mudebug.prapr.mutators.MethodNameMutator_1,3162109,1234,0,0,1,1,1,3,313
org.mudebug.prapr.mutators.ArgumentListMutator_2,3162114,7058,0,0,1,1,1,5538,317
org.mudebug.prapr.mutators.MethodNameMutator_3,3167661,7379,0,0,1,1,1,5538,390
org.pitest.mutationtest.engine.gregor.mutators.RemoveConditionalMutator_EQUAL_ELSE,3173201,1106,0,0,0,0,0,0,1185
org.mudebug.prapr.mutators.ArgumentListMutator_4,3173203,7064,0,0,0,0,0,10,618
org.mudebug.prapr.mutators.FieldNameMutator_0,3173215,7058,0,0,1,1,1,5538,348
org.mudebug.prapr.mutators.MethodNameMutator_7,3178755,1562,0,0,0,1,1,145,204
org.pitest.mutationtest.engine.gregor.mutators.ReturnValsMutator,3178902,7204,0,0,0,0,0,1799,135
org.mudebug.prapr.mutators.FieldAccessToMethodCallMutator_0,3180703,1777,0,0,0,0,0,0,707
org.pitest.mutationtest.engine.gregor.mutators.NegateConditionalsMutator,3180705,4410,0,0,0,0,0,24,440
org.mudebug.prapr.mutators.RelationalOperatorReplacement_0,3180731,5357,0,0,0,0,0,104,703
org.mudebug.prapr.mutators.MethodNameMutator_2,3180846,7557,0,0,0,0,0,72,76
org.mudebug.prapr.mutators.ReturningDereferenceGuardMutator_0,3180920,3249,0,0,0,0,0,5,98
org.pitest.mutationtest.engine.gregor.mutators.experimental.RemoveSwitchMutator_91,3180927,495,0,0,0,0,0,1,119
org.mudebug.prapr.mutators.ArgumentListMutator_2,3180930,7556,0,0,0,0,0,53,70
org.mudebug.prapr.mutators.DereferenceGuardMutator_0,3180985,6689,0,0,0,0,0,0,779
org.mudebug.prapr.mutators.FieldAccessToMethodCallMutator_2,3180987,1777,0,0,0,0,0,0,650
org.mudebug.prapr.mutators.ArgumentListMutator_4,3180989,1830,0,0,0,1,1,4455,55
org.mudebug.prapr.mutators.FieldAccessToMethodCallMutator_0,3185446,543,0,0,1,1,1,5365,89
org.pitest.mutationtest.engine.gregor.mutators.InlineConstantMutator,3190813,5192,0,0,0,0,0,12,54
org.mudebug.prapr.mutators.MethodNameMutator_5,3190827,6988,0,0,0,0,0,3,167
org.mudebug.prapr.mutators.LocalToFieldAccessMutator_1,3190832,547,0,0,1,1,1,625,171
org.mudebug.prapr.mutators.LocalToFieldAccessMutator_1,3191459,6684,0,0,0,0,0,196,712
org.pitest.mutationtest.engine.gregor.mutators.BooleanFalseReturnValsMutator,3191657,4679,0,0,0,0,0,26,115
org.mudebug.prapr.mutators.LocalNameMutator_2,3191685,7058,0,0,0,0,0,15,327
org.mudebug.prapr.mutators.ArgumentListMutator_3,3191702,7058,0,0,1,1,1,5538,488
org.mudebug.prapr.mutators.ReturningDereferenceGuardMutator_3,3197242,7303,0,0,0,0,0,0,167
org.pitest.mutationtest.engine.gregor.mutators.experimental.RemoveSwitchMutator_32,3197244,6649,0,0,0,0,0,3,175
org.pitest.mutationtest.engine.gregor.mutators.RemoveConditionalMutator_EQUAL_IF,3197249,3388,0,0,0,0,0,2,84
org.mudebug.prapr.mutators.MethodNameMutator_1,3197253,7259,0,0,1,1,1,5538,823
org.mudebug.prapr.mutators.ArgumentListMutator_2,3202793,7052,0,0,1,1,1,5538,116
org.pitest.mutationtest.engine.gregor.mutators.NegateConditionalsMutator,3208333,1563,0,0,0,0,0,12,245
org.mudebug.prapr.mutators.MethodNameMutator_3,3208347,4411,0,0,1,1,1,4269,471
org.mudebug.prapr.mutators.DereferenceGuardMutator_4,3212618,6672,0,0,0,0,0,0,552
org.mudebug.prapr.mutators.LocalToFieldAccessMutator_3,3212620,6714,0,0,0,1,1,111,1164
org.mudebug.prapr.mutators.MethCallResultGuard_0,3212736,7247,0,0,0,0,0,0,598
org.mudebug.prapr.mutators.RelationalOperatorReplacement_3,3212738,5359,0,0,0,1,1,6,794
org.mudebug.prapr.mutators.ReturningDereferenceGuardMutator_3,3212746,1106,0,0,0,0,0,0,1185
org.pitest.mutationtest.engine.gregor.mutators.RemoveConditionalMutator_EQUAL_ELSE,3212748,5356,0,0,0,0,0,136,368
org.mudebug.prapr.mutators.FieldNameMutator_1,3212886,1777,0,0,0,0,0,24,690
org.mudebug.prapr.mutators.MethodNameMutator_7,3212912,1234,0,0,1,1,1,16,260
org.mudebug.prapr.mutators.RelationalOperatorReplacement_3,3212930,5358,0,0,0,0,0,31,759
org.pitest.mutationtest.engine.gregor.mutators.InlineConstantMutator,3212963,1788,0,0,1,1,1,4520,857
org.mudebug.prapr.mutators.VoidMethodCallGuardMutator,3217485,517,0,0,0,0,0,0,95
org.pitest.mutationtest.engine.gregor.mutators.RemoveConditionalMutator_EQUAL_IF,3217487,1106,0,0,0,1,1,2978,1137
org.mudebug.prapr.mutators.ReturningDereferenceGuardMutator_0,3220467,6721,0,0,0,0,0,0,1331
org.mudebug.prapr.mutators.NonVoidMethodCallGuardMutator_0,3220469,495,0,0,0,0,0,0,243
org.mudebug.prapr.mutators.MethodNameMutator_0,3220471,3675,0,0,0,0,0,0,2364
org.mudebug.prapr.mutators.FieldNameMutator_5,3220473,1799,0,0,0,0,0,0,931
org.mudebug.prapr.mutators.ArgumentListMutator_0,3220475,1106,0,0,1,1,1,2974,1199
org.mudebug.prapr.mutators.FieldNameMutator_2,3223451,1777,0,0,0,0,0,0,739
org.mudebug.prapr.mutators.MethodNameMutator_1,3223453,5357,0,0,0,0,0,12,703
org.mudebug.prapr.mutators.FieldAccessToMethodCallMutator_0,3223467,1038,0,0,0,0,0,0,131
org.mudebug.prapr.mutators.FieldNameMutator_4,3223469,1777,0,0,0,0,0,0,753
org.mudebug.prapr.mutators.FieldNameMutator_2,3223471,1777,0,0,0,0,0,0,702
org.mudebug.prapr.mutators.MethCallResultGuard_1,3223473,7064,0,0,0,0,0,7,619
org.pitest.mutationtest.engine.gregor.mutators.NegateConditionalsMutator,3223482,6713,0,0,0,1,1,209,1147
org.mudebug.prapr.mutators.LocalNameMutator_1,3223693,6684,0,0,0,1,1,271,701
org.mudebug.prapr.mutators.MethCallResultGuard_2,3223966,4257,0,0,0,0,0,0,408
org.mudebug.prapr.mutators.MethCallResultGuard_2,3223968,6744,0,0,0,0,0,122,1893
org.mudebug.prapr.mutators.MethodNameMutator_4,3224092,7233,0,0,0,0,0,5,291
org.pitest.mutationtest.engine.gregor.mutators.NullReturnValsMutator,3224099,6744,0,0,1,1,1,354,1897
org.mudebug.prapr.mutators.LocalNameMutator_1,3224455,347,0,0,0,0,0,11,542
org.mudebug.prapr.mutators.MethodNameMutator_6,3224468,1248,0,0,1,1,1,62,870
org.mudebug.prapr.mutators.DereferenceGuardMutator_3,3224532,705,0,0,0,0,0,0,57
org.mudebug.prapr.mutators.MethCallResultGuard_1,3224534,6684,0,0,0,0,0,0,701
org.mudebug.prapr.mutators.ArgumentListMutator_2,3224536,4411,0,0,1,1,1,4269,485
org.mudebug.prapr.mutators.FieldAccessToMethodCallMutator_0,3228807,1315,0,0,0,0,0,0,100
org.mudebug.prapr.mutators.RelationalOperatorReplacement_2,3228809,3563,0,0,0,1,1,71,307
org.mudebug.prapr.mutators.LocalToFieldAccessMutator_1,3228882,6743,0,0,0,0,0,705,1869
org.pitest.mutationtest.engine.gregor.mutators.ReturnValsMutator,3229589,6738,0,0,1,1,1,247,1798
org.mudebug.prapr.mutators.ArgumentListMutator_5,3229838,1082,0,0,0,0,0,0,834
org.mudebug.prapr.mutators.MethCallResultGuard_2,3229840,7365,0,0,0,0,0,1,232
org.pitest.mutationtest.engine.gregor.mutators.RemoveConditionalMutator_EQUAL_IF,3229843,333,0,0,0,0,0,5,373
org.mudebug.prapr.mutators.RelationalOperatorReplacement_2,3229850,6713,0,0,0,0,0,76,1149
org.pitest.mutationtest.engine.gregor.mutators.experimental.RemoveSwitchMutator_90,3229928,3584,0,0,0,0,0,7,901
org.mudebug.prapr.mutators.LocalToFieldAccessMutator_3,3229945,6725,0,0,1,1,1,1,1369
org.mudebug.prapr.mutators.LocalNameMutator_1,3229948,7058,0,0,0,0,0,29,436
org.mudebug.prapr.mutators.MethodNameMutator_0,3229979,7204,0,0,0,0,0,7,135
org.mudebug.prapr.mutators.DereferenceGuardMutator_3,3229995,6683,0,0,0,0,0,0,683
org.mudebug.prapr.mutators.FieldNameMutator_1,3229997,1777,0,0,0,0,0,0,695
org.pitest.mutationtest.engine.gregor.mutators.experimental.RemoveSwitchMutator_84,3229999,3584,0,0,0,0,0,0,901
org.mudebug.prapr.mutators.MethodNameMutator_4,3230001,1245,0,0,1,1,1,20,719
org.mudebug.prapr.mutators.FieldNameMutator_1,3230023,6652,0,0,1,1,1,5050,404
org.mudebug.prapr.mutators.ReturningDereferenceGuardMutator_1,3235075,6689,0,0,0,0,0,0,778
org.pitest.mutationtest.engine.gregor.mutators.experimental.MemberVariableMutator,3235077,6712,0,0,0,0,0,65,1137
org.mudebug.prapr.mutators.ArgumentListMutator_2,3235144,4679,0,0,0,0,0,0,115
org.mudebug.prapr.mutators.MethodNameMutator_0,3235149,5356,0,0,0,0,0,0,425
org.mudebug.prapr.mutators.ArgumentListMutator_1,3235151,3711,0,0,0,0,0,1,72
org.mudebug.prapr.mutators.LocalToFieldAccessMutator_0,3235154,6728,0,0,1,1,1,2813,1421
org.mudebug.prapr.mutators.MethodNameMutator_0,3237969,6652,0,0,0,0,0,0,395
org.mudebug.prapr.mutators.FieldNameMutator_2,3237971,1777,0,0,0,0,0,0,697
org.mudebug.prapr.mutators.ReturningDereferenceGuardMutator_4,3237973,544,0,0,0,0,0,0,119
org.pitest.mutationtest.engine.gregor.mutators.NonVoidMethodCallMutator,3237975,7059,0,0,1,1,1,5538,556
org.mudebug.prapr.mutators.MethodNameMutator_4,3243519,7241,0,0,0,0,0,5,435
org.mudebug.prapr.mutators.FieldNameMutator_5,3243526,7058,0,0,1,1,1,5538,314
org.mudebug.prapr.mutators.ArgumentListMutator_1,3249066,1053,0,0,1,1,1,4574,430
org.mudebug.prapr.mutators.DereferenceGuardMutator_0,3253642,1141,0,0,0,0,0,0,1715
org.pitest.mutationtest.engine.gregor.mutators.RemoveConditionalMutator_EQUAL_IF,3253644,5356,0,0,1,1,1,2865,336
org.pitest.mutationtest.engine.gregor.mutators.experimental.RemoveSwitchMutator_55,3256511,5356,0,0,0,0,0,0,117
org.mudebug.prapr.mutators.MethodNameMutator_3,3256513,334,0,0,0,0,0,21,382
org.pitest.mutationtest.engine.gregor.mutators.RemoveConditionalMutator_EQUAL_IF,3256536,3675,0,0,0,0,0,23,2354
org.pitest.mutationtest.engine.gregor.mutators.experimental.MemberVariableMutator,3256561,7355,0,0,0,0,0,75,112
org.mudebug.prapr.mutators.FieldNameMutator_1,3256638,3711,0,0,0,0,0,0,72
org.pitest.mutationtest.engine.gregor.mutators.VoidMethodCallMutator,3256640,1553,0,0,0,0,0,93,135
org.mudebug.prapr.mutators.DereferenceGuardMutator_0,3256735,370,0,0,0,0,0,0,816
org.mudebug.prapr.mutators.RelationalOperatorReplacement_1,3256737,159,0,0,0,0,0,1,649
org.mudebug.prapr.mutators.ArgumentListMutator_2,3256740,557,0,0,0,0,0,7,1190
org.pitest.mutationtest.engine.gregor.mutators.NonVoidMethodCallMutator,3256749,5365,0,0,0,0,0,60,837
org.pitest.mutationtest.engine.gregor.mutators.experimental.MemberVariableMutator,3256811,6678,0,0,1,1,1,4846,607
org.pitest.mutationtest.engine.gregor.mutators.InlineConstantMutator,3261659,6714,0,0,0,1,1,161,1162
org.mudebug.prapr.mutators.ArgumentListMutator_0,3261822,347,0,0,0,0,0,22,507
org.mudebug.prapr.mutators.ReturningDereferenceGuardMutator_2,3261846,5214,0,0,0,0,0,5,112
org.mudebug.prapr.mutators.RelationalOperatorReplacement_3,3261853,4667,0,0,0,0,0,0,70
org.pitest.mutationtest.engine.gregor.mutators.RemoveConditionalMutator_EQUAL_IF,3261855,1106,0,0,0,0,0,56,1106
org.mudebug.prapr.mutators.MethCallResultGuard_0,3261913,5357,0,0,0,0,0,23,703
org.mudebug.prapr.mutators.FieldAccessToMethodCallMutator_0,3261938,1129,0,0,1,1,1,5308,1604
org.mudebug.prapr.mutators.ReturningDereferenceGuardMutator_0,3267248,2459,0,0,0,0,0,0,58
org.mudebug.prapr.mutators.ArithmeticOperatorReplacement_1,3267250,6714,0,0,0,1,1,1690,1164
org.mudebug.prapr.mutators.ReturningDereferenceGuardMutator_0,3268942,1053,0,0,0,0,0,0,441
org.mudebug.prapr.mutators.FieldNameMutator_0,3268944,1777,0,0,0,0,0,0,680
org.mudebug.prapr.mutators.FieldAccessToMethodCallMutator_0,3268946,6651,0,0,1,1,1,4611,383
org.mudebug.prapr.mutators.LocalToFieldAccessMutator_3,3273559,6712,0,0,0,0,0,70,1137
org.mudebug.prapr.mutators.ReturningDereferenceGuardMutator_0,3273631,7230,0,0,0,0,0,5,251
org.mudebug.prapr.mutators.ReturningDereferenceGuardMutator_0,3273638,6672,0,0,0,0,0,0,552
org.mudebug.prapr.mutators.MethCallResultGuard_1,3273640,554,0,0,0,0,0,0,272
org.pitest.mutationtest.engine.gregor.mutators.NegateConditionalsMutator,3273642,4666,0,0,0,0,0,0,60
org.mudebug.prapr.mutators.LocalNameMutator_0,3273644,1234,0,0,0,0,0,0,310
org.mudebug.prapr.mutators.DereferenceGuardMutator_4,3273646,4627,0,0,0,0,0,0,94
org.mudebug.prapr.mutators.NonVoidMethodCallGuardMutator_0,3273648,6706,0,0,0,0,0,0,1025
org.pitest.mutationtest.engine.gregor.mutators.NonVoidMethodCallMutator,3273650,6728,0,0,0,1,1,2809,1407
org.mudebug.prapr.mutators.LocalNameMutator_0,3276461,7263,0,0,1,1,1,5538,851
org.mudebug.prapr.mutators.MethodNameMutator_5,3282001,7204,0,0,0,0,0,143,135
org.pitest.mutationtest.engine.gregor.mutators.experimental.RemoveSwitchMutator_37,3282146,3636,0,0,0,0,0,4,1649
org.pitest.mutationtest.engine.gregor.mutators.experimental.MemberVariableMutator,3282152,1777,0,0,0,0,0,0,705
org.mudebug.prapr.mutators.MethodNameMutator_3,3282154,328,0,0,1,1,1,2678,280
org.mudebug.prapr.mutators.FieldNameMutator_2,3284834,1777,0,0,0,0,0,0,724
org.mudebug.prapr.mutators.MethCallResultGuard_2,3284836,7059,0,0,0,0,0,0,559
org.mudebug.prapr.mutators.LocalNameMutator_1,3284840,7058,0,0,0,0,0,0,539
org.mudebug.prapr.mutators.DereferenceGuardMutator_3,3284842,1131,0,0,0,0,0,0,1619
org.mudebug.prapr.mutators.LocalNameMutator_0,3284844,3611,0,0,0,0,0,861,1332
org.mudebug.prapr.mutators.LocalToFieldAccessMutator_1,3285709,6738,0,0,1,1,1,246,1798
org.mudebug.prapr.mutators.FieldToLocalAccessMutator_2,3285957,6683,0,0,1,1,1,190,687
org.mudebug.prapr.mutators.MethodNameMutator_0,3291215,7383,0,0,0,0,0,1847,457
org.mudebug.prapr.mutators.FieldNameMutator_0,3293064,1777,0,0,0,0,0,2,654
org.mudebug.prapr.mutators.LocalToFieldAccessMutator_0,3293068,6697,0,0,1,1,1,27,849
org.pitest.mutationtest.engine.gregor.mutators.NonVoidMethodCallMutator,3293099,7199,0,0,0,0,0,2,80
org.mudebug.prapr.mutators.ArgumentListMutator_0,3293103,5356,0,0,0,0,0,0,575
org.pitest.mutationtest.engine.gregor.mutators.experimental.RemoveSwitchMutator_0,3293105,6706,0,0,0,0,0,0,980
org.mudebug.prapr.mutators.FieldAccessToMethodCallMutator_2,3293107,4169,0,1,1,1,1,2595,193
org.pitest.mutationtest.engine.gregor.mutators.NegateConditionalsMutator,3295703,7241,0,0,0,0,0,56,429
org.mudebug.prapr.mutators.RelationalOperatorReplacement_3,3295761,7250,0,0,0,0,0,2028,655
org.pitest.mutationtest.engine.gregor.mutators.experimental.MemberVariableMutator,3297791,1777,0,0,0,0,0,0,671
org.mudebug.prapr.mutators.FieldNameMutator_5,3297793,1777,0,0,0,0,0,0,683
org.mudebug.prapr.mutators.DereferenceGuardMutator_3,3297795,7380,0,0,0,0,0,0,396
org.pitest.mutationtest.engine.gregor.mutators.NegateConditionalsMutator,3297797,6692,0,0,1,1,1,4322,809
org.pitest.mutationtest.engine.gregor.mutators.ArgumentPropagationMutator,3302125,7215,0,0,0,0,0,0,130
org.mudebug.prapr.mutators.DereferenceGuardMutator_3,3302127,2459,0,0,0,0,0,0,60
org.mudebug.prapr.mutators.MethCallResultGuard_0,3302129,7058,0,0,0,0,0,0,435
org.mudebug.prapr.mutators.MethCallResultGuard_0,3302131,6710,0,0,0,0,0,0,1070
org.mudebug.prapr.mutators.MethCallResultGuard_1,3302133,495,0,0,0,0,0,0,174
org.mudebug.prapr.mutators.FieldAccessToMethodCallMutator_2,3302135,1777,0,0,0,0,0,0,736
org.pitest.mutationtest.engine.gregor.mutators.InlineConstantMutator,3302137,7058,0,0,1,1,1,5538,412
org.mudebug.prapr.mutators.LocalToFieldAccessMutator_3,3307677,6726,0,0,0,0,0,1332,1383
org.pitest.mutationtest.engine.gregor.mutators.InlineConstantMutator,3309011,1106,0,0,0,0,0,5,1070
org.mudebug.prapr.mutators.MethodNameMutator_3,3309018,6728,0,0,0,1,1,2809,1407
org.mudebug.prapr.mutators.FieldToLocalAccessMutator_0,3311857,7618,0,0,0,0,0,50,96
org.mudebug.prapr.mutators.LocalToFieldAccessMutator_0,3311909,7302,0,0,1,1,1,5538,134
org.mudebug.prapr.mutators.FieldNameMutator_3,3317449,1777,0,0,0,0,0,0,717
org.mudebug.prapr.mutators.FieldNameMutator_0,3317454,7058,0,0,0,0,0,2290,345
org.pitest.mutationtest.engine.gregor.mutators.NegateConditionalsMutator,3319746,1042,0,0,0,0,0,6,256
org.pitest.mutationtest.engine.gregor.mutators.NullReturnValsMutator,3319754,1106,0,0,0,0,0,0,1204
org.mudebug.prapr.mutators.ArgumentListMutator_4,3319756,5212,0,0,1,1,1,2868,51
org.mudebug.prapr.mutators.RelationalOperatorReplacement_0,3322626,5356,0,0,0,1,1,39,507
org.mudebug.prapr.mutators.FieldNameMutator_3,3322667,1777,0,0,0,0,0,0,633
org.mudebug.prapr.mutators.MethodNameMutator_1,3322669,334,0,0,0,0,0,1597,382
org.mudebug.prapr.mutators.LocalToFieldAccessMutator_2,3324268,6694,0,0,0,1,1,0,824
org.mudebug.prapr.mutators.LocalNameMutator_0,3324270,7058,0,0,0,0,0,2250,385
org.mudebug.prapr.mutators.ArgumentListMutator_3,3326522,6684,0,0,0,0,0,0,695
org.mudebug.prapr.mutators.FieldNameMutator_2,3326524,1106,0,0,0,0,0,10,1106
org.pitest.mutationtest.engine.gregor.mutators.EmptyObjectReturnValsMutator,3326540,6415,0,0,0,1,1,16,405
org.mudebug.prapr.mutators.LocalNameMutator_0,3326558,3391,0,0,0,1,1,4455,297
org.mudebug.prapr.mutators.FieldNameMutator_5,3331015,7058,0,0,0,0,0,2252,354
org.mudebug.prapr.mutators.LocalNameMutator_1,3333269,7058,0,0,0,0,0,13,353
org.pitest.mutationtest.engine.gregor.mutators.InlineConstantMutator,3333284,7302,0,0,0,0,0,1967,102
org.mudebug.prapr.mutators.ReturningDereferenceGuardMutator_0,3335253,6728,0,0,0,0,0,5,1420
org.mudebug.prapr.mutators.RelationalOperatorReplacement_3,3335260,7302,0,0,0,0,0,26,111
org.mudebug.prapr.mutators.FieldNameMutator_0,3335288,3558,0,0,0,1,1,102,140
org.mudebug.prapr.mutators.DereferenceGuardMutator_0,3335392,7627,0,0,0,0,0,0,159
org.pitest.mutationtest.engine.gregor.mutators.NullReturnValsMutator,3335394,517,0,1,1,1,1,2568,118
org.mudebug.prapr.mutators.MethCallResultGuard_2,3337963,1052,0,0,0,0,0,5,406
org.mudebug.prapr.mutators.LocalToFieldAccessMutator_0,3337970,6711,0,0,1,1,1,5284,1131
org.mudebug.prapr.mutators.FieldAccessToMethodCallMutator_1,3343256,1777,0,0,0,0,0,0,671
org.mudebug.prapr.mutators.ArithmeticOperatorReplacement_6,3343258,347,0,0,0,0,0,27,520
org.mudebug.prapr.mutators.ReturningDereferenceGuardMutator_3,3343287,1133,0,0,0,0,0,0,1633
org.pitest.mutationtest.engine.gregor.mutators.NegateConditionalsMutator,3343289,6931,0,0,0,0,0,1133,844
org.mudebug.prapr.mutators.MethodNameMutator_3,3344424,5356,0,0,0,0,0,0,181
org.pitest.mutationtest.engine.gregor.mutators.experimental.RemoveSwitchMutator_67,3344426,555,0,0,0,0,0,0,872
org.mudebug.prapr.mutators.FieldToLocalAccessMutator_1,3344428,6743,0,0,1,1,1,2692,1876
org.mudebug.prapr.mutators.MethCallResultGuard_1,3347122,6744,0,0,0,1,1,680,1892
org.pitest.mutationtest.engine.gregor.mutators.RemoveConditionalMutator_EQUAL_ELSE,3347804,1562,0,0,0,0,0,2,209
org.mudebug.prapr.mutators.MethCallResultGuard_2,3347808,5357,0,0,0,0,0,23,703
org.mudebug.prapr.mutators.MethCallResultGuard_1,3347833,1053,0,0,0,0,0,2142,434
org.mudebug.prapr.mutators.MethodNameMutator_0,3349977,346,0,0,0,0,0,2,496
org.mudebug.prapr.mutators.ReturningDereferenceGuardMutator_3,3349981,6689,0,0,0,0,0,0,782
org.mudebug.prapr.mutators.FieldNameMutator_0,3349983,7057,0,0,0,0,0,0,228
org.mudebug.prapr.mutators.FieldNameMutator_2,3349985,3711,0,0,0,0,0,1,72
org.mudebug.prapr.mutators.MethCallResultGuard_0,3349988,369,0,0,0,0,0,0,806
org.mudebug.prapr.mutators.ArgumentListMutator_0,3349990,1082,0,0,1,1,1,5191,834
org.mudebug.prapr.mutators.MethodNameMutator_1,3355183,1106,0,0,0,0,0,3,1096
org.mudebug.prapr.mutators.RelationalOperatorReplacement_1,3355188,6931,0,0,0,0,0,0,852
org.pitest.mutationtest.engine.gregor.mutators.NonVoidMethodCallMutator,3355190,6725,0,0,1,1,1,1,1369
org.mudebug.prapr.mutators.FieldNameMutator_2,3355193,1777,0,0,0,0,0,5,710
org.mudebug.prapr.mutators.ArgumentListMutator_1,3355200,7058,0,0,0,0,0,5,317
org.pitest.mutationtest.engine.gregor.mutators.RemoveConditionalMutator_EQUAL_ELSE,3355207,6706,0,0,0,1,1,9,930
org.mudebug.prapr.mutators.LocalNameMutator_1,3355218,4411,0,0,1,1,1,4269,494
org.mudebug.prapr.mutators.FieldNameMutator_4,3359489,1777,0,0,0,0,0,0,641
org.mudebug.prapr.mutators.MethCallResultGuard_0,3359491,347,0,0,0,0,0,0,548
org.mudebug.prapr.mutators.LocalNameMutator_0,3359493,7090,0,0,0,0,0,0,931
org.mudebug.prapr.mutators.FieldNameMutator_1,3359495,7303,0,0,0,0,0,1953,160
org.mudebug.prapr.mutators.RelationalOperatorReplacement_0,3361450,159,0,0,0,0,0,1,649
org.pitest.mutationtest.engine.gregor.mutators.RemoveConditionalMutator_EQUAL_ELSE,3361453,7501,0,0,0,0,0,198,422
org.mudebug.prapr.mutators.DereferenceGuardMutator_0,3361653,7505,0,0,0,0,0,0,467
org.pitest.mutationtest.engine.gregor.mutators.ReturnValsMutator,3361655,6175,0,0,0,0,0,5,559
org.pitest.mutationtest.engine.gregor.mutators.RemoveConditionalMutator_EQUAL_IF,3361664,7381,0,0,0,0,0,1724,405
org.mudebug.prapr.mutators.RelationalOperatorReplacement_1,3363390,1143,0,0,0,0,0,8,1727
org.mudebug.prapr.mutators.FieldNameMutator_5,3363400,7059,0,0,0,0,0,2,552
org.mudebug.prapr.mutators.FieldNameMutator_1,3363408,1094,0,0,0,0,0,54,933
org.mudebug.prapr.mutators.FieldNameMutator_0,3363464,1777,0,0,0,0,0,0,703
org.mudebug.prapr.mutators.MethodNameMutator_5,3363466,7365,0,0,0,0,0,37,229
org.mudebug.prapr.mutators.LocalToFieldAccessMutator_3,3363505,6747,0,0,1,1,1,5538,1923
org.mudebug.prapr.mutators.RelationalOperatorReplacement_3,3369045,4667,0,0,0,0,0,0,69
org.pitest.mutationtest.engine.gregor.mutators.VoidMethodCallMutator,3369047,7058,0,0,0,0,0,8,404
org.mudebug.prapr.mutators.MethCallResultGuard_0,3369057,517,0,0,0,0,0,0,90
org.mudebug.prapr.mutators.RelationalOperatorReplacement_0,3369067,7302,0,0,1,1,1,5538,111
org.mudebug.prapr.mutators.LocalToFieldAccessMutator_0,3374607,1244,0,0,0,1,1,10,654
org.mudebug.prapr.mutators.LocalNameMutator_1,3374619,7058,0,0,0,0,0,10,519
org.mudebug.prapr.mutators.DereferenceGuardMutator_1,3374631,6684,0,0,0,0,0,4,697
org.mudebug.prapr.mutators.ArgumentListMutator_2,3374637,1248,0,0,0,0,0,0,867
org.mudebug.prapr.mutators.ArgumentListMutator_0,3374639,7059,0,0,0,0,0,53,564
org.mudebug.prapr.mutators.FieldNameMutator_2,3374694,7059,0,0,0,0,0,76,547
org.mudebug.prapr.mutators.DereferenceGuardMutator_3,3374772,1119,0,0,0,0,0,0,1437
org.mudebug.prapr.mutators.FieldNameMutator_2,3374774,1777,0,0,0,0,0,0,684
org.mudebug.prapr.mutators.ReturningDereferenceGuardMutator_2,3374776,4413,0,0,0,0,0,5,525
org.mudebug.prapr.mutators.MethodNameMutator_0,3374783,7058,0,0,0,0,0,0,280
org.mudebug.prapr.mutators.DereferenceGuardMutator_0,3374785,6697,0,0,0,0,0,0,849
org.pitest.mutationtest.engine.gregor.mutators.NullReturnValsMutator,3374787,1804,0,0,0,0,0,3,961
org.pitest.mutationtest.engine.gregor.mutators.experimental.RemoveSwitchMutator_44,3374792,6415,0,0,0,0,0,0,273
org.mudebug.prapr.mutators.MethodNameMutator_3,3374798,1562,0,0,0,0,0,3,204
org.pitest.mutationtest.engine.gregor.mutators.NonVoidMethodCallMutator,3374803,1135,0,0,1,1,1,5202,1644
org.mudebug.prapr.mutators.RelationalOperatorReplacement_3,3380007,3626,0,0,0,0,0,482,1516
org.mudebug.prapr.mutators.MethCallResultGuard_1,3380494,7058,0,0,0,0,0,0,337
org.mudebug.prapr.mutators.ReturningDereferenceGuardMutator_3,3380496,1047,0,0,0,0,0,0,339
org.mudebug.prapr.mutators.MethCallResultGuard_0,3380498,1234,0,0,0,0,0,0,310
org.mudebug.prapr.mutators.ReturningDereferenceGuardMutator_2,3380504,1788,0,0,0,0,0,0,856
org.pitest.mutationtest.engine.gregor.mutators.experimental.RemoveSwitchMutator_93,3380506,555,0,0,0,0,0,2,872
org.mudebug.prapr.mutators.MethodNameMutator_0,3380510,547,0,0,0,0,0,0,166
org.mudebug.prapr.mutators.RelationalOperatorReplacement_1,3380512,7061,0,0,1,1,1,5538,576
org.mudebug.prapr.mutators.NonVoidMethodCallGuardMutator_0,3386052,7058,0,0,0,0,0,5,330
org.mudebug.prapr.mutators.MethodNameMutator_8,3386059,1231,0,0,1,1,1,31,68
org.pitest.mutationtest.engine.gregor.mutators.BooleanFalseReturnValsMutator,3386092,1313,0,0,0,0,0,5,86
org.mudebug.prapr.mutators.LocalToFieldAccessMutator_2,3386099,6706,0,0,0,0,0,0,941
org.mudebug.prapr.mutators.MethCallResultGuard_1,3386101,3417,0,0,0,0,0,0,88
org.pitest.mutationtest.engine.gregor.mutators.ConstructorCallMutator,3386103,7107,0,0,1,1,1,5538,1136
org.mudebug.prapr.mutators.ArgumentListMutator_5,3391643,7052,0,0,1,1,1,5538,92
org.mudebug.prapr.mutators.FieldAccessToMethodCallMutator_0,3397183,6674,0,0,0,0,0,5,563
org.mudebug.prapr.mutators.ArgumentListMutator_2,3397190,6706,0,0,0,1,1,2,976
org.pitest.mutationtest.engine.gregor.mutators.experimental.RemoveSwitchMutator_38,3397194,3636,0,0,0,0,0,0,1649
org.mudebug.prapr.mutators.LocalNameMutator_0,3397196,7058,0,0,0,0,0,6,460
org.mudebug.prapr.mutators.FieldToLocalAccessMutator_0,3397204,2306,0,0,1,1,1,5291,41
org.pitest.mutationtest.engine.gregor.mutators.InlineConstantMutator,3402497,5356,0,0,0,0,0,70,354
org.mudebug.prapr.mutators.MethodNameMutator_3,3402569,551,0,0,0,1,1,2674,217
org.mudebug.prapr.mutators.FieldNameMutator_1,3410311,2308,0,0,0,0,0,2,92
org.mudebug.prapr.mutators.FieldToLocalAccessMutator_0,3410315,6728,0,0,0,1,1,2559,1420
org.mudebug.prapr.mutators.DereferenceGuardMutator_0,3412876,3389,0,0,0,0,0,0,92
org.mudebug.prapr.mutators.FieldToLocalAccessMutator_1,3412878,6728,0,0,0,1,1,2559,1420
org.pitest.mutationtest.engine.gregor.mutators.RemoveConditionalMutator_EQUAL_ELSE,3415439,1234,0,0,0,0,0,0,277
org.mudebug.prapr.mutators.MethCallResultGuard_0,3415441,7058,0,0,0,0,0,0,432
org.pitest.mutationtest.engine.gregor.mutators.InlineConstantMutator,3415443,329,0,0,0,0,0,11,296
org.mudebug.prapr.mutators.MethodNameMutator_6,3415456,1562,0,0,0,1,1,144,229
org.mudebug.prapr.mutators.MethodNameMutator_8,3415602,3611,0,0,0,0,0,861,1327
org.mudebug.prapr.mutators.ArgumentListMutator_2,3416465,1135,0,0,0,0,0,33,1644
org.mudebug.prapr.mutators.DereferenceGuardMutator_0,3416500,359,0,0,0,0,0,0,674
org.pitest.mutationtest.engine.gregor.mutators.experimental.MemberVariableMutator,3416502,1777,0,0,0,0,0,0,721
org.mudebug.prapr.mutators.FieldNameMutator_0,3416504,1777,0,0,0,0,0,0,697
org.mudebug.prapr.mutators.ReturningDereferenceGuardMutator_3,3416506,1119,0,0,0,0,0,0,1439
org.mudebug.prapr.mutators.FieldToLocalAccessMutator_1,3416508,6678,0,0,1,1,1,5985,606
org.pitest.mutationtest.engine.gregor.mutators.BooleanFalseReturnValsMutator,3422495,7241,0,0,0,0,0,0,435
org.mudebug.prapr.mutators.RelationalOperatorReplacement_3,3422497,517,0,0,0,0,0,0,98
org.pitest.mutationtest.engine.gregor.mutators.experimental.RemoveSwitchMutator_19,3422499,3584,0,0,0,0,0,14,901
org.pitest.mutationtest.engine.gregor.mutators.experimental.RemoveSwitchMutator_67,3422515,3636,0,0,0,0,0,0,1649
org.mudebug.prapr.mutators.RelationalOperatorReplacement_3,3422517,5356,0,0,1,1,1,1074,425
org.pitest.mutationtest.engine.gregor.mutators.NegateConditionalsMutator,3423593,6743,0,0,0,0,0,2086,1873
org.mudebug.prapr.mutators.ReturningDereferenceGuardMutator_1,3425681,6706,0,0,0,0,0,0,1016
org.mudebug.prapr.mutators.FieldNameMutator_0,3425683,1777,0,0,0,0,0,0,742
org.mudebug.prapr.mutators.MethCallResultGuard_0,3425685,5375,0,0,0,0,0,0,1032
org.mudebug.prapr.mutators.FieldAccessToMethodCallMutator_0,3425687,1777,0,0,0,0,0,52,757
org.mudebug.prapr.mutators.FieldNameMutator_4,3425744,7059,0,0,0,0,0,0,544
org.mudebug.prapr.mutators.LocalToFieldAccessMutator_0,3425746,7764,0,0,0,0,0,6,482
org.mudebug.prapr.mutators.FieldNameMutator_2,3425754,7088,0,0,0,0,0,1141,914
org.mudebug.prapr.mutators.ReturningDereferenceGuardMutator_1,3426897,6706,0,0,0,0,0,0,1020
org.mudebug.prapr.mutators.DereferenceGuardMutator_3,3426918,5213,0,0,0,0,0,0,91
org.mudebug.prapr.mutators.LocalToFieldAccessMutator_1,3426920,1042,0,0,1,1,1,4520,248
org.mudebug.prapr.mutators.MethCallResultGuard_0,3431442,247,0,0,0,0,0,0,239
org.pitest.mutationtest.engine.gregor.mutators.RemoveConditionalMutator_EQUAL_IF,3431444,1106,0,1,1,1,1,906,1174
org.pitest.mutationtest.engine.gregor.mutators.BooleanFalseReturnValsMutator,3432351,5359,0,0,0,0,0,3,794
org.mudebug.prapr.mutators.ArgumentListMutator_2,3432356,7786,0,0,1,1,1,5985,277
org.mudebug.prapr.mutators.LocalToFieldAccessMutator_0,3438343,6737,0,0,1,1,1,2664,1783
org.pitest.mutationtest.engine.gregor.mutators.NonVoidMethodCallMutator,3441009,3417,0,0,1,1,1,5202,88
org.mudebug.prapr.mutators.RelationalOperatorReplacement_2,3446213,1082,0,0,0,0,0,0,834
org.mudebug.prapr.mutators.ArgumentListMutator_2,3446215,4411,0,0,0,0,0,0,472
org.mudebug.prapr.mutators.LocalToFieldAccessMutator_2,3446220,1048,0,0,1,1,1,4554,348
org.mudebug.prapr.mutators.ReturningDereferenceGuardMutator_0,3450776,2308,0,0,0,0,0,0,92
org.pitest.mutationtest.engine.gregor.mutators.RemoveConditionalMutator_EQUAL_IF,3450778,4667,0,0,0,1,1,2583,69
org.mudebug.prapr.mutators.RelationalOperatorReplacement_0,3453363,7303,0,0,0,0,0,1942,160
org.mudebug.prapr.mutators.ArgumentListMutator_5,3455307,6687,0,0,0,0,0,0,756
org.mudebug.prapr.mutators.NonVoidMethodCallGuardMutator_0,3455309,7058,0,0,0,0,0,0,340
org.mudebug.prapr.mutators.MethCallResultGuard_0,3455311,1106,0,0,0,0,0,0,1091
org.pitest.mutationtest.engine.gregor.mutators.ConditionalsBoundaryMutator,3455313,1143,0,0,0,1,1,4424,1727
org.mudebug.prapr.mutators.DereferenceGuardMutator_4,3459739,7302,0,0,0,0,0,5,110
org.mudebug.prapr.mutators.MethodNameMutator_0,3459746,5219,0,0,1,1,1,2695,181
org.pitest.mutationtest.engine.gregor.mutators.experimental.MemberVariableMutator,3462443,7058,0,0,0,0,0,1604,307
org.pitest.mutationtest.engine.gregor.mutators.experimental.MemberVariableMutator,3464049,6652,0,0,1,1,1,4645,401
org.pitest.mutationtest.engine.gregor.mutators.EmptyObjectReturnValsMutator,3468696,6649,0,0,0,1,1,0,220
org.mudebug.prapr.mutators.RelationalOperatorReplacement_0,3468698,1560,0,0,0,0,0,90,189
org.mudebug.prapr.mutators.MethCallResultGuard_1,3468790,556,0,0,0,0,0,0,1186
org.mudebug.prapr.mutators.LocalToFieldAccessMutator_1,3468792,547,0,0,0,0,0,38,161
org.mudebug.prapr.mutators.FieldToLocalAccessMutator_0,3468832,6738,0,0,1,1,1,253,1794
org.mudebug.prapr.mutators.ArithmeticOperatorReplacement_0,3469087,553,0,0,0,0,0,40,267
org.mudebug.prapr.mutators.RelationalOperatorReplacement_2,3469129,7302,0,0,0,0,0,0,110
org.mudebug.prapr.mutators.LocalNameMutator_1,3469131,5356,0,0,0,0,0,111,350
org.mudebug.prapr.mutators.RelationalOperatorReplacement_1,3469244,1236,1,0,0,0,0,0,521
org.pitest.mutationtest.engine.gregor.mutators.experimental.RemoveSwitchMutator_9,3469246,5356,0,0,0,0,0,0,117
org.pitest.mutationtest.engine.gregor.mutators.experimental.RemoveSwitchMutator_93,3469248,6415,0,0,0,0,0,0,273
org.mudebug.prapr.mutators.MethCallResultGuard_2,3469250,7247,0,0,0,0,0,0,598
org.mudebug.prapr.mutators.FieldNameMutator_4,3469252,1777,0,0,0,0,0,5,674
org.mudebug.prapr.mutators.FieldAccessToMethodCallMutator_3,3469259,6683,0,0,1,1,1,2718,688
org.pitest.mutationtest.engine.gregor.mutators.ReturnValsMutator,3471979,6715,0,0,0,0,0,6,1174
org.mudebug.prapr.mutators.FieldAccessToMethodCallMutator_0,3471987,3244,0,0,0,0,0,135,77
org.mudebug.prapr.mutators.RelationalOperatorReplacement_2,3472127,7233,0,0,0,0,0,6,297
org.pitest.mutationtest.engine.gregor.mutators.NonVoidMethodCallMutator,3472135,561,0,0,1,1,1,5320,1206
org.mudebug.prapr.mutators.MethodNameMutator_3,3477457,5214,0,0,0,0,0,28,112
org.mudebug.prapr.mutators.VoidMethodCallGuardMutator,3477487,242,0,0,0,0,0,0,157
org.mudebug.prapr.mutators.FieldNameMutator_5,3477489,7058,0,0,1,1,1,5226,338
org.mudebug.prapr.mutators.MethCallResultGuard_2,3482717,5356,0,0,0,0,0,0,440
org.mudebug.prapr.mutators.LocalNameMutator_0,3482719,1234,0,0,1,1,1,5,302
org.mudebug.prapr.mutators.RelationalOperatorReplacement_1,3482728,6728,0,0,0,1,1,2809,1407
org.mudebug.prapr.mutators.ArgumentListMutator_4,3485539,561,0,0,0,1,1,63,1206
org.pitest.mutationtest.engine.gregor.mutators.BooleanTrueReturnValsMutator,3485607,3664,0,0,0,1,1,361,2195
org.mudebug.prapr.mutators.MethodNameMutator_1,3485973,7384,0,0,1,1,1,5538,495
org.mudebug.prapr.mutators.LocalNameMutator_0,3491513,7058,0,0,0,0,0,2251,322
org.mudebug.prapr.mutators.MethCallResultGuard_0,3493766,7305,0,0,0,0,0,0,208
org.pitest.mutationtest.engine.gregor.mutators.InlineConstantMutator,3493768,332,0,0,1,1,1,4706,344
org.mudebug.prapr.mutators.MethodNameMutator_2,3498476,1234,0,0,1,1,1,25,272
org.mudebug.prapr.mutators.LocalNameMutator_0,3498510,7058,0,0,0,0,0,19,429
org.mudebug.prapr.mutators.MethCallResultGuard_0,3498531,7058,0,0,0,0,0,0,447
org.mudebug.prapr.mutators.FieldNameMutator_4,3498533,1777,0,0,0,0,0,0,644
org.pitest.mutationtest.engine.gregor.mutators.experimental.RemoveSwitchMutator_67,3498535,6415,0,0,0,0,0,0,273
org.pitest.mutationtest.engine.gregor.mutators.NonVoidMethodCallMutator,3498537,1053,0,0,0,0,0,1812,432
org.mudebug.prapr.mutators.FieldAccessToMethodCallMutator_3,3500351,6652,0,0,1,1,1,5080,404
org.mudebug.prapr.mutators.FieldNameMutator_0,3505433,1777,0,0,0,0,0,0,635
org.mudebug.prapr.mutators.MethodNameMutator_9,3505435,245,0,0,0,0,0,4,198
org.pitest.mutationtest.engine.gregor.mutators.ReturnValsMutator,3505441,7090,0,0,0,0,0,2193,934
org.pitest.mutationtest.engine.gregor.mutators.NonVoidMethodCallMutator,3507636,5358,0,0,0,0,0,1,766
org.pitest.mutationtest.engine.gregor.mutators.BooleanFalseReturnValsMutator,3507639,4439,0,0,0,1,1,1813,128
org.pitest.mutationtest.engine.gregor.mutators.NegateConditionalsMutator,3509454,5357,0,0,0,0,0,70,703
org.pitest.mutationtest.engine.gregor.mutators.VoidMethodCallMutator,3509529,332,0,1,1,1,1,2495,346
org.pitest.mutationtest.engine.gregor.mutators.NegateConditionalsMutator,3512025,3592,0,0,0,0,0,573,1084
org.pitest.mutationtest.engine.gregor.mutators.RemoveConditionalMutator_EQUAL_ELSE,3512600,7365,0,0,0,0,0,1,229
org.pitest.mutationtest.engine.gregor.mutators.experimental.RemoveSwitchMutator_25,3512603,5356,0,0,0,0,0,4,117
org.pitest.mutationtest.engine.gregor.mutators.InlineConstantMutator,3512609,1563,0,0,0,0,0,0,237
org.mudebug.prapr.mutators.ArgumentListMutator_2,3512611,1043,0,0,1,1,1,2894,270
org.mudebug.prapr.mutators.MethodNameMutator_7,3515507,6867,0,0,0,0,0,55,159
org.pitest.mutationtest.engine.gregor.mutators.ReturnValsMutator,3515564,558,0,0,1,1,1,4394,1194
org.pitest.mutationtest.engine.gregor.mutators.RemoveConditionalMutator_EQUAL_ELSE,3519960,329,0,0,0,0,0,11,296
org.pitest.mutationtest.engine.gregor.mutators.InlineConstantMutator,3519973,7358,0,0,0,0,0,243,153
org.mudebug.prapr.mutators.FieldNameMutator_4,3520218,7058,0,0,1,1,1,5226,311
org.pitest.mutationtest.engine.gregor.mutators.experimental.RemoveSwitchMutator_65,3525446,3636,0,0,0,0,0,0,1649
org.mudebug.prapr.mutators.MethodNameMutator_1,3525448,5365,0,0,0,0,0,456,837
org.mudebug.prapr.mutators.LocalToFieldAccessMutator_0,3525906,6687,0,0,1,1,1,5365,758
org.mudebug.prapr.mutators.ReturningDereferenceGuardMutator_2,3531273,5356,0,0,0,0,0,0,219
org.pitest.mutationtest.engine.gregor.mutators.experimental.MemberVariableMutator,3531275,1777,0,0,0,0,0,0,707
org.mudebug.prapr.mutators.LocalNameMutator_0,3531277,7058,0,0,0,0,0,14,289
org.mudebug.prapr.mutators.NonVoidMethodCallGuardMutator_0,3531293,7064,0,0,0,0,0,0,622
org.mudebug.prapr.mutators.MethodNameMutator_0,3531295,370,0,0,0,0,0,14,817
org.mudebug.prapr.mutators.LocalNameMutator_0,3531311,1245,0,0,0,0,0,5,719
org.pitest.mutationtest.engine.gregor.mutators.RemoveConditionalMutator_EQUAL_ELSE,3531318,6931,0,0,0,0,0,460,844
org.mudebug.prapr.mutators.LocalToFieldAccessMutator_1,3531780,6687,0,0,1,1,1,5365,758
org.mudebug.prapr.mutators.MethCallResultGuard_0,3537147,7063,0,0,0,0,0,26,602
org.mudebug.prapr.mutators.ArithmeticOperatorReplacement_5,3537175,347,0,0,0,0,0,26,520
org.mudebug.prapr.mutators.ReturningDereferenceGuardMutator_3,3537203,1101,0,0,0,0,0,0,1020
org.mudebug.prapr.mutators.MethodNameMutator_0,3537205,5356,0,0,0,0,0,0,88
org.mudebug.prapr.mutators.LocalToFieldAccessMutator_0,3537209,1106,0,0,0,0,0,2,1146
org.mudebug.prapr.mutators.LocalToFieldAccessMutator_0,3537213,6728,0,0,1,1,1,2821,1409
org.pitest.mutationtest.engine.gregor.mutators.EmptyObjectReturnValsMutator,3540036,7184,0,0,0,0,0,206,108
org.pitest.mutationtest.engine.gregor.mutators.InlineConstantMutator,3540244,6704,0,0,0,1,1,8,908
org.mudebug.prapr.mutators.MethodNameMutator_0,3540254,1236,1,0,0,0,0,0,522
org.mudebug.prapr.mutators.LocalNameMutator_2,3540256,7058,0,0,0,0,0,3,363
org.mudebug.prapr.mutators.DereferenceGuardMutator_2,3540261,6683,0,0,0,0,0,0,685
org.pitest.mutationtest.engine.gregor.mutators.ConstructorCallMutator,3540263,556,0,0,1,1,1,5365,1186
org.mudebug.prapr.mutators.FieldNameMutator_0,3545630,1777,0,0,0,0,0,25,727
org.mudebug.prapr.mutators.NonVoidMethodCallGuardMutator_0,3545657,7497,0,0,0,0,0,0,377
org.pitest.mutationtest.engine.gregor.mutators.RemoveConditionalMutator_EQUAL_ELSE,3545659,5356,0,0,0,0,0,1,358
org.pitest.mutationtest.engine.gregor.mutators.NegateConditionalsMutator,3545662,1042,0,0,1,1,1,5218,229
org.pitest.mutationtest.engine.gregor.mutators.NullReturnValsMutator,3550882,6743,0,0,1,1,1,2924,1878
org.pitest.mutationtest.engine.gregor.mutators.NonVoidMethodCallMutator,3553808,562,0,0,1,1,1,2371,1210
org.mudebug.prapr.mutators.FieldNameMutator_4,3556181,5351,0,0,0,0,0,0,48
org.mudebug.prapr.mutators.ReturningDereferenceGuardMutator_4,3556183,1106,0,0,0,0,0,0,1135
org.mudebug.prapr.mutators.MethodNameMutator_4,3556185,4411,0,0,1,1,1,4269,494
org.mudebug.prapr.mutators.MethCallResultGuard_0,3560456,7198,0,0,0,0,0,0,68
org.mudebug.prapr.mutators.DereferenceGuardMutator_0,3560458,6721,0,0,0,0,0,1,1331
org.mudebug.prapr.mutators.MethodNameMutator_0,3560461,4411,0,0,0,0,0,2477,500
org.mudebug.prapr.mutators.ArgumentListMutator_5,3562940,5191,0,0,1,1,1,5159,78
org.mudebug.prapr.mutators.ReturningDereferenceGuardMutator_3,3568101,6684,0,0,0,0,0,4,711
org.mudebug.prapr.mutators.MethodNameMutator_7,3568107,1106,0,0,0,1,1,2978,1137
org.mudebug.prapr.mutators.FieldNameMutator_5,3571087,7058,0,0,1,1,1,5538,341
org.mudebug.prapr.mutators.FieldNameMutator_4,3576627,1777,0,0,0,0,0,0,725
org.mudebug.prapr.mutators.MethodNameMutator_0,3576629,247,0,0,0,0,0,0,240
org.mudebug.prapr.mutators.NonVoidMethodCallGuardMutator_0,3576634,1231,0,0,0,0,0,0,69
org.mudebug.prapr.mutators.MethodNameMutator_1,3576636,5356,0,0,0,0,0,2,103
org.mudebug.prapr.mutators.LocalNameMutator_0,3576640,6728,0,0,0,0,0,0,1407
org.mudebug.prapr.mutators.ArgumentListMutator_0,3576642,3498,0,0,1,1,1,5209,453
org.mudebug.prapr.mutators.VoidMethodCallGuardMutator,3581853,7059,0,0,0,0,0,5,550
org.mudebug.prapr.mutators.LocalNameMutator_1,3581860,1245,0,0,1,1,1,13,714
org.mudebug.prapr.mutators.LocalToFieldAccessMutator_0,3581875,7358,0,0,1,1,1,5136,153
org.mudebug.prapr.mutators.ArgumentListMutator_2,3587013,7098,0,0,1,1,1,5543,1022
org.mudebug.prapr.mutators.VoidMethodCallGuardMutator,3592558,5356,0,0,0,0,0,0,498
org.pitest.mutationtest.engine.gregor.mutators.NegateConditionalsMutator,3592560,551,0,0,1,1,1,5363,212
org.pitest.mutationtest.engine.gregor.mutators.InlineConstantMutator,3597925,6704,0,0,0,1,1,2,908
org.pitest.mutationtest.engine.gregor.mutators.ArgumentPropagationMutator,3597929,1053,0,0,0,0,0,2144,442
org.pitest.mutationtest.engine.gregor.mutators.NullReturnValsMutator,3600075,7302,0,0,0,0,0,0,149
org.pitest.mutationtest.engine.gregor.mutators.ArgumentPropagationMutator,3600077,561,0,0,1,1,1,5248,1206
org.pitest.mutationtest.engine.gregor.mutators.NegateConditionalsMutator,3605327,2967,0,0,0,0,0,40,606
org.mudebug.prapr.mutators.FieldNameMutator_3,3605369,5355,0,0,0,1,1,195,72
org.pitest.mutationtest.engine.gregor.mutators.RemoveConditionalMutator_EQUAL_ELSE,3605566,6931,0,0,0,0,0,103,852
org.pitest.mutationtest.engine.gregor.mutators.experimental.RemoveSwitchMutator_7,3605671,555,0,0,0,0,0,0,872
org.mudebug.prapr.mutators.MethCallResultGuard_0,3605673,6725,0,0,0,0,0,0,1369
org.mudebug.prapr.mutators.MethCallResultGuard_0,3605675,1563,0,0,0,0,0,0,254
org.mudebug.prapr.mutators.ArithmeticOperatorDeletion_1,3605677,2459,0,0,1,1,1,5291,62
org.mudebug.prapr.mutators.DereferenceGuardMutator_3,3610970,6732,0,0,0,0,0,5,1596
org.mudebug.prapr.mutators.MethCallResultGuard_2,3610977,7059,0,0,0,0,0,0,543
org.mudebug.prapr.mutators.MethodNameMutator_7,3610979,6743,0,0,1,1,1,2929,1867
org.mudebug.prapr.mutators.MethCallResultGuard_2,3613910,7396,0,0,0,0,0,5,97
org.mudebug.prapr.mutators.LocalToFieldAccessMutator_2,3613917,1046,0,0,1,1,1,4574,314
org.pitest.mutationtest.engine.gregor.mutators.NonVoidMethodCallMutator,3618493,6725,0,0,1,1,1,1,1369
org.mudebug.prapr.mutators.DereferenceGuardMutator_3,3618496,347,0,0,0,0,0,2,544
org.mudebug.prapr.mutators.MethodNameMutator_0,3618500,4411,0,0,0,0,0,0,472
org.mudebug.prapr.mutators.DereferenceGuardMutator_4,3618502,1106,0,0,0,0,0,5,1185
org.mudebug.prapr.mutators.ArgumentListMutator_0,3618509,1101,0,0,0,0,0,22,1020
org.pitest.mutationtest.engine.gregor.mutators.InlineConstantMutator,3618533,6867,0,0,0,0,0,27,159
org.pitest.mutationtest.engine.gregor.mutators.NegateConditionalsMutator,3618562,4413,0,0,1,1,1,5220,523
org.mudebug.prapr.mutators.FieldAccessToMethodCallMutator_0,3623784,7215,0,0,0,0,0,0,108
org.mudebug.prapr.mutators.FieldAccessToMethodCallMutator_0,3623786,4410,0,0,1,1,1,5223,463
org.mudebug.prapr.mutators.VoidMethodCallGuardMutator,3629011,1044,0,0,0,0,0,5,281
org.mudebug.prapr.mutators.LocalToFieldAccessMutator_1,3629018,6684,0,0,0,0,0,108,711
org.mudebug.prapr.mutators.LocalNameMutator_0,3629128,6713,0,0,0,1,1,127,1152
org.pitest.mutationtest.engine.gregor.mutators.RemoveConditionalMutator_EQUAL_ELSE,3629257,6721,0,0,0,1,1,586,1331
org.mudebug.prapr.mutators.FieldNameMutator_1,3629845,1777,0,0,0,0,0,0,638
org.mudebug.prapr.mutators.MethCallResultGuard_0,3629847,1043,0,0,0,0,0,0,270
org.mudebug.prapr.mutators.ArgumentListMutator_4,3629849,7058,0,0,0,0,0,8,522
org.mudebug.prapr.mutators.FieldNameMutator_4,3629859,4241,0,0,0,0,0,2,82
org.mudebug.prapr.mutators.RelationalOperatorReplacement_3,3629863,3664,0,0,0,0,0,75,2181
org.mudebug.prapr.mutators.ReturningDereferenceGuardMutator_3,3629940,1053,0,0,0,0,0,0,431
org.mudebug.prapr.mutators.MethCallResultGuard_1,3629942,362,0,0,0,0,0,0,707
org.mudebug.prapr.mutators.FieldAccessToMethodCallMutator_1,3629944,4395,0,0,1,1,1,5220,247
org.pitest.mutationtest.engine.gregor.mutators.experimental.RemoveSwitchMutator_21,3635166,6649,0,0,0,0,0,0,175
org.mudebug.prapr.mutators.FieldNameMutator_5,3635168,7058,0,0,0,0,0,2251,529
org.mudebug.prapr.mutators.ArgumentListMutator_4,3637421,6704,0,0,1,1,1,49,908
org.mudebug.prapr.mutators.DereferenceGuardMutator_3,3637472,1927,0,0,0,0,0,0,43
org.mudebug.prapr.mutators.LocalToFieldAccessMutator_0,3637474,7303,0,0,0,0,0,0,168
org.mudebug.prapr.mutators.MethCallResultGuard_0,3637476,6706,0,0,0,0,0,0,1025
org.mudebug.prapr.mutators.DereferenceGuardMutator_3,3637478,6176,0,0,0,0,0,0,577
org.mudebug.prapr.mutators.FieldToLocalAccessMutator_0,3637480,1271,0,0,0,0,0,97,43
org.mudebug.prapr.mutators.MethodNameMutator_2,3637579,6977,0,0,0,0,0,395,97
org.mudebug.prapr.mutators.MethodNameMutator_1,3637976,247,0,0,1,1,1,2861,251
org.mudebug.prapr.mutators.ArgumentListMutator_5,3640839,7556,0,0,0,0,0,2249,70
org.mudebug.prapr.mutators.DereferenceGuardMutator_3,3643090,7503,0,0,0,0,0,0,453
org.pitest.mutationtest.engine.gregor.mutators.NonVoidMethodCallMutator,3643092,347,0,0,0,0,0,8,539
org.pitest.mutationtest.engine.gregor.mutators.BooleanFalseReturnValsMutator,3643102,7381,0,0,0,0,0,552,405
org.mudebug.prapr.mutators.FieldNameMutator_1,3643656,6684,0,0,1,1,1,839,703
org.mudebug.prapr.mutators.DereferenceGuardMutator_0,3644501,1053,0,0,0,0,0,0,433
org.pitest.mutationtest.engine.gregor.mutators.experimental.MemberVariableMutator,3644503,1106,0,0,1,1,1,2980,1095
org.mudebug.prapr.mutators.NonVoidMethodCallGuardMutator_0,3647485,7205,0,0,0,0,0,0,140
org.mudebug.prapr.mutators.MethodNameMutator_3,3647487,6988,0,0,0,0,0,3,167
org.pitest.mutationtest.engine.gregor.mutators.InlineConstantMutator,3647492,7058,0,0,1,1,1,5538,330
org.pitest.mutationtest.engine.gregor.mutators.experimental.MemberVariableMutator,3653032,6407,0,0,1,1,1,4,2237
org.mudebug.prapr.mutators.MethodNameMutator_0,3653038,5356,0,0,0,1,1,204,182
org.mudebug.prapr.mutators.FieldAccessToMethodCallMutator_1,3653244,6651,0,0,1,1,1,4460,382
org.mudebug.prapr.mutators.RelationalOperatorReplacement_2,3657706,5356,0,0,0,1,1,39,504
org.mudebug.prapr.mutators.MethodNameMutator_9,3657747,517,0,0,0,0,0,1393,96
org.mudebug.prapr.mutators.MethodNameMutator_2,3659142,5356,0,0,0,1,1,75,499
org.mudebug.prapr.mutators.LocalNameMutator_0,3659219,247,0,0,1,1,1,3957,239
org.mudebug.prapr.mutators.LocalToFieldAccessMutator_3,3663178,6743,0,0,1,1,1,2895,1876
org.mudebug.prapr.mutators.ArgumentListMutator_1,3666078,5356,0,0,1,1,1,251,513
org.mudebug.prapr.mutators.DereferenceGuardMutator_3,3666331,3387,0,0,0,0,0,0,56
org.mudebug.prapr.mutators.ArgumentListMutator_4,3666333,7059,0,0,1,1,1,5538,557
org.pitest.mutationtest.engine.gregor.mutators.BooleanTrueReturnValsMutator,3671873,7505,0,0,1,1,1,5538,467
org.mudebug.prapr.mutators.FieldNameMutator_3,3677413,1777,0,0,0,0,0,0,748
org.mudebug.prapr.mutators.MethCallResultGuard_0,3677415,495,0,0,0,0,0,0,172
org.pitest.mutationtest.engine.gregor.mutators.InlineConstantMutator,3677417,1777,0,0,0,0,0,41,715
org.mudebug.prapr.mutators.DereferenceGuardMutator_3,3677460,1788,0,0,0,0,0,0,856
org.mudebug.prapr.mutators.DereferenceGuardMutator_4,3677462,561,0,0,0,0,0,0,1206
org.pitest.mutationtest.engine.gregor.mutators.experimental.NakedReceiverMutator,3677464,1234,0,0,1,1,1,31,272
org.mudebug.prapr.mutators.LocalNameMutator_1,3677497,5356,0,0,1,1,1,1316,215
org.mudebug.prapr.mutators.FieldNameMutator_2,3678815,1777,0,0,0,0,0,0,693
org.mudebug.prapr.mutators.ArgumentListMutator_3,3678817,4413,0,0,0,0,0,0,523
org.mudebug.prapr.mutators.MethodNameMutator_2,3678819,517,0,0,0,0,0,1412,95
org.mudebug.prapr.mutators.DereferenceGuardMutator_1,3680239,5209,0,0,0,0,0,0,288
org.pitest.mutationtest.engine.gregor.mutators.NonVoidMethodCallMutator,3680241,2459,0,0,0,0,0,6,60
org.mudebug.prapr.mutators.LocalToFieldAccessMutator_0,3680249,551,0,0,0,0,0,28,217
org.pitest.mutationtest.engine.gregor.mutators.RemoveConditionalMutator_EQUAL_ELSE,3680279,7302,0,0,0,0,0,11,106
org.mudebug.prapr.mutators.FieldNameMutator_4,3680292,1042,0,0,0,0,0,0,256
org.pitest.mutationtest.engine.gregor.mutators.experimental.RemoveIncrementsMutator,3680294,5375,0,0,0,1,1,39,1037
org.mudebug.prapr.mutators.FieldNameMutator_5,3680335,504,0,0,0,0,0,7,83
org.mudebug.prapr.mutators.MethodNameMutator_4,3680344,551,0,0,1,1,1,4299,212
org.mudebug.prapr.mutators.LocalNameMutator_2,3684645,1245,0,0,0,0,0,4,727
org.mudebug.prapr.mutators.ReturningDereferenceGuardMutator_1,3684651,543,0,0,0,0,0,0,90
org.mudebug.prapr.mutators.MethodNameMutator_1,3684653,1106,0,0,0,0,0,0,1137
org.mudebug.prapr.mutators.LocalToFieldAccessMutator_0,3684655,4410,0,0,0,0,0,23,449
org.mudebug.prapr.mutators.FieldAccessToMethodCallMutator_0,3684680,1777,0,0,0,0,0,42,745
org.mudebug.prapr.mutators.LocalToFieldAccessMutator_1,3684724,7490,0,0,0,0,0,8,254
org.mudebug.prapr.mutators.LocalNameMutator_0,3684734,347,0,0,1,1,1,4299,546
org.mudebug.prapr.mutators.FieldAccessToMethodCallMutator_0,3689035,7790,0,0,0,0,0,0,315
org.pitest.mutationtest.engine.gregor.mutators.experimental.MemberVariableMutator,3689037,4666,0,0,0,0,0,0,61
org.mudebug.prapr.mutators.MethodNameMutator_2,3689039,1248,0,0,0,0,0,4,878
org.mudebug.prapr.mutators.MethodNameMutator_2,3689045,547,0,0,0,1,1,110,160
org.mudebug.prapr.mutators.LocalToFieldAccessMutator_0,3689157,3417,0,0,0,1,1,4448,88
org.pitest.mutationtest.engine.gregor.mutators.NegateConditionalsMutator,3693607,7764,0,0,1,1,1,5426,462
org.mudebug.prapr.mutators.FieldAccessToMethodCallMutator_1,3699035,1119,0,0,0,0,0,5,1435
org.pitest.mutationtest.engine.gregor.mutators.NegateConditionalsMutator,3699042,7064,0,0,0,0,0,17,614
org.mudebug.prapr.mutators.VoidMethodCallGuardMutator,3699061,7058,0,0,0,0,0,0,539
org.mudebug.prapr.mutators.RelationalOperatorReplacement_2,3699063,1245,0,0,0,0,0,14,803
org.mudebug.prapr.mutators.FieldNameMutator_1,3699079,6652,0,0,1,1,1,4929,400
org.mudebug.prapr.mutators.MethodNameMutator_4,3704010,1046,0,0,0,0,0,1610,329
org.mudebug.prapr.mutators.LocalToFieldAccessMutator_0,3705624,1786,0,0,0,0,0,76,845
org.pitest.mutationtest.engine.gregor.mutators.ReturnValsMutator,3705702,6728,0,0,0,1,1,1476,1423
org.mudebug.prapr.mutators.NonVoidMethodCallGuardMutator_0,3707180,7058,0,0,0,0,0,5,458
org.pitest.mutationtest.engine.gregor.mutators.NegateConditionalsMutator,3707187,1106,0,0,1,1,1,2980,1074
org.pitest.mutationtest.engine.gregor.mutators.NullReturnValsMutator,3710169,335,0,0,1,1,1,4330,389
org.mudebug.prapr.mutators.LocalNameMutator_1,3714501,5356,0,0,0,1,1,624,440
org.mudebug.prapr.mutators.ReturningDereferenceGuardMutator_3,3715127,6686,0,0,0,0,0,0,743
org.pitest.mutationtest.engine.gregor.mutators.experimental.RemoveSwitchMutator_71,3715129,3584,0,0,0,0,0,0,901
org.mudebug.prapr.mutators.ArgumentListMutator_4,3715131,544,0,0,0,0,0,5,118
org.mudebug.prapr.mutators.FieldNameMutator_0,3715138,6743,0,0,0,0,0,1692,1870
org.mudebug.prapr.mutators.MethodNameMutator_0,3716832,7557,0,0,0,0,0,75,76
org.mudebug.prapr.mutators.ReturningDereferenceGuardMutator_1,3716909,3388,0,0,0,0,0,0,70
org.mudebug.prapr.mutators.FieldNameMutator_1,3716914,1777,0,0,0,0,0,0,742
org.mudebug.prapr.mutators.NonVoidMethodCallGuardMutator_0,3716916,7241,0,0,0,0,0,0,435
org.pitest.mutationtest.engine.gregor.mutators.InlineConstantMutator,3716918,1777,0,0,0,0,0,0,709
org.pitest.mutationtest.engine.gregor.mutators.VoidMethodCallMutator,3716920,7059,0,0,0,0,0,1748,561
org.pitest.mutationtest.engine.gregor.mutators.RemoveConditionalMutator_ORDER_IF,3718670,6713,0,0,0,1,1,2703,1147
org.mudebug.prapr.mutators.LocalNameMutator_0,3721375,5356,0,0,1,1,1,1314,215
org.mudebug.prapr.mutators.ArgumentListMutator_1,3722691,5192,0,0,1,1,1,5173,53
org.mudebug.prapr.mutators.MethodNameMutator_5,3727866,1234,0,0,1,1,1,33,260
org.mudebug.prapr.mutators.FieldNameMutator_0,3727901,543,0,0,1,1,1,5365,89
org.mudebug.prapr.mutators.DereferenceGuardMutator_4,3733268,6689,0,0,0,0,0,0,783
org.mudebug.prapr.mutators.LocalNameMutator_0,3733270,7058,0,0,0,0,0,35,478
org.pitest.mutationtest.engine.gregor.mutators.experimental.RemoveSwitchMutator_21,3733307,5356,0,0,0,0,0,0,117
org.pitest.mutationtest.engine.gregor.mutators.NullReturnValsMutator,3733309,7109,0,0,0,0,0,18,1174
org.pitest.mutationtest.engine.gregor.mutators.BooleanTrueReturnValsMutator,3733329,7385,0,0,0,0,0,26,501
org.mudebug.prapr.mutators.MethodNameMutator_5,3733357,5356,0,0,1,1,1,1898,84
org.mudebug.prapr.mutators.ArgumentListMutator_2,3735257,7059,0,0,1,1,1,5538,544
org.mudebug.prapr.mutators.FieldToLocalAccessMutator_0,3740797,6723,0,0,1,1,1,4920,1346
org.pitest.mutationtest.engine.gregor.mutators.InlineConstantMutator,3745719,7219,0,0,0,0,0,763,172
org.pitest.mutationtest.engine.gregor.mutators.RemoveConditionalMutator_ORDER_IF,3746484,4260,0,0,0,0,0,127,453
org.mudebug.prapr.mutators.FieldNameMutator_1,3746613,1777,0,0,0,0,0,0,750
org.pitest.mutationtest.engine.gregor.mutators.InlineConstantMutator,3746615,2967,0,0,0,0,0,0,596
org.mudebug.prapr.mutators.RelationalOperatorReplacement_1,3746617,6977,0,0,0,0,0,0,96
org.pitest.mutationtest.engine.gregor.mutators.RemoveConditionalMutator_EQUAL_ELSE,3746619,4411,0,0,1,1,1,4269,472
org.mudebug.prapr.mutators.ReturningDereferenceGuardMutator_2,3750890,3416,0,0,0,0,0,0,77
org.mudebug.prapr.mutators.RelationalOperatorReplacement_1,3750892,7198,0,0,0,0,0,0,63
org.mudebug.prapr.mutators.MethodNameMutator_2,3750904,347,0,0,0,0,0,0,546
org.mudebug.prapr.mutators.LocalToFieldAccessMutator_3,3750906,1786,0,0,0,0,0,76,845
org.mudebug.prapr.mutators.MethodNameMutator_0,3750984,7497,0,0,0,0,0,4,377
org.mudebug.prapr.mutators.LocalToFieldAccessMutator_1,3750996,6742,0,0,1,1,1,2939,1859
org.mudebug.prapr.mutators.VoidMethodCallGuardMutator,3753937,7058,0,0,0,0,0,0,354
org.mudebug.prapr.mutators.NonVoidMethodCallGuardMutator_0,3753939,7059,0,0,0,0,0,0,544
org.mudebug.prapr.mutators.MethCallResultGuard_2,3753941,504,0,0,0,0,0,0,79
org.mudebug.prapr.mutators.MethodNameMutator_1,3753943,3675,0,0,0,0,0,0,2358
org.mudebug.prapr.mutators.ArgumentListMutator_1,3753945,7052,0,0,1,1,1,5538,92
org.mudebug.prapr.mutators.MethCallResultGuard_2,3759485,7058,0,0,0,0,0,0,321
org.mudebug.prapr.mutators.ArgumentListMutator_3,3759487,6706,0,0,0,1,1,2,978
org.pitest.mutationtest.engine.gregor.mutators.experimental.MemberVariableMutator,3759491,6652,0,0,1,1,1,4167,397
org.mudebug.prapr.mutators.DereferenceGuardMutator_4,3763660,7064,0,0,0,0,0,0,615
org.mudebug.prapr.mutators.DereferenceGuardMutator_4,3763662,7627,0,0,0,0,0,0,159
org.mudebug.prapr.mutators.FieldNameMutator_2,3763664,7209,0,0,0,0,0,21,51
org.mudebug.prapr.mutators.FieldAccessToMethodCallMutator_0,3763687,6651,0,0,1,1,1,4611,381
org.mudebug.prapr.mutators.RelationalOperatorReplacement_1,3768300,5356,0,0,0,0,0,0,106
org.mudebug.prapr.mutators.NonVoidMethodCallGuardMutator_0,3768302,3664,0,0,0,0,0,0,2189
org.mudebug.prapr.mutators.DereferenceGuardMutator_4,3768304,7263,0,0,0,0,0,0,850
org.mudebug.prapr.mutators.MethodNameMutator_1,3768306,1234,0,0,1,1,1,3,310
org.mudebug.prapr.mutators.DereferenceGuardMutator_3,3768311,7257,0,0,0,0,0,0,811
org.mudebug.prapr.mutators.DereferenceGuardMutator_3,3768313,7202,0,0,0,0,0,0,125
org.mudebug.prapr.mutators.MethodNameMutator_8,3768315,1231,0,0,1,1,1,35,72
org.pitest.mutationtest.engine.gregor.mutators.experimental.MemberVariableMutator,3768352,6694,0,0,0,1,1,2586,826
org.mudebug.prapr.mutators.VoidMethodCallGuardMutator,3770940,7058,0,0,0,0,0,5,311
org.mudebug.prapr.mutators.MethodNameMutator_3,3770947,7259,0,0,0,0,0,2,823
org.mudebug.prapr.mutators.MethodNameMutator_0,3770951,5356,0,0,1,1,1,2564,344
org.mudebug.prapr.mutators.FieldAccessToMethodCallMutator_3,3773517,1777,0,0,0,0,0,0,662
org.pitest.mutationtest.engine.gregor.mutators.NegateConditionalsMutator,3773519,495,0,0,1,1,1,4458,171
org.mudebug.prapr.mutators.LocalNameMutator_2,3777979,7058,0,0,0,0,0,9,373
org.pitest.mutationtest.engine.gregor.mutators.InlineConstantMutator,3777990,1777,0,0,0,0,0,0,650
org.mudebug.prapr.mutators.MethodNameMutator_9,3777992,4415,0,0,0,0,0,0,551
org.mudebug.prapr.mutators.LocalToFieldAccessMutator_1,3777994,1053,0,0,0,0,0,2144,442
org.mudebug.prapr.mutators.DereferenceGuardMutator_0,3780142,7063,0,0,0,0,0,0,609
org.mudebug.prapr.mutators.LocalNameMutator_0,3780144,6651,0,0,1,1,1,4449,380
org.pitest.mutationtest.engine.gregor.mutators.RemoveConditionalMutator_EQUAL_ELSE,3784595,244,0,0,1,1,1,2712,176
org.mudebug.prapr.mutators.ArgumentListMutator_4,3787309,4152,0,0,1,1,1,4577,54
org.pitest.mutationtest.engine.gregor.mutators.NonVoidMethodCallMutator,3791888,1234,0,0,1,1,1,16,260
org.mudebug.prapr.mutators.RelationalOperatorReplacement_2,3791906,1563,0,0,0,0,0,2,241
org.pitest.mutationtest.engine.gregor.mutators.ReturnValsMutator,3791910,7219,0,0,1,1,1,5538,172
org.mudebug.prapr.mutators.FieldAccessToMethodCallMutator_3,3797450,6672,0,0,1,1,1,4979,552
org.mudebug.prapr.mutators.MethodNameMutator_0,3802431,1231,0,0,0,1,1,35,59
org.mudebug.prapr.mutators.ReturningDereferenceGuardMutator_3,3802468,1134,0,0,0,0,0,5,1638
org.mudebug.prapr.mutators.VoidMethodCallGuardMutator,3802475,7058,0,0,0,0,0,0,422
org.mudebug.prapr.mutators.FieldNameMutator_2,3802477,1777,0,0,0,0,0,0,694
org.mudebug.prapr.mutators.LocalNameMutator_2,3802479,5356,0,0,0,0,0,107,350
org.mudebug.prapr.mutators.FieldNameMutator_1,3802588,1777,0,0,0,0,0,31,656
org.mudebug.prapr.mutators.FieldAccessToMethodCallMutator_1,3802621,6684,0,0,1,1,1,1029,703
org.mudebug.prapr.mutators.NonVoidMethodCallGuardMutator_0,3803652,7058,0,0,0,0,0,0,412
org.mudebug.prapr.mutators.MethodNameMutator_1,3803654,5354,0,0,0,1,1,197,68
org.mudebug.prapr.mutators.ArithmeticOperatorDeletion_0,3803853,6713,0,0,0,1,1,105,1152
org.pitest.mutationtest.engine.gregor.mutators.InlineConstantMutator,3803960,1777,0,0,0,0,0,6,677
org.mudebug.prapr.mutators.ArgumentListMutator_2,3803968,1777,0,0,1,1,1,5292,735
org.mudebug.prapr.mutators.NonVoidMethodCallGuardMutator_0,3809262,7241,0,0,0,0,0,0,432
org.mudebug.prapr.mutators.ArgumentListMutator_1,3809264,7052,0,0,1,1,1,5538,112
org.pitest.mutationtest.engine.gregor.mutators.RemoveConditionalMutator_EQUAL_IF,3814804,7302,0,0,0,0,0,1904,137
org.pitest.mutationtest.engine.gregor.mutators.ConstructorCallMutator,3816710,7058,0,0,1,1,1,5538,344
org.mudebug.prapr.mutators.MethCallResultGuard_2,3822250,1234,0,0,0,0,0,0,260
org.mudebug.prapr.mutators.FieldNameMutator_0,3822252,1777,0,0,0,0,0,38,701
org.mudebug.prapr.mutators.MethodNameMutator_0,3822292,1135,0,0,0,0,0,0,1644
org.pitest.mutationtest.engine.gregor.mutators.ConstructorCallMutator,3822294,1053,0,0,1,1,1,4574,430
org.pitest.mutationtest.engine.gregor.mutators.VoidMethodCallMutator,3826870,7058,0,0,0,0,0,3,363
org.mudebug.prapr.mutators.LocalNameMutator_0,3826875,5356,0,0,1,1,1,1074,440
org.pitest.mutationtest.engine.gregor.mutators.experimental.MemberVariableMutator,3827951,6650,0,0,0,0,0,5,370
org.mudebug.prapr.mutators.MethodNameMutator_0,3827958,1038,0,0,0,0,0,0,191
org.mudebug.prapr.mutators.LocalNameMutator_0,3827960,7250,0,0,0,0,0,5,659
org.pitest.mutationtest.engine.gregor.mutators.NonVoidMethodCallMutator,3827967,334,0,0,0,0,0,9,381
org.mudebug.prapr.mutators.FieldNameMutator_0,3827978,7302,0,0,0,0,0,21,105
org.mudebug.prapr.mutators.DereferenceGuardMutator_1,3828001,6688,0,0,0,0,0,0,764
org.mudebug.prapr.mutators.MethodNameMutator_6,3828003,6867,0,0,0,0,0,26,159
org.pitest.mutationtest.engine.gregor.mutators.NonVoidMethodCallMutator,3828031,7497,0,0,0,0,0,1,377
org.mudebug.prapr.mutators.FieldAccessToMethodCallMutator_0,3828034,1777,0,0,0,0,0,0,633
org.pitest.mutationtest.engine.gregor.mutators.ConstructorCallMutator,3828036,1137,0,0,1,1,1,5291,1665
org.pitest.mutationtest.engine.gregor.mutators.NonVoidMethodCallMutator,3833329,1236,1,0,1,1,1,29,522
org.mudebug.prapr.mutators.MethCallResultGuard_2,3833360,1044,0,0,0,0,0,0,284
org.mudebug.prapr.mutators.FieldNameMutator_3,3833362,7059,0,0,0,0,0,5,543
org.pitest.mutationtest.engine.gregor.mutators.BooleanFalseReturnValsMutator,3833369,7233,0,0,0,0,0,0,303
org.mudebug.prapr.mutators.LocalToFieldAccessMutator_4,3833379,6689,0,0,0,1,1,8,778
org.mudebug.prapr.mutators.LocalNameMutator_1,3833389,6652,0,0,0,1,1,4774,400
org.mudebug.prapr.mutators.ReturningDereferenceGuardMutator_0,3838165,1106,0,0,0,0,0,0,1185
org.pitest.mutationtest.engine.gregor.mutators.RemoveConditionalMutator_EQUAL_ELSE,3838167,5209,0,0,0,0,0,0,288
org.pitest.mutationtest.engine.gregor.mutators.ReturnValsMutator,3838169,1245,0,0,0,0,0,2,749
org.mudebug.prapr.mutators.ReturningDereferenceGuardMutator_4,3838173,4667,0,0,0,0,0,5,69
org.mudebug.prapr.mutators.FieldNameMutator_5,3838180,7058,0,0,1,1,1,5226,322
org.mudebug.prapr.mutators.MethodNameMutator_1,3843408,1231,0,0,1,1,1,62,72
org.mudebug.prapr.mutators.DereferenceGuardMutator_3,3843472,5356,0,0,0,0,0,0,577
org.mudebug.prapr.mutators.MethCallResultGuard_2,3843474,1119,0,0,0,0,0,0,1443
org.pitest.mutationtest.engine.gregor.mutators.NonVoidMethodCallMutator,3843476,347,0,0,1,1,1,4299,548
org.mudebug.prapr.mutators.ArgumentListMutator_0,3847777,6706,0,0,0,1,1,8,966
org.pitest.mutationtest.engine.gregor.mutators.experimental.RemoveSwitchMutator_66,3847787,3636,0,0,0,0,0,0,1649
org.mudebug.prapr.mutators.RelationalOperatorReplacement_1,3847789,3651,0,0,0,0,0,76,1955
org.mudebug.prapr.mutators.LocalNameMutator_0,3847867,347,0,0,1,1,1,2869,544
org.mudebug.prapr.mutators.DereferenceGuardMutator_0,3850738,1132,0,0,0,0,0,5,1627
org.mudebug.prapr.mutators.MethodNameMutator_5,3850745,7247,0,0,0,0,0,138,597
org.mudebug.prapr.mutators.FieldAccessToMethodCallMutator_1,3850885,1038,0,0,1,1,1,5303,1599
org.pitest.mutationtest.engine.gregor.mutators.BooleanTrueReturnValsMutator,3856190,3447,0,0,0,0,0,2276,1076
org.mudebug.prapr.mutators.VoidMethodCallGuardMutator,3858468,332,0,0,0,0,0,0,348
org.pitest.mutationtest.engine.gregor.mutators.ReturnValsMutator,3858470,6174,0,0,0,0,0,0,550
org.mudebug.prapr.mutators.ReturningDereferenceGuardMutator_4,3858472,1094,0,0,0,0,0,0,933
org.mudebug.prapr.mutators.FieldToLocalAccessMutator_0,3858474,6684,0,0,1,1,1,740,706
org.mudebug.prapr.mutators.MethodNameMutator_2,3859216,6725,0,0,0,0,0,0,1369
org.pitest.mutationtest.engine.gregor.mutators.experimental.MemberVariableMutator,3859218,4626,0,0,0,0,0,5,82
org.pitest.mutationtest.engine.gregor.mutators.NonVoidMethodCallMutator,3859225,3417,0,1,1,1,1,2532,88
org.pitest.mutationtest.engine.gregor.mutators.experimental.MemberVariableMutator,3861758,6743,0,0,0,0,0,1697,1871
org.mudebug.prapr.mutators.FieldAccessToMethodCallMutator_0,3863457,1777,0,0,0,0,0,24,690
org.pitest.mutationtest.engine.gregor.mutators.BooleanFalseReturnValsMutator,3863483,7255,0,0,0,0,0,451,758
org.mudebug.prapr.mutators.MethCallResultGuard_2,3863936,1234,0,0,0,0,0,0,302
org.mudebug.prapr.mutators.ReturningDereferenceGuardMutator_1,3863938,7302,0,0,0,0,0,0,124
org.mudebug.prapr.mutators.LocalToFieldAccessMutator_0,3863940,6170,0,0,0,0,0,1,509
org.pitest.mutationtest.engine.gregor.mutators.VoidMethodCallMutator,3863943,551,0,0,0,0,0,1505,214
org.mudebug.prapr.mutators.DereferenceGuardMutator_0,3865450,6683,0,0,0,0,0,0,683
org.mudebug.prapr.mutators.MethodNameMutator_4,3865452,6976,0,0,0,0,0,1,88
org.pitest.mutationtest.engine.gregor.mutators.RemoveConditionalMutator_EQUAL_ELSE,3865455,1555,0,0,0,0,0,93,154
org.mudebug.prapr.mutators.MethCallResultGuard_2,3865550,504,0,0,0,0,0,0,87
org.mudebug.prapr.mutators.FieldAccessToMethodCallMutator_1,3865552,6678,0,0,1,1,1,5990,604
org.mudebug.prapr.mutators.ArgumentListMutator_0,3871544,543,0,0,1,1,1,5365,85
org.mudebug.prapr.mutators.MethCallResultGuard_0,3876911,7247,0,0,0,0,0,0,602
org.mudebug.prapr.mutators.ReturningDereferenceGuardMutator_3,3876913,5354,0,0,0,0,0,0,68
org.mudebug.prapr.mutators.FieldToLocalAccessMutator_0,3876915,6678,0,0,1,1,1,4569,607
org.mudebug.prapr.mutators.ArgumentListMutator_3,3881486,1043,0,1,1,1,1,918,270
org.mudebug.prapr.mutators.RelationalOperatorReplacement_3,3882405,7250,0,0,0,0,0,45,663
org.pitest.mutationtest.engine.gregor.mutators.ReturnValsMutator,3882452,550,0,0,1,1,1,5365,201
org.pitest.mutationtest.engine.gregor.mutators.ReturnValsMutator,3887819,7250,0,0,0,0,0,98,664
org.mudebug.prapr.mutators.MethCallResultGuard_1,3887919,247,0,0,0,0,0,0,239
org.pitest.mutationtest.engine.gregor.mutators.experimental.RemoveSwitchMutator_34,3887921,6649,0,0,0,0,0,2,175
org.mudebug.prapr.mutators.NonVoidMethodCallGuardMutator_0,3887925,7058,0,0,0,0,0,0,482
org.mudebug.prapr.mutators.LocalToFieldAccessMutator_1,3887927,1048,0,0,1,1,1,4554,348
org.mudebug.prapr.mutators.RelationalOperatorReplacement_2,3892483,1562,0,0,0,0,0,112,213
org.pitest.mutationtest.engine.gregor.mutators.experimental.RemoveSwitchMutator_94,3892597,6415,0,0,0,0,0,0,273
org.mudebug.prapr.mutators.ReturningDereferenceGuardMutator_4,3892599,5356,0,0,0,0,0,0,696
org.mudebug.prapr.mutators.MethCallResultGuard_1,3892601,504,0,0,0,0,0,0,79
org.mudebug.prapr.mutators.ReturningDereferenceGuardMutator_0,3892605,6683,0,0,0,0,0,1,683
org.mudebug.prapr.mutators.LocalNameMutator_0,3892608,7058,0,0,0,0,0,17,327
org.mudebug.prapr.mutators.FieldAccessToMethodCallMutator_0,3892627,6732,0,0,0,0,0,0,1624
org.mudebug.prapr.mutators.FieldAccessToMethodCallMutator_2,3892629,6718,0,0,1,1,1,4914,1267
org.mudebug.prapr.mutators.FieldAccessToMethodCallMutator_3,3897545,1777,0,0,0,0,0,0,686
org.pitest.mutationtest.engine.gregor.mutators.ReturnValsMutator,3897547,6931,0,0,0,0,0,780,868
org.mudebug.prapr.mutators.LocalToFieldAccessMutator_2,3898332,6683,0,0,0,0,0,291,685
org.mudebug.prapr.mutators.RelationalOperatorReplacement_2,3898625,7204,0,0,0,0,0,149,135
org.pitest.mutationtest.engine.gregor.mutators.experimental.MemberVariableMutator,3898776,1777,0,0,0,0,0,0,759
org.pitest.mutationtest.engine.gregor.mutators.NonVoidMethodCallMutator,3898778,7304,0,0,0,0,0,1875,187
org.mudebug.prapr.mutators.ReturningDereferenceGuardMutator_4,3900655,3389,0,0,0,0,0,0,92
org.mudebug.prapr.mutators.VoidMethodCallGuardMutator,3900657,7058,0,0,0,0,0,5,241
org.mudebug.prapr.mutators.MethodNameMutator_2,3900664,5356,0,0,0,0,0,64,354
org.mudebug.prapr.mutators.FieldNameMutator_3,3900730,1777,0,0,0,0,0,0,639
org.mudebug.prapr.mutators.LocalToFieldAccessMutator_0,3900732,1044,0,0,1,1,1,4566,284
org.mudebug.prapr.mutators.FieldAccessToMethodCallMutator_4,3905300,1777,0,0,0,0,0,0,662
org.pitest.mutationtest.engine.gregor.mutators.ReturnValsMutator,3905302,7377,0,0,1,1,1,5538,375
org.mudebug.prapr.mutators.FieldNameMutator_2,3910842,7058,0,0,1,1,1,5231,275
org.pitest.mutationtest.engine.gregor.mutators.NegateConditionalsMutator,3916075,1082,0,0,0,0,0,0,834
org.mudebug.prapr.mutators.RelationalOperatorReplacement_0,3916077,6706,0,0,0,0,0,6,971
org.mudebug.prapr.mutators.RelationalOperatorReplacement_3,3916085,6711,0,0,0,1,1,2701,1130
org.mudebug.prapr.mutators.FieldNameMutator_1,3918788,1777,0,0,0,0,0,0,651
org.mudebug.prapr.mutators.LocalNameMutator_1,3918790,7058,0,0,0,0,0,2,534
org.pitest.mutationtest.engine.gregor.mutators.RemoveConditionalMutator_EQUAL_IF,3918794,550,0,0,1,1,1,5365,194
org.pitest.mutationtest.engine.gregor.mutators.RemoveConditionalMutator_EQUAL_IF,3924161,6651,0,0,0,0,0,23,377
org.mudebug.prapr.mutators.FieldAccessToMethodCallMutator_2,3924186,1777,0,0,0,0,0,0,685
org.mudebug.prapr.mutators.LocalNameMutator_1,3924188,7058,0,0,0,0,0,77,313
org.mudebug.prapr.mutators.FieldNameMutator_0,3924267,7058,0,0,0,0,0,2290,354
org.mudebug.prapr.mutators.FieldNameMutator_2,3926559,6718,0,0,1,1,1,4515,1267
org.mudebug.prapr.mutators.DereferenceGuardMutator_0,3931076,931,0,0,0,0,0,0,633
org.pitest.mutationtest.engine.gregor.mutators.RemoveConditionalMutator_EQUAL_ELSE,3931078,1106,0,0,0,0,0,0,1142
org.pitest.mutationtest.engine.gregor.mutators.NonVoidMethodCallMutator,3931080,3710,0,0,1,1,1,5303,66
org.mudebug.prapr.mutators.VoidMethodCallGuardMutator,3936385,517,0,0,0,0,0,0,97
org.mudebug.prapr.mutators.ArgumentListMutator_5,3936387,5213,0,0,0,0,0,0,89
org.mudebug.prapr.mutators.LocalNameMutator_0,3936389,7058,0,0,0,0,0,25,358
org.mudebug.prapr.mutators.ReturningDereferenceGuardMutator_0,3936416,6697,0,0,0,0,0,0,844
org.mudebug.prapr.mutators.NonVoidMethodCallGuardMutator_0,3936418,1042,0,0,0,0,0,0,248
org.mudebug.prapr.mutators.FieldNameMutator_1,3936420,7058,0,0,1,1,1,5229,466
org.mudebug.prapr.mutators.LocalToFieldAccessMutator_2,3941651,6697,0,0,1,1,1,49,844
org.mudebug.prapr.mutators.FieldNameMutator_0,3941702,7300,0,0,0,0,0,0,73
org.mudebug.prapr.mutators.FieldNameMutator_4,3941704,7058,0,0,0,0,0,18,278
org.mudebug.prapr.mutators.ReturningDereferenceGuardMutator_4,3941724,557,0,0,0,0,0,0,1190
org.mudebug.prapr.mutators.ArgumentListMutator_4,3941726,7098,0,0,1,1,1,5543,1022
org.mudebug.prapr.mutators.FieldNameMutator_0,3947271,4626,0,0,0,0,0,0,70
org.pitest.mutationtest.engine.gregor.mutators.ReturnValsMutator,3947273,6973,0,0,0,0,0,84,71
org.mudebug.prapr.mutators.MethCallResultGuard_2,3947359,6710,0,0,0,0,0,0,1068
org.mudebug.prapr.mutators.FieldNameMutator_2,3947361,6652,0,0,0,0,0,5,391
org.mudebug.prapr.mutators.ReturningDereferenceGuardMutator_4,3947368,4415,0,0,0,0,0,0,546
org.mudebug.prapr.mutators.VoidMethodCallGuardMutator,3947370,7058,0,0,0,0,0,0,281
org.mudebug.prapr.mutators.FieldAccessToMethodCallMutator_2,3947372,6652,0,0,1,1,1,4167,397
org.pitest.mutationtest.engine.gregor.mutators.RemoveConditionalMutator_EQUAL_IF,3951541,7250,0,0,0,0,0,54,664
org.mudebug.prapr.mutators.MethodNameMutator_2,3951597,7556,0,0,0,0,0,58,70
org.mudebug.prapr.mutators.MethodNameMutator_1,3951657,7232,0,0,0,0,0,13,273
org.mudebug.prapr.mutators.ReturningDereferenceGuardMutator_4,3951672,6674,0,0,0,0,0,0,563
org.mudebug.prapr.mutators.MethodNameMutator_0,3951674,3387,0,0,0,0,0,0,60
org.mudebug.prapr.mutators.LocalToFieldAccessMutator_1,3951679,6694,0,0,1,1,1,5290,826
org.mudebug.prapr.mutators.FieldNameMutator_0,3956971,1777,0,0,0,0,0,0,695
org.mudebug.prapr.mutators.FieldAccessToMethodCallMutator_2,3956973,6743,0,0,1,1,1,2912,1876
org.pitest.mutationtest.engine.gregor.mutators.NegateConditionalsMutator,3959897,7232,0,0,1,1,1,5538,272
org.pitest.mutationtest.engine.gregor.mutators.NonVoidMethodCallMutator,3965437,6728,0,0,0,1,1,2809,1407
org.mudebug.prapr.mutators.FieldAccessToMethodCallMutator_3,3968248,6650,0,0,1,1,1,5298,369
org.mudebug.prapr.mutators.FieldNameMutator_0,3973548,557,0,0,0,1,1,23,1190
org.mudebug.prapr.mutators.FieldToLocalAccessMutator_2,3973573,6683,0,0,1,1,1,945,683
org.mudebug.prapr.mutators.DereferenceGuardMutator_3,3974520,343,0,0,0,0,0,0,463
org.pitest.mutationtest.engine.gregor.mutators.InlineConstantMutator,3974522,6721,0,0,0,0,0,33,1331
org.mudebug.prapr.mutators.FieldNameMutator_3,3974557,1777,0,0,0,0,0,0,715
org.pitest.mutationtest.engine.gregor.mutators.experimental.RemoveSwitchMutator_28,3974559,5356,0,0,0,0,0,25,117
org.mudebug.prapr.mutators.RelationalOperatorReplacement_0,3974586,5359,0,0,0,1,1,5,794
org.mudebug.prapr.mutators.MethodNameMutator_1,3974593,1563,0,0,0,0,0,14,254
org.mudebug.prapr.mutators.ArgumentListMutator_4,3974609,7058,0,0,1,1,1,5538,412
org.mudebug.prapr.mutators.FieldAccessToMethodCallMutator_2,3980149,6721,0,0,0,1,1,302,1331
org.mudebug.prapr.mutators.MethCallResultGuard_2,3980453,1563,0,0,0,0,0,0,254
org.mudebug.prapr.mutators.ArgumentListMutator_0,3980455,5356,0,0,1,1,1,251,513
org.mudebug.prapr.mutators.RelationalOperatorReplacement_1,3980708,5356,0,0,0,0,0,0,340
org.pitest.mutationtest.engine.gregor.mutators.ArgumentPropagationMutator,3980710,3710,0,0,1,1,1,5298,67
org.mudebug.prapr.mutators.FieldToLocalAccessMutator_0,3986010,7215,0,0,1,1,1,5538,134
org.mudebug.prapr.mutators.MethCallResultGuard_0,3991550,7382,0,0,0,0,0,9,430
org.mudebug.prapr.mutators.ReturningDereferenceGuardMutator_2,3991561,2459,0,0,0,0,0,5,60
org.mudebug.prapr.mutators.MethodNameMutator_2,3991568,3675,0,0,1,1,1,780,2364
org.mudebug.prapr.mutators.FieldNameMutator_0,3992350,1134,0,0,0,0,0,33,1638
org.mudebug.prapr.mutators.LocalNameMutator_0,3992385,6696,0,0,0,0,0,1,836
org.pitest.mutationtest.engine.gregor.mutators.NonVoidMethodCallMutator,3992388,556,0,0,1,1,1,5365,1186
org.mudebug.prapr.mutators.FieldToLocalAccessMutator_1,3997755,4410,0,0,0,0,0,2550,463
org.mudebug.prapr.mutators.FieldAccessToMethodCallMutator_3,4000307,1777,0,0,0,0,0,0,753
org.mudebug.prapr.mutators.FieldAccessToMethodCallMutator_2,4000309,1777,0,0,0,0,0,0,718
org.mudebug.prapr.mutators.LocalNameMutator_0,4000311,7058,0,0,0,0,0,0,443
org.mudebug.prapr.mutators.MethodNameMutator_4,4000316,1046,0,0,0,0,0,3953,331
org.mudebug.prapr.mutators.DereferenceGuardMutator_1,4004271,6728,0,0,0,0,0,0,1418
org.mudebug.prapr.mutators.MethodNameMutator_2,4004273,5359,0,0,0,0,0,2,794
org.pitest.mutationtest.engine.gregor.mutators.NonVoidMethodCallMutator,4004277,551,0,0,0,0,0,1394,205
org.mudebug.prapr.mutators.ArgumentListMutator_0,4005673,6706,0,0,0,1,1,2,1025
org.mudebug.prapr.mutators.FieldNameMutator_3,4005677,1777,0,0,0,0,0,0,740
org.pitest.mutationtest.engine.gregor.mutators.RemoveConditionalMutator_EQUAL_ELSE,4005679,5351,0,0,0,0,0,5,48
org.mudebug.prapr.mutators.FieldNameMutator_0,4005688,6743,0,0,1,1,1,2672,1876
org.pitest.mutationtest.engine.gregor.mutators.NonVoidMethodCallMutator,4008362,1144,0,0,0,0,0,4,1740
org.mudebug.prapr.mutators.FieldNameMutator_0,4008368,6652,0,0,1,1,1,2781,403
org.mudebug.prapr.mutators.ArithmeticOperatorReplacement_7,4011153,6713,0,0,0,0,0,66,1152
org.mudebug.prapr.mutators.DereferenceGuardMutator_0,4011221,6674,0,0,0,0,0,0,563
org.mudebug.prapr.mutators.ReturningDereferenceGuardMutator_4,4011223,6668,0,0,0,0,0,0,536
org.mudebug.prapr.mutators.MethodNameMutator_1,4011225,3611,0,0,0,0,0,837,1327
org.mudebug.prapr.mutators.LocalToFieldAccessMutator_2,4012064,6723,0,0,1,1,1,5102,1346
org.mudebug.prapr.mutators.FieldAccessToMethodCallMutator_0,4017168,1106,0,0,1,1,1,2977,1102
org.pitest.mutationtest.engine.gregor.mutators.NullReturnValsMutator,4020147,348,0,0,1,1,1,494,562
org.pitest.mutationtest.engine.gregor.mutators.NegateConditionalsMutator,4020643,7497,0,0,0,0,0,4,377
org.mudebug.prapr.mutators.MethodNameMutator_2,4020649,1231,0,0,0,1,1,18,69
org.mudebug.prapr.mutators.RelationalOperatorReplacement_1,4020669,1053,0,0,0,1,1,4574,441
org.mudebug.prapr.mutators.FieldNameMutator_3,4025245,7131,0,0,0,0,0,10,74
org.pitest.mutationtest.engine.gregor.mutators.RemoveConditionalMutator_EQUAL_IF,4025257,3514,0,0,0,0,0,0,968
org.mudebug.prapr.mutators.DereferenceGuardMutator_3,4025262,7241,0,0,0,0,0,0,432
org.mudebug.prapr.mutators.ArgumentListMutator_5,4025264,6706,0,0,0,1,1,2,1025
org.mudebug.prapr.mutators.ReturningDereferenceGuardMutator_3,4025268,546,0,0,0,0,0,0,148
org.pitest.mutationtest.engine.gregor.mutators.RemoveConditionalMutator_EQUAL_ELSE,4025270,5356,0,0,1,1,1,1074,428
org.mudebug.prapr.mutators.MethodNameMutator_0,4026346,5359,0,0,0,0,0,2,794
org.mudebug.prapr.mutators.LocalToFieldAccessMutator_0,4026350,6665,0,0,1,1,1,5137,524
org.pitest.mutationtest.engine.gregor.mutators.ReturnValsMutator,4031489,329,0,0,1,1,1,3596,301
org.mudebug.prapr.mutators.MethodNameMutator_1,4035094,346,0,0,0,1,1,4,497
org.mudebug.prapr.mutators.NonVoidMethodCallGuardMutator_0,4035100,7080,0,0,0,0,0,0,809
org.mudebug.prapr.mutators.LocalToFieldAccessMutator_1,4035102,6684,0,0,0,0,0,590,714
org.pitest.mutationtest.engine.gregor.mutators.ReturnValsMutator,4035694,3710,0,0,1,1,1,5303,67
org.mudebug.prapr.mutators.DereferenceGuardMutator_3,4040999,4257,0,0,0,0,0,0,409
org.mudebug.prapr.mutators.DereferenceGuardMutator_0,4041001,6728,0,0,0,0,0,0,1420
org.pitest.mutationtest.engine.gregor.mutators.NonVoidMethodCallMutator,4041003,5359,0,0,0,0,0,1,794
org.mudebug.prapr.mutators.LocalNameMutator_0,4041006,4411,0,0,1,1,1,4269,500
org.mudebug.prapr.mutators.ReturningDereferenceGuardMutator_3,4045277,1119,0,0,0,0,0,0,1435
org.mudebug.prapr.mutators.FieldAccessToMethodCallMutator_3,4045279,1777,0,0,0,0,0,0,687
org.pitest.mutationtest.engine.gregor.mutators.ReturnValsMutator,4045281,362,0,0,1,1,1,696,707
org.pitest.mutationtest.engine.gregor.mutators.NonVoidMethodCallMutator,4045979,7058,0,0,0,0,0,0,416
org.mudebug.prapr.mutators.DereferenceGuardMutator_4,4045981,6732,0,0,0,0,0,5,1618
org.pitest.mutationtest.engine.gregor.mutators.experimental.MemberVariableMutator,4045988,158,0,0,0,0,0,0,646
org.mudebug.prapr.mutators.DereferenceGuardMutator_3,4045990,4159,0,0,0,0,0,5,103
org.mudebug.prapr.mutators.LocalNameMutator_0,4045997,6678,0,0,0,0,0,74,603
org.mudebug.prapr.mutators.MethodNameMutator_1,4046073,332,0,0,0,0,0,997,346
org.mudebug.prapr.mutators.FieldNameMutator_3,4047072,1777,0,0,0,0,0,0,745
org.mudebug.prapr.mutators.LocalToFieldAccessMutator_3,4047074,6678,0,0,1,1,1,4775,604
org.mudebug.prapr.mutators.NonVoidMethodCallGuardMutator_0,4051851,7232,0,0,0,0,0,0,273
org.mudebug.prapr.mutators.MethodNameMutator_0,4051853,5356,0,0,0,0,0,0,110
org.mudebug.prapr.mutators.LocalToFieldAccessMutator_1,4051855,6738,0,0,1,1,1,253,1794
org.pitest.mutationtest.engine.gregor.mutators.NonVoidMethodCallMutator,4052110,5356,0,0,0,0,0,6,358
org.mudebug.prapr.mutators.LocalToFieldAccessMutator_3,4052121,6694,0,0,1,1,1,5385,824
org.mudebug.prapr.mutators.LocalNameMutator_2,4057508,1234,0,0,1,1,1,3,313
org.pitest.mutationtest.engine.gregor.mutators.RemoveConditionalMutator_EQUAL_ELSE,4057513,5376,0,0,1,1,1,253,1045
org.pitest.mutationtest.engine.gregor.mutators.ReturnValsMutator,4057768,6748,0,0,0,0,0,6,1927
org.mudebug.prapr.mutators.LocalToFieldAccessMutator_3,4057776,7064,0,0,0,0,0,12,622
org.mudebug.prapr.mutators.RelationalOperatorReplacement_1,4057790,7233,0,0,0,0,0,18,297
org.mudebug.prapr.mutators.MethodNameMutator_2,4057810,244,0,0,0,1,1,57,180
org.mudebug.prapr.mutators.ArgumentListMutator_2,4057869,7058,0,0,0,0,0,0,303
org.mudebug.prapr.mutators.MethodNameMutator_5,4057871,7233,0,0,0,0,0,18,297
org.mudebug.prapr.mutators.LocalToFieldAccessMutator_2,4057891,6694,0,0,1,1,1,5287,826
org.pitest.mutationtest.engine.gregor.mutators.experimental.RemoveSwitchMutator_8,4063180,5356,0,0,0,0,0,0,117
org.mudebug.prapr.mutators.LocalToFieldAccessMutator_0,4063182,7382,0,0,0,0,0,1983,430
org.mudebug.prapr.mutators.FieldAccessToMethodCallMutator_2,4065167,1777,0,0,0,0,0,0,706
org.mudebug.prapr.mutators.NonVoidMethodCallGuardMutator_0,4065169,1053,0,0,0,0,0,0,434
org.mudebug.prapr.mutators.FieldAccessToMethodCallMutator_3,4065171,6743,0,0,1,1,1,2912,1874
org.mudebug.prapr.mutators.MethodNameMutator_2,4068085,5356,0,0,0,0,0,0,344
org.mudebug.prapr.mutators.NonVoidMethodCallGuardMutator_0,4068087,3563,0,0,0,0,0,0,293
org.mudebug.prapr.mutators.LocalNameMutator_1,4068089,5356,0,0,1,1,1,1494,87
org.pitest.mutationtest.engine.gregor.mutators.BooleanTrueReturnValsMutator,4069585,3626,0,0,0,0,0,426,1516
org.pitest.mutationtest.engine.gregor.mutators.NegateConditionalsMutator,4070013,7503,0,0,0,0,0,18,446
org.mudebug.prapr.mutators.RelationalOperatorReplacement_2,4070033,6976,0,0,0,0,0,57,88
org.mudebug.prapr.mutators.NonVoidMethodCallGuardMutator_0,4070092,1119,0,0,0,0,0,0,1436
org.mudebug.prapr.mutators.ReturningDereferenceGuardMutator_3,4070094,7062,0,0,0,0,0,0,583
org.pitest.mutationtest.engine.gregor.mutators.RemoveConditionalMutator_EQUAL_IF,4070096,6688,0,0,0,0,0,5,764
org.pitest.mutationtest.engine.gregor.mutators.InlineConstantMutator,4070103,7613,0,0,0,0,0,3,60
org.pitest.mutationtest.engine.gregor.mutators.RemoveConditionalMutator_EQUAL_ELSE,4070108,6728,0,0,0,0,0,0,1422
org.mudebug.prapr.mutators.FieldNameMutator_0,4070110,7058,0,0,1,1,1,5538,379
org.mudebug.prapr.mutators.FieldNameMutator_0,4075650,1777,0,0,0,0,0,74,729
org.mudebug.prapr.mutators.ArithmeticOperatorReplacement_1,4075726,6713,0,0,0,1,1,1393,1152
org.mudebug.prapr.mutators.MethCallResultGuard_2,4077121,4415,0,0,0,0,0,0,551
org.mudebug.prapr.mutators.MethodNameMutator_2,4077128,7250,0,0,0,0,0,45,663
org.mudebug.prapr.mutators.LocalNameMutator_2,4077175,7058,0,0,0,0,0,45,447
org.mudebug.prapr.mutators.NonVoidMethodCallGuardMutator_0,4077222,7383,0,0,0,0,0,0,455
org.mudebug.prapr.mutators.LocalNameMutator_2,4077224,7058,0,0,0,0,0,0,539
org.mudebug.prapr.mutators.ReturningDereferenceGuardMutator_3,4077226,7380,0,0,0,0,0,0,396
org.mudebug.prapr.mutators.RelationalOperatorReplacement_2,4077228,1234,0,0,0,1,1,10,277
org.pitest.mutationtest.engine.gregor.mutators.ConditionalsBoundaryMutator,4077242,5358,0,0,0,0,0,3,754
org.mudebug.prapr.mutators.VoidMethodCallGuardMutator,4077247,7058,0,0,0,0,0,0,444
org.mudebug.prapr.mutators.ArgumentListMutator_0,4077249,6725,0,0,0,1,1,0,1369
org.mudebug.prapr.mutators.ReturningDereferenceGuardMutator_4,4077251,1119,0,0,0,0,0,0,1434
org.mudebug.prapr.mutators.RelationalOperatorReplacement_0,4077253,5375,0,0,0,1,1,39,1033
org.pitest.mutationtest.engine.gregor.mutators.InlineConstantMutator,4077294,5356,0,0,0,0,0,1,490
org.mudebug.prapr.mutators.ReturningDereferenceGuardMutator_1,4077297,6684,0,0,0,0,0,4,695
org.mudebug.prapr.mutators.ArgumentListMutator_0,4077303,7059,0,0,1,1,1,5538,552
org.mudebug.prapr.mutators.LocalToFieldAccessMutator_0,4082843,7064,0,0,0,0,0,10,619
org.mudebug.prapr.mutators.LocalToFieldAccessMutator_2,4082855,1042,0,0,1,1,1,5291,262
org.pitest.mutationtest.engine.gregor.mutators.experimental.RemoveSwitchMutator_12,4088148,6649,0,0,0,0,0,0,175
org.mudebug.prapr.mutators.DereferenceGuardMutator_3,4088150,6728,0,0,0,0,0,0,1418
org.mudebug.prapr.mutators.MethodNameMutator_0,4088152,7057,0,0,1,1,1,5543,229
org.pitest.mutationtest.engine.gregor.mutators.NonVoidMethodCallMutator,4093697,1562,0,0,0,0,0,22,206
org.mudebug.prapr.mutators.LocalToFieldAccessMutator_3,4093721,6743,0,0,1,1,1,2912,1870
org.pitest.mutationtest.engine.gregor.mutators.NonVoidMethodCallMutator,4096635,7108,0,0,0,0,0,1755,1161
org.mudebug.prapr.mutators.RelationalOperatorReplacement_2,4098392,6732,0,0,0,0,0,6,1618
org.mudebug.prapr.mutators.DereferenceGuardMutator_0,4098400,7302,0,0,0,0,0,0,105
org.pitest.mutationtest.engine.gregor.mutators.InlineConstantMutator,4098402,1777,0,0,0,0,0,0,686
org.pitest.mutationtest.engine.gregor.mutators.NonVoidMethodCallMutator,4098404,1234,0,0,0,0,0,2,302
org.mudebug.prapr.mutators.FieldNameMutator_2,4098408,7058,0,0,1,1,1,5231,433
org.mudebug.prapr.mutators.FieldAccessToMethodCallMutator_3,4103641,1777,0,0,0,0,0,0,718
org.mudebug.prapr.mutators.DereferenceGuardMutator_3,4103643,6725,0,0,0,0,0,0,1369
org.pitest.mutationtest.engine.gregor.mutators.NonVoidMethodCallMutator,4103645,7081,0,0,1,1,1,5231,813
org.mudebug.prapr.mutators.MethodNameMutator_4,4108878,1234,0,0,1,1,1,33,272
org.mudebug.prapr.mutators.LocalToFieldAccessMutator_2,4108913,6714,0,0,0,1,1,113,1164
org.pitest.mutationtest.engine.gregor.mutators.NonVoidMethodCallMutator,4109028,328,0,0,1,1,1,4458,278
org.mudebug.prapr.mutators.ReturningDereferenceGuardMutator_0,4113488,359,0,0,0,0,0,0,674
org.mudebug.prapr.mutators.ReturningDereferenceGuardMutator_0,4113490,1119,0,0,0,0,0,0,1439
org.mudebug.prapr.mutators.ArgumentListMutator_0,4113492,6684,0,0,0,0,0,0,697
org.mudebug.prapr.mutators.RelationalOperatorReplacement_1,4113494,5219,0,0,0,0,0,0,181
org.pitest.mutationtest.engine.gregor.mutators.experimental.MemberVariableMutator,4113496,6683,0,0,1,1,1,190,687
org.mudebug.prapr.mutators.MethCallResultGuard_1,4113688,244,0,0,0,0,0,23,180
org.mudebug.prapr.mutators.DereferenceGuardMutator_3,4113713,1101,0,0,0,0,0,0,1022
org.mudebug.prapr.mutators.FieldNameMutator_3,4113715,7058,0,0,1,1,1,5065,455
org.mudebug.prapr.mutators.LocalToFieldAccessMutator_0,4118782,6744,0,0,1,1,1,905,1893
org.mudebug.prapr.mutators.ArgumentListMutator_0,4119689,543,0,0,1,1,1,5365,89
org.pitest.mutationtest.engine.gregor.mutators.experimental.RemoveSwitchMutator_41,4125056,3636,0,0,0,0,0,0,1649
org.mudebug.prapr.mutators.FieldToLocalAccessMutator_1,4125058,6728,0,0,0,1,1,2809,1418
org.mudebug.prapr.mutators.VoidMethodCallGuardMutator,4127869,1106,0,0,0,0,0,5,1196
org.mudebug.prapr.mutators.ArgumentListMutator_0,4127876,347,0,0,0,0,0,0,505
org.mudebug.prapr.mutators.FieldToLocalAccessMutator_0,4127880,7379,0,0,0,0,0,2012,391
org.pitest.mutationtest.engine.gregor.mutators.NonVoidMethodCallMutator,4129894,3664,0,0,0,0,0,43,2189
org.mudebug.prapr.mutators.LocalNameMutator_0,4129939,7365,0,0,0,0,0,10,232
org.mudebug.prapr.mutators.FieldAccessToMethodCallMutator_0,4129951,6651,0,0,1,1,1,4348,385
org.mudebug.prapr.mutators.ArgumentListMutator_1,4134301,1037,0,0,1,1,1,5257,183
org.mudebug.prapr.mutators.LocalNameMutator_2,4139560,7058,0,0,0,0,0,4,384
org.mudebug.prapr.mutators.NonVoidMethodCallGuardMutator_0,4139566,7058,0,0,0,0,0,5,284
org.mudebug.prapr.mutators.ArgumentListMutator_1,4139573,1040,0,0,0,0,0,0,209
org.pitest.mutationtest.engine.gregor.mutators.experimental.RemoveSwitchMutator_61,4139575,3584,0,0,0,0,0,0,901
org.mudebug.prapr.mutators.LocalToFieldAccessMutator_4,4139577,6696,0,0,0,0,0,1,836
org.mudebug.prapr.mutators.RelationalOperatorReplacement_1,4139580,6732,0,0,0,0,0,0,1618
org.pitest.mutationtest.engine.gregor.mutators.NullReturnValsMutator,4139582,1245,0,0,1,1,1,21,807
org.mudebug.prapr.mutators.NonVoidMethodCallGuardMutator_0,4139605,7082,0,0,0,0,0,0,817
org.pitest.mutationtest.engine.gregor.mutators.experimental.MemberVariableMutator,4139607,703,0,0,1,1,1,5190,45
org.mudebug.prapr.mutators.ReturningDereferenceGuardMutator_2,4144799,7232,0,0,0,0,0,0,273
org.mudebug.prapr.mutators.FieldToLocalAccessMutator_1,4144801,1046,0,0,1,1,1,4574,309
org.mudebug.prapr.mutators.MethodNameMutator_3,4149377,1234,0,0,1,1,1,12,276
org.pitest.mutationtest.engine.gregor.mutators.VoidMethodCallMutator,4149391,4411,0,0,0,0,0,23,472
org.pitest.mutationtest.engine.gregor.mutators.InlineConstantMutator,4149416,4667,0,0,0,1,1,2583,67
org.pitest.mutationtest.engine.gregor.mutators.RemoveConditionalMutator_EQUAL_IF,4152001,1106,0,0,1,1,1,2980,1077
org.mudebug.prapr.mutators.FieldAccessToMethodCallMutator_3,4154983,1777,0,0,0,0,0,0,674
org.mudebug.prapr.mutators.FieldAccessToMethodCallMutator_4,4154985,1777,0,0,0,0,0,0,734
org.mudebug.prapr.mutators.RelationalOperatorReplacement_3,4154987,7205,0,0,0,0,0,14,141
org.pitest.mutationtest.engine.gregor.mutators.experimental.MemberVariableMutator,4155003,5212,0,0,0,0,0,28,65
org.mudebug.prapr.mutators.RelationalOperatorReplacement_2,4155033,3675,0,0,0,0,0,0,2359
org.mudebug.prapr.mutators.LocalNameMutator_0,4155038,6652,0,0,0,0,0,0,391
org.mudebug.prapr.mutators.FieldNameMutator_0,4155040,7058,0,0,0,0,0,2290,364
org.mudebug.prapr.mutators.RelationalOperatorReplacement_2,4157332,2459,0,0,1,1,1,5291,61
org.mudebug.prapr.mutators.NonVoidMethodCallGuardMutator_0,4162625,6860,0,0,0,0,0,0,110
org.pitest.mutationtest.engine.gregor.mutators.NegateConditionalsMutator,4162627,7199,0,0,0,0,0,93,84
org.mudebug.prapr.mutators.FieldAccessToMethodCallMutator_4,4162722,1777,0,0,0,0,0,0,749
org.mudebug.prapr.mutators.MethodNameMutator_3,4162724,347,0,0,1,1,1,4299,525
org.mudebug.prapr.mutators.MethodNameMutator_3,4167025,551,0,0,0,1,1,82,221
org.mudebug.prapr.mutators.RelationalOperatorReplacement_0,4167109,3664,0,0,0,1,1,410,2181
org.pitest.mutationtest.engine.gregor.mutators.experimental.MemberVariableMutator,4167521,1777,0,0,0,0,0,0,695
org.mudebug.prapr.mutators.NonVoidMethodCallGuardMutator_0,4167523,5195,0,0,0,0,0,0,102
org.mudebug.prapr.mutators.LocalNameMutator_1,4167525,5356,0,0,0,0,0,1,431
org.pitest.mutationtest.engine.gregor.mutators.experimental.RemoveSwitchMutator_76,4167528,3584,0,0,0,0,0,0,901
org.mudebug.prapr.mutators.LocalToFieldAccessMutator_2,4167530,1786,0,0,0,0,0,76,845
org.pitest.mutationtest.engine.gregor.mutators.InlineConstantMutator,4167608,7130,0,0,0,0,0,5,64
org.pitest.mutationtest.engine.gregor.mutators.VoidMethodCallMutator,4167615,1106,0,0,0,0,0,5,1200
org.pitest.mutationtest.engine.gregor.mutators.ReturnValsMutator,4167622,1245,0,0,0,0,0,10,804
org.mudebug.prapr.mutators.RelationalOperatorReplacement_0,4167634,5374,0,0,0,0,0,1,1006
org.mudebug.prapr.mutators.FieldAccessToMethodCallMutator_3,4167637,1777,0,0,0,0,0,0,725
org.mudebug.prapr.mutators.LocalNameMutator_2,4167639,7058,0,0,0,0,0,9,476
org.mudebug.prapr.mutators.ArithmeticOperatorReplacement_7,4167650,4257,0,0,0,0,0,26,409
org.mudebug.prapr.mutators.FieldAccessToMethodCallMutator_0,4167678,7052,0,0,0,0,0,0,144
org.mudebug.prapr.mutators.RelationalOperatorReplacement_2,4167680,5359,0,0,0,0,0,5,794
org.mudebug.prapr.mutators.MethodNameMutator_8,4167687,7233,0,0,0,0,0,10,297
org.pitest.mutationtest.engine.gregor.mutators.NegateConditionalsMutator,4167699,6743,0,0,1,1,1,2912,1870
org.mudebug.prapr.mutators.ArgumentListMutator_1,4170613,3497,0,0,0,0,0,0,421
org.mudebug.prapr.mutators.RelationalOperatorReplacement_0,4170615,3417,0,1,1,1,1,2512,96
org.mudebug.prapr.mutators.FieldAccessToMethodCallMutator_0,4173128,1101,0,0,1,1,1,4823,1022
org.mudebug.prapr.mutators.MethCallResultGuard_0,4177953,6706,0,0,0,0,0,0,1024
org.mudebug.prapr.mutators.MethodNameMutator_3,4177955,1106,0,0,1,1,1,2974,1196
org.mudebug.prapr.mutators.DereferenceGuardMutator_4,4180931,562,0,0,0,0,0,0,1210
org.mudebug.prapr.mutators.ArgumentListMutator_4,4180933,6725,0,0,0,1,1,0,1369
org.mudebug.prapr.mutators.RelationalOperatorReplacement_2,4180935,6706,0,0,0,1,1,8,965
org.mudebug.prapr.mutators.FieldAccessToMethodCallMutator_0,4180945,1777,0,0,0,0,0,0,670
org.mudebug.prapr.mutators.DereferenceGuardMutator_3,4180947,6706,0,0,0,0,0,0,959
org.mudebug.prapr.mutators.NonVoidMethodCallGuardMutator_0,4180949,3489,0,0,0,0,0,0,253
org.mudebug.prapr.mutators.DereferenceGuardMutator_0,4180951,4159,0,0,0,0,0,5,103
org.mudebug.prapr.mutators.MethodNameMutator_9,4180958,3675,0,0,0,0,0,1978,2356
org.mudebug.prapr.mutators.RelationalOperatorReplacement_0,4182938,6931,0,0,1,1,1,5538,865
org.mudebug.prapr.mutators.MethCallResultGuard_2,4188478,7199,0,0,0,0,0,0,85
org.mudebug.prapr.mutators.MethCallResultGuard_1,4188480,6704,0,0,0,0,0,0,908
org.mudebug.prapr.mutators.VoidMethodCallGuardMutator,4188482,4411,0,0,0,0,0,0,504
org.mudebug.prapr.mutators.LocalNameMutator_0,4188484,7058,0,0,0,0,0,11,519
org.mudebug.prapr.mutators.RelationalOperatorReplacement_2,4188497,7382,0,0,0,0,0,221,415
org.pitest.mutationtest.engine.gregor.mutators.NonVoidMethodCallMutator,4188720,347,0,0,1,1,1,4299,511
org.mudebug.prapr.mutators.FieldNameMutator_2,4193021,1777,0,0,0,0,0,50,657
org.mudebug.prapr.mutators.FieldToLocalAccessMutator_0,4193073,6743,0,0,0,0,0,2481,1871
org.mudebug.prapr.mutators.MethodNameMutator_8,4195556,7259,0,0,1,1,1,5538,823
org.mudebug.prapr.mutators.MethodNameMutator_1,4201096,1046,0,0,0,0,0,28,329
org.mudebug.prapr.mutators.ArithmeticOperatorDeletion_1,4201126,553,0,0,0,0,0,34,267
org.pitest.mutationtest.engine.gregor.mutators.RemoveConditionalMutator_EQUAL_ELSE,4201162,3514,0,0,1,1,1,5204,968
org.mudebug.prapr.mutators.MethodNameMutator_1,4206368,1234,0,0,1,1,1,33,262
org.pitest.mutationtest.engine.gregor.mutators.RemoveConditionalMutator_EQUAL_IF,4206403,5209,0,0,1,1,1,4578,288
org.mudebug.prapr.mutators.LocalToFieldAccessMutator_1,4210985,6706,0,0,0,0,0,30,933
org.mudebug.prapr.mutators.ReturningDereferenceGuardMutator_0,4211017,347,0,0,0,0,0,0,526
org.mudebug.prapr.mutators.MethodNameMutator_0,4211019,3675,0,0,0,0,0,0,2354
org.mudebug.prapr.mutators.ArgumentListMutator_4,4211021,7052,0,0,0,0,0,5,198
org.mudebug.prapr.mutators.FieldNameMutator_4,4211028,2308,0,0,0,0,0,0,92
org.pitest.mutationtest.engine.gregor.mutators.BooleanTrueReturnValsMutator,4211030,1564,0,0,0,0,0,205,262
org.pitest.mutationtest.engine.gregor.mutators.InlineConstantMutator,4211237,7198,0,0,0,0,0,1756,70
org.pitest.mutationtest.engine.gregor.mutators.experimental.NakedReceiverMutator,4212995,561,0,0,0,1,1,26,1206
org.pitest.mutationtest.engine.gregor.mutators.ConstructorCallMutator,4213023,7058,0,0,1,1,1,5538,439
org.mudebug.prapr.mutators.LocalNameMutator_0,4218563,1245,0,0,0,0,0,22,675
org.pitest.mutationtest.engine.gregor.mutators.RemoveConditionalMutator_ORDER_ELSE,4218587,6706,0,0,0,1,1,2,973
org.mudebug.prapr.mutators.RelationalOperatorReplacement_1,4218591,5214,0,0,0,0,0,28,112
org.mudebug.prapr.mutators.LocalNameMutator_1,4218621,6706,0,0,0,0,0,0,1029
org.mudebug.prapr.mutators.FieldNameMutator_5,4218623,1777,0,0,0,0,0,0,691
org.pitest.mutationtest.engine.gregor.mutators.NegateConditionalsMutator,4218625,6728,0,0,0,1,1,1485,1419
org.mudebug.prapr.mutators.FieldNameMutator_1,4220112,1777,0,0,0,0,0,74,731
org.pitest.mutationtest.engine.gregor.mutators.NegateConditionalsMutator,4220188,6706,0,0,0,1,1,8,971
org.pitest.mutationtest.engine.gregor.mutators.ConstructorCallMutator,4220198,4391,0,0,0,0,0,1956,196
org.mudebug.prapr.mutators.FieldAccessToMethodCallMutator_2,4222156,1777,0,0,0,0,0,0,728
org.pitest.mutationtest.engine.gregor.mutators.NonVoidMethodCallMutator,4222158,4411,0,0,1,1,1,4269,500
org.mudebug.prapr.mutators.DereferenceGuardMutator_0,4226429,1119,0,0,0,0,0,0,1439
org.mudebug.prapr.mutators.ReturningDereferenceGuardMutator_0,4226431,5354,0,0,0,0,0,0,68
org.pitest.mutationtest.engine.gregor.mutators.RemoveConditionalMutator_EQUAL_IF,4226433,6899,0,0,1,1,1,5538,324
org.mudebug.prapr.mutators.FieldNameMutator_3,4231973,1799,0,0,0,0,0,0,931
org.mudebug.prapr.mutators.ReturningDereferenceGuardMutator_2,4231975,4413,0,0,0,0,0,0,526
org.mudebug.prapr.mutators.DereferenceGuardMutator_3,4231977,7790,0,0,0,0,0,0,315
org.pitest.mutationtest.engine.gregor.mutators.RemoveConditionalMutator_EQUAL_ELSE,4231979,7302,0,0,0,0,0,1979,110
org.pitest.mutationtest.engine.gregor.mutators.NonVoidMethodCallMutator,4233960,7231,0,0,1,1,1,5226,261
org.pitest.mutationtest.engine.gregor.mutators.NegateConditionalsMutator,4239188,5378,0,0,0,0,0,1,1083
org.mudebug.prapr.mutators.DereferenceGuardMutator_3,4239191,7304,0,0,0,0,0,0,188
org.mudebug.prapr.mutators.NonVoidMethodCallGuardMutator_0,4239193,4410,0,0,0,0,0,0,453
org.mudebug.prapr.mutators.MethodNameMutator_0,4239195,332,0,0,0,0,0,1002,346
org.pitest.mutationtest.engine.gregor.mutators.NonVoidMethodCallMutator,4240199,7358,0,0,0,0,0,97,153
org.mudebug.prapr.mutators.NonVoidMethodCallGuardMutator_0,4240298,1313,0,0,0,0,0,0,84
org.mudebug.prapr.mutators.LocalToFieldAccessMutator_0,4240300,6688,0,0,1,1,1,5193,765
org.mudebug.prapr.mutators.FieldNameMutator_3,4245495,7058,0,0,0,0,0,32,251
org.mudebug.prapr.mutators.FieldNameMutator_3,4245529,1777,0,0,0,0,0,0,691
org.mudebug.prapr.mutators.VoidMethodCallGuardMutator,4245531,1106,0,0,0,0,0,0,1200
org.mudebug.prapr.mutators.FieldNameMutator_0,4245533,7058,0,0,0,0,0,104,524
org.pitest.mutationtest.engine.gregor.mutators.NegateConditionalsMutator,4245639,3664,0,0,0,1,1,412,2181
org.mudebug.prapr.mutators.FieldAccessToMethodCallMutator_4,4246053,1777,0,0,0,0,0,0,670
org.mudebug.prapr.mutators.MethodNameMutator_3,4246055,1311,0,0,0,1,1,148,63
org.mudebug.prapr.mutators.FieldAccessToMethodCallMutator_2,4246205,1777,0,0,0,0,0,0,693
org.mudebug.prapr.mutators.ReturningDereferenceGuardMutator_4,4246207,7381,0,0,0,0,0,0,405
org.mudebug.prapr.mutators.NonVoidMethodCallGuardMutator_0,4246209,6728,0,0,0,0,0,5,1409
org.mudebug.prapr.mutators.ReturningDereferenceGuardMutator_1,4246216,7302,0,0,0,0,0,5,102
org.mudebug.prapr.mutators.RelationalOperatorReplacement_0,4246223,7302,0,0,0,0,0,1999,98
org.mudebug.prapr.mutators.NonVoidMethodCallGuardMutator_0,4248224,334,0,0,0,0,0,0,381
org.mudebug.prapr.mutators.ArgumentListMutator_0,4248226,1777,0,0,1,1,1,5292,735
org.mudebug.prapr.mutators.ReturningDereferenceGuardMutator_1,4253520,1038,0,0,0,0,0,0,191
org.mudebug.prapr.mutators.LocalToFieldAccessMutator_0,4253522,7302,0,0,1,1,1,5538,127
org.mudebug.prapr.mutators.ArithmeticOperatorReplacement_7,4259062,7108,0,0,0,0,0,11,1153
org.mudebug.prapr.mutators.RelationalOperatorReplacement_2,4259075,7199,0,0,0,0,0,93,84
org.pitest.mutationtest.engine.gregor.mutators.InlineConstantMutator,4259170,7058,0,0,1,1,1,5538,269
org.pitest.mutationtest.engine.gregor.mutators.InlineConstantMutator,4264710,3563,0,0,0,1,1,68,307
org.mudebug.prapr.mutators.FieldAccessToMethodCallMutator_2,4264780,7257,0,0,1,1,1,5538,811
org.mudebug.prapr.mutators.DereferenceGuardMutator_0,4270320,1083,0,0,0,0,0,0,844
org.mudebug.prapr.mutators.LocalToFieldAccessMutator_0,4270322,4411,0,0,1,1,1,4269,500
org.pitest.mutationtest.engine.gregor.mutators.ReturnValsMutator,4274593,4627,0,0,1,1,1,5209,94
org.mudebug.prapr.mutators.ReturningDereferenceGuardMutator_2,4279804,6688,0,0,0,0,0,0,763
org.mudebug.prapr.mutators.MethodNameMutator_2,4279806,347,0,0,0,0,0,8,522
org.mudebug.prapr.mutators.MethCallResultGuard_0,4279819,561,0,0,0,0,0,0,1206
org.mudebug.prapr.mutators.RelationalOperatorReplacement_2,4279821,1555,0,0,0,1,1,227,154
org.mudebug.prapr.mutators.LocalNameMutator_2,4280050,1234,0,0,1,1,1,6,302
org.mudebug.prapr.mutators.MethCallResultGuard_1,4280058,6987,0,0,0,0,0,0,155
org.pitest.mutationtest.engine.gregor.mutators.RemoveConditionalMutator_EQUAL_IF,4280060,347,0,0,0,0,0,2734,506
org.pitest.mutationtest.engine.gregor.mutators.experimental.RemoveSwitchMutator_24,4282796,555,0,0,0,0,0,20,872
org.mudebug.prapr.mutators.MethodNameMutator_2,4282818,7052,0,0,1,1,1,5247,199
org.mudebug.prapr.mutators.RelationalOperatorReplacement_0,4288067,1106,0,0,0,0,0,56,1106
org.mudebug.prapr.mutators.MethodNameMutator_0,4288125,1236,1,0,0,0,0,7,521
org.mudebug.prapr.mutators.RelationalOperatorReplacement_2,4288136,7302,0,0,0,0,0,0,102
org.mudebug.prapr.mutators.MethodNameMutator_8,4288138,247,0,0,1,1,1,4269,240
org.mudebug.prapr.mutators.FieldToLocalAccessMutator_3,4292409,6743,0,0,1,1,1,2670,1876
org.mudebug.prapr.mutators.ArithmeticOperatorReplacement_4,4295081,2459,0,0,1,1,1,5291,62
org.pitest.mutationtest.engine.gregor.mutators.NullReturnValsMutator,4300374,6742,0,0,1,1,1,2939,1859
org.mudebug.prapr.mutators.LocalToFieldAccessMutator_0,4303315,6683,0,0,0,0,0,37,686
org.mudebug.prapr.mutators.NonVoidMethodCallGuardMutator_0,4303354,3651,0,0,0,0,0,0,1952
org.mudebug.prapr.mutators.MethodNameMutator_7,4303356,1231,0,0,0,0,0,4,98
org.mudebug.prapr.mutators.DereferenceGuardMutator_3,4303362,1119,0,0,0,0,0,0,1439
org.mudebug.prapr.mutators.NonVoidMethodCallGuardMutator_0,4303364,4411,0,0,0,0,0,0,500
org.mudebug.prapr.mutators.FieldNameMutator_2,4303366,7058,0,0,1,1,1,5538,327
org.mudebug.prapr.mutators.ArithmeticOperatorReplacement_6,4308906,2459,0,0,1,1,1,5291,62
org.mudebug.prapr.mutators.LocalToFieldAccessMutator_1,4314199,6738,0,0,1,1,1,252,1796
org.mudebug.prapr.mutators.FieldNameMutator_1,4314453,1777,0,0,0,0,0,0,661
org.pitest.mutationtest.engine.gregor.mutators.RemoveConditionalMutator_EQUAL_IF,4314455,2967,0,0,0,0,0,41,599
org.mudebug.prapr.mutators.MethCallResultGuard_2,4314498,6420,0,0,0,0,0,0,400
org.mudebug.prapr.mutators.RelationalOperatorReplacement_0,4314500,5358,0,0,0,0,0,36,718
org.mudebug.prapr.mutators.MethCallResultGuard_1,4314538,1245,0,0,0,0,0,0,718
org.mudebug.prapr.mutators.RelationalOperatorReplacement_3,4314540,1082,0,0,0,0,0,0,836
org.mudebug.prapr.mutators.MethCallResultGuard_0,4314542,1043,0,0,0,0,0,0,270
org.mudebug.prapr.mutators.ReturningDereferenceGuardMutator_3,4314544,6684,0,0,0,0,0,4,695
org.mudebug.prapr.mutators.ReturningDereferenceGuardMutator_4,4314550,6684,0,0,0,0,0,0,703
org.mudebug.prapr.mutators.FieldNameMutator_3,4314552,1777,0,0,0,0,0,0,749
org.mudebug.prapr.mutators.ArgumentListMutator_5,4314554,5356,0,0,0,0,0,0,425
org.pitest.mutationtest.engine.gregor.mutators.NonVoidMethodCallMutator,4314556,7061,0,0,0,0,0,1944,573
org.mudebug.prapr.mutators.FieldAccessToMethodCallMutator_1,4316502,4411,0,0,0,0,0,3380,484
org.mudebug.prapr.mutators.MethodNameMutator_5,4319884,5356,0,0,1,1,1,2571,344
org.pitest.mutationtest.engine.gregor.mutators.RemoveConditionalMutator_EQUAL_IF,4322457,3388,0,0,0,0,0,28,80
org.mudebug.prapr.mutators.LocalToFieldAccessMutator_2,4322487,6688,0,0,0,1,1,3557,765
org.mudebug.prapr.mutators.FieldAccessToMethodCallMutator_3,4326046,1777,0,0,0,0,0,0,677
org.mudebug.prapr.mutators.MethCallResultGuard_0,4326048,348,0,0,0,0,0,0,557
org.pitest.mutationtest.engine.gregor.mutators.experimental.RemoveSwitchMutator_10,4326050,495,0,0,0,0,0,103,119
org.mudebug.prapr.mutators.LocalNameMutator_1,4326155,5356,0,0,0,0,0,2,490
org.pitest.mutationtest.engine.gregor.mutators.experimental.RemoveSwitchMutator_6,4326159,3584,0,0,0,0,0,2,901
org.mudebug.prapr.mutators.FieldNameMutator_2,4326163,6678,0,0,1,1,1,5445,602
org.pitest.mutationtest.engine.gregor.mutators.ConstructorCallMutator,4331610,1082,0,0,1,1,1,5191,834
org.mudebug.prapr.mutators.MethCallResultGuard_0,4336803,1234,0,0,0,0,0,0,276
org.pitest.mutationtest.engine.gregor.mutators.VoidMethodCallMutator,4336805,7060,0,0,0,0,0,1900,569
org.mudebug.prapr.mutators.FieldAccessToMethodCallMutator_2,4338707,1053,0,0,1,1,1,4579,439
org.mudebug.prapr.mutators.FieldAccessToMethodCallMutator_1,4343288,6721,0,0,0,0,0,1,1331
org.mudebug.prapr.mutators.LocalToFieldAccessMutator_3,4343291,6728,0,0,1,1,1,2818,1418
org.pitest.mutationtest.engine.gregor.mutators.RemoveConditionalMutator_EQUAL_ELSE,4346111,4423,0,0,0,0,0,0,615
org.mudebug.prapr.mutators.VoidMethodCallGuardMutator,4346116,4413,0,0,0,0,0,5,524
org.mudebug.prapr.mutators.MethodNameMutator_3,4346123,551,0,0,0,0,0,17,212
org.mudebug.prapr.mutators.MethCallResultGuard_2,4346144,6689,0,0,0,1,1,0,781
org.pitest.mutationtest.engine.gregor.mutators.ConstructorCallMutator,4346146,6662,0,0,1,1,1,2403,512
org.pitest.mutationtest.engine.gregor.mutators.NonVoidMethodCallMutator,4348551,347,0,0,0,0,0,6,522
org.pitest.mutationtest.engine.gregor.mutators.experimental.MemberVariableMutator,4348559,6168,0,0,1,1,1,2868,492
org.mudebug.prapr.mutators.ArgumentListMutator_0,4351429,5362,0,0,1,1,1,2661,823
org.pitest.mutationtest.engine.gregor.mutators.NonVoidMethodCallMutator,4354095,6728,0,0,0,1,1,2809,1409
org.mudebug.prapr.mutators.FieldAccessToMethodCallMutator_0,4356906,1777,0,0,0,0,0,41,722
org.mudebug.prapr.mutators.MethCallResultGuard_0,4356949,348,0,0,0,0,0,0,558
org.mudebug.prapr.mutators.DereferenceGuardMutator_0,4356951,7302,0,0,0,0,0,0,110
org.mudebug.prapr.mutators.ArgumentListMutator_4,4356953,3385,0,0,1,1,1,207,47
org.mudebug.prapr.mutators.RelationalOperatorReplacement_3,4357162,7204,0,0,0,0,0,7,135
org.mudebug.prapr.mutators.DereferenceGuardMutator_3,4357171,7627,0,0,0,0,0,0,159
org.mudebug.prapr.mutators.DereferenceGuardMutator_0,4357173,5219,0,0,0,0,0,5,181
org.pitest.mutationtest.engine.gregor.mutators.InlineConstantMutator,4357180,1540,0,0,0,1,1,211,53
org.mudebug.prapr.mutators.MethodNameMutator_0,4357393,1231,0,0,1,1,1,59,98
org.mudebug.prapr.mutators.MethCallResultGuard_1,4357454,1053,0,0,0,0,0,130,442
org.mudebug.prapr.mutators.LocalToFieldAccessMutator_0,4357586,7108,0,0,0,0,0,15,1155
org.mudebug.prapr.mutators.ReturningDereferenceGuardMutator_4,4357603,554,0,0,0,0,0,5,272
org.pitest.mutationtest.engine.gregor.mutators.experimental.RemoveSwitchMutator_1,4357610,242,0,0,0,0,0,2,150
org.mudebug.prapr.mutators.LocalToFieldAccessMutator_2,4357617,6687,0,0,1,1,1,5365,758
org.mudebug.prapr.mutators.FieldAccessToMethodCallMutator_1,4362984,6744,0,0,0,1,1,680,1894
org.mudebug.prapr.mutators.RelationalOperatorReplacement_3,4363666,1564,0,0,0,0,0,189,262
org.mudebug.prapr.mutators.FieldAccessToMethodCallMutator_4,4363857,6683,0,0,1,1,1,908,683
org.mudebug.prapr.mutators.VoidMethodCallGuardMutator,4364767,6695,0,0,0,0,0,5,831
org.mudebug.prapr.mutators.ArgumentListMutator_3,4364774,5355,0,0,1,1,1,2868,72
org.mudebug.prapr.mutators.MethCallResultGuard_1,4367644,7247,0,0,0,0,0,0,602
org.pitest.mutationtest.engine.gregor.mutators.BooleanFalseReturnValsMutator,4367646,7358,0,0,0,0,0,97,153
org.pitest.mutationtest.engine.gregor.mutators.NonVoidMethodCallMutator,4367752,7058,0,0,1,1,1,5538,420
org.mudebug.prapr.mutators.FieldNameMutator_5,4373292,1777,0,0,0,0,0,0,696
org.pitest.mutationtest.engine.gregor.mutators.experimental.RemoveSwitchMutator_81,4373294,555,0,0,0,0,0,0,872
org.mudebug.prapr.mutators.FieldNameMutator_0,4373296,1777,0,0,0,0,0,0,651
org.mudebug.prapr.mutators.LocalToFieldAccessMutator_0,4373298,6714,0,0,0,1,1,165,1161
org.pitest.mutationtest.engine.gregor.mutators.experimental.RemoveSwitchMutator_35,4373473,6415,0,0,0,0,0,0,273
org.mudebug.prapr.mutators.FieldNameMutator_1,4373477,3558,0,0,0,1,1,99,140
org.mudebug.prapr.mutators.FieldAccessToMethodCallMutator_2,4373578,6742,0,0,1,1,1,2939,1853
org.mudebug.prapr.mutators.MethodNameMutator_3,4376519,6706,0,0,0,1,1,8,932
org.pitest.mutationtest.engine.gregor.mutators.ArgumentPropagationMutator,4376529,5356,0,0,0,1,1,71,435
org.pitest.mutationtest.engine.gregor.mutators.VoidMethodCallMutator,4376602,370,0,0,0,0,0,0,817
org.mudebug.prapr.mutators.FieldNameMutator_4,4376604,1777,0,0,0,0,0,5,652
org.pitest.mutationtest.engine.gregor.mutators.ArgumentPropagationMutator,4376611,3711,0,0,0,0,0,1,72
org.mudebug.prapr.mutators.NonVoidMethodCallGuardMutator_0,4376614,1234,0,0,0,0,0,0,302
org.mudebug.prapr.mutators.LocalToFieldAccessMutator_0,4376616,6690,0,0,0,1,1,2579,792
org.mudebug.prapr.mutators.LocalNameMutator_0,4379197,5356,0,0,0,0,0,87,515
org.mudebug.prapr.mutators.LocalToFieldAccessMutator_1,4379286,6692,0,0,0,0,0,602,808
org.pitest.mutationtest.engine.gregor.mutators.ConstructorCallMutator,4379890,517,0,0,1,1,1,5288,103
org.pitest.mutationtest.engine.gregor.mutators.experimental.MemberVariableMutator,4385180,6650,0,0,1,1,1,5298,369
org.pitest.mutationtest.engine.gregor.mutators.InlineConstantMutator,4390480,4626,0,0,0,0,0,2,83
org.pitest.mutationtest.engine.gregor.mutators.experimental.RemoveSwitchMutator_89,4390484,5356,0,0,0,0,0,0,117
org.mudebug.prapr.mutators.FieldAccessToMethodCallMutator_3,4390486,6723,0,0,1,1,1,4960,1346
org.mudebug.prapr.mutators.MethCallResultGuard_2,4395448,6728,0,0,0,0,0,599,1421
org.mudebug.prapr.mutators.LocalToFieldAccessMutator_3,4396049,6728,0,0,1,1,1,2822,1407
org.mudebug.prapr.mutators.ArgumentListMutator_4,4398876,5212,0,0,0,0,0,0,64
org.mudebug.prapr.mutators.LocalToFieldAccessMutator_1,4398878,1106,0,0,0,0,0,2,1146
org.mudebug.prapr.mutators.MethCallResultGuard_1,4398882,7058,0,0,0,0,0,5,425
org.pitest.mutationtest.engine.gregor.mutators.RemoveConditionalMutator_EQUAL_IF,4398889,1083,0,0,1,1,1,5191,844
org.mudebug.prapr.mutators.FieldAccessToMethodCallMutator_0,4404082,4159,0,0,1,1,1,4578,103
org.mudebug.prapr.mutators.FieldNameMutator_4,4408662,1101,0,0,0,0,0,22,1020
org.mudebug.prapr.mutators.RelationalOperatorReplacement_1,4408686,7302,0,0,0,0,0,1950,102
org.mudebug.prapr.mutators.MethCallResultGuard_0,4410638,362,0,0,0,0,0,0,707
org.pitest.mutationtest.engine.gregor.mutators.RemoveConditionalMutator_EQUAL_IF,4410640,3611,0,0,0,0,0,0,1331
org.mudebug.prapr.mutators.ReturningDereferenceGuardMutator_0,4410642,6668,0,0,0,0,0,0,536
org.mudebug.prapr.mutators.FieldNameMutator_0,4410644,6723,0,0,1,1,1,4867,1346
org.mudebug.prapr.mutators.FieldNameMutator_1,4415513,1777,0,0,0,0,0,0,663
org.pitest.mutationtest.engine.gregor.mutators.InlineConstantMutator,4415515,7108,0,0,1,1,1,5538,1153
org.mudebug.prapr.mutators.DereferenceGuardMutator_0,4421055,1119,0,0,0,0,0,0,1439
org.mudebug.prapr.mutators.MethCallResultGuard_0,4421057,350,0,0,0,0,0,0,584
org.mudebug.prapr.mutators.ArgumentListMutator_1,4421059,4152,0,0,0,0,0,5,54
org.mudebug.prapr.mutators.ReturningDereferenceGuardMutator_1,4421066,2459,0,0,0,0,0,5,64
org.mudebug.prapr.mutators.ArgumentListMutator_4,4421073,4391,0,0,1,1,1,5226,196
org.mudebug.prapr.mutators.LocalNameMutator_0,4426301,242,0,0,1,1,1,4269,157
org.mudebug.prapr.mutators.ArgumentListMutator_3,4430581,6710,0,0,1,1,1,11,1067
org.pitest.mutationtest.engine.gregor.mutators.VoidMethodCallMutator,4430594,517,0,0,0,0,0,1393,96
org.mudebug.prapr.mutators.LocalNameMutator_0,4431989,7058,0,0,0,0,0,2262,444
org.mudebug.prapr.mutators.MethCallResultGuard_0,4434253,3388,0,0,0,0,0,0,71
org.pitest.mutationtest.engine.gregor.mutators.experimental.RemoveSwitchMutator_5,4434255,555,0,0,0,0,0,0,872
org.pitest.mutationtest.engine.gregor.mutators.NegateConditionalsMutator,4434257,5359,0,0,0,1,1,9,794
org.mudebug.prapr.mutators.FieldNameMutator_2,4434268,7063,0,0,0,0,0,146,602
org.mudebug.prapr.mutators.MethodNameMutator_4,4434416,7205,0,0,1,1,1,5538,140
org.mudebug.prapr.mutators.NonVoidMethodCallGuardMutator_0,4439956,1053,0,0,0,0,0,5,432
org.mudebug.prapr.mutators.FieldNameMutator_0,4439963,1777,0,0,0,0,0,0,634
org.mudebug.prapr.mutators.FieldAccessToMethodCallMutator_0,4439965,7380,0,0,1,1,1,5543,397
org.mudebug.prapr.mutators.ArgumentListMutator_0,4445510,7109,0,0,1,1,1,5538,1174
org.pitest.mutationtest.engine.gregor.mutators.ArgumentPropagationMutator,4451050,7490,0,0,0,0,0,325,246
org.mudebug.prapr.mutators.NonVoidMethodCallGuardMutator_0,4451377,334,0,0,0,0,0,0,382
org.mudebug.prapr.mutators.DereferenceGuardMutator_3,4451379,2459,0,0,0,0,0,0,58
org.mudebug.prapr.mutators.LocalNameMutator_2,4451381,3388,0,0,0,0,0,0,80
org.mudebug.prapr.mutators.MethCallResultGuard_1,4451383,2459,0,0,0,0,0,5,58
org.mudebug.prapr.mutators.ReturningDereferenceGuardMutator_3,4451390,4627,0,0,0,0,0,0,94
org.mudebug.prapr.mutators.FieldToLocalAccessMutator_0,4451392,6652,0,0,1,1,1,5084,389
org.pitest.mutationtest.engine.gregor.mutators.VoidMethodCallMutator,4456478,517,0,0,0,0,0,0,92
org.mudebug.prapr.mutators.ReturningDereferenceGuardMutator_0,4456480,1047,0,0,0,0,0,0,339
org.mudebug.prapr.mutators.FieldNameMutator_3,4456482,1777,0,0,0,0,0,0,758
org.mudebug.prapr.mutators.MethodNameMutator_3,4456484,7215,0,0,0,0,0,2194,128
org.mudebug.prapr.mutators.LocalToFieldAccessMutator_1,4458680,547,0,0,1,1,1,221,168
org.mudebug.prapr.mutators.ReturningDereferenceGuardMutator_3,4458903,7303,0,0,0,0,0,0,160
org.mudebug.prapr.mutators.FieldNameMutator_0,4458905,1106,0,0,1,1,1,2980,1095
org.mudebug.prapr.mutators.MethodNameMutator_1,4461891,6973,0,0,0,0,0,12,71
org.mudebug.prapr.mutators.MethCallResultGuard_2,4461905,7764,0,0,1,1,1,5424,461
org.mudebug.prapr.mutators.FieldAccessToMethodCallMutator_2,4467331,6674,0,0,1,1,1,1029,560
org.mudebug.prapr.mutators.ReturningDereferenceGuardMutator_0,4468362,1119,0,0,0,0,0,0,1439
org.mudebug.prapr.mutators.FieldNameMutator_4,4468364,7059,0,0,0,0,0,2,557
org.pitest.mutationtest.engine.gregor.mutators.NegateConditionalsMutator,4468368,6687,0,0,1,1,1,5365,756
org.pitest.mutationtest.engine.gregor.mutators.BooleanFalseReturnValsMutator,4473735,931,0,0,0,0,0,5,633
org.pitest.mutationtest.engine.gregor.mutators.RemoveConditionalMutator_EQUAL_ELSE,4473742,1106,0,0,0,0,0,0,1174
org.mudebug.prapr.mutators.ReturningDereferenceGuardMutator_1,4473744,705,0,0,0,0,0,5,65
org.mudebug.prapr.mutators.RelationalOperatorReplacement_2,4473751,547,0,0,0,0,0,92,161
org.pitest.mutationtest.engine.gregor.mutators.RemoveConditionalMutator_EQUAL_ELSE,4473845,5356,0,0,0,0,0,1,106
org.mudebug.prapr.mutators.ReturningDereferenceGuardMutator_2,4473848,705,0,0,0,0,0,0,57
org.pitest.mutationtest.engine.gregor.mutators.experimental.RemoveSwitchMutator_42,4473850,495,0,0,0,0,0,40,119
org.mudebug.prapr.mutators.FieldNameMutator_3,4473892,1777,0,0,0,0,0,0,737
org.pitest.mutationtest.engine.gregor.mutators.RemoveConditionalMutator_EQUAL_ELSE,4473894,6686,0,0,1,1,1,5093,742
org.mudebug.prapr.mutators.LocalNameMutator_0,4478989,7058,0,0,0,0,0,102,314
org.mudebug.prapr.mutators.MethodNameMutator_0,4479093,5356,0,0,0,0,0,0,344
org.mudebug.prapr.mutators.NonVoidMethodCallGuardMutator_0,4479095,6691,0,0,0,0,0,0,800
org.mudebug.prapr.mutators.FieldToLocalAccessMutator_2,4479097,6684,0,0,1,1,1,761,705
org.mudebug.prapr.mutators.FieldAccessToMethodCallMutator_1,4479860,6651,0,0,0,0,0,29,385
org.pitest.mutationtest.engine.gregor.mutators.NegateConditionalsMutator,4479891,6706,0,0,1,1,1,59,930
org.pitest.mutationtest.engine.gregor.mutators.InlineConstantMutator,4479952,5359,0,0,0,0,0,3,794
org.pitest.mutationtest.engine.gregor.mutators.experimental.MemberVariableMutator,4479957,1038,0,0,0,0,0,38,151
org.mudebug.prapr.mutators.NonVoidMethodCallGuardMutator_0,4479997,7303,0,0,0,0,0,0,167
org.mudebug.prapr.mutators.MethodNameMutator_2,4479999,7086,0,0,0,0,0,0,892
org.pitest.mutationtest.engine.gregor.mutators.ArgumentPropagationMutator,4480001,1234,0,0,0,1,1,2,312
org.mudebug.prapr.mutators.LocalToFieldAccessMutator_3,4480005,6711,0,0,1,1,1,5365,1129
org.mudebug.prapr.mutators.DereferenceGuardMutator_4,4485372,7064,0,0,0,0,0,5,619
org.mudebug.prapr.mutators.MethodNameMutator_0,4485379,7382,0,0,0,0,0,0,431
org.pitest.mutationtest.engine.gregor.mutators.InlineConstantMutator,4485381,5191,0,0,0,0,0,263,78
org.mudebug.prapr.mutators.FieldNameMutator_1,4485646,7613,0,0,0,0,0,0,61
org.mudebug.prapr.mutators.LocalNameMutator_0,4485648,1234,0,0,1,1,1,3,313
org.mudebug.prapr.mutators.MethodNameMutator_3,4485653,6931,0,0,0,0,0,108,852
org.mudebug.prapr.mutators.MethodNameMutator_5,4485763,7233,0,0,0,0,0,6,297
org.pitest.mutationtest.engine.gregor.mutators.experimental.RemoveSwitchMutator_74,4485771,555,0,0,0,0,0,0,872
org.pitest.mutationtest.engine.gregor.mutators.experimental.RemoveSwitchMutator_85,4485773,495,0,0,0,0,0,55,119
org.pitest.mutationtest.engine.gregor.mutators.experimental.NakedReceiverMutator,4485830,247,0,0,1,1,1,4044,239
org.pitest.mutationtest.engine.gregor.mutators.experimental.NakedReceiverMutator,4489876,5356,0,0,1,1,1,2566,344
org.pitest.mutationtest.engine.gregor.mutators.NonVoidMethodCallMutator,4492444,5356,0,0,0,0,0,0,425
org.mudebug.prapr.mutators.MethodNameMutator_0,4492446,7382,0,0,0,0,0,127,442
org.pitest.mutationtest.engine.gregor.mutators.NegateConditionalsMutator,4492575,1564,0,0,0,0,0,205,262
org.mudebug.prapr.mutators.RelationalOperatorReplacement_3,4492782,6686,0,0,1,1,1,5082,742
org.mudebug.prapr.mutators.ReturningDereferenceGuardMutator_0,4497866,5356,0,0,0,0,0,0,94
org.mudebug.prapr.mutators.ArgumentListMutator_3,4497868,5212,0,0,0,0,0,0,60
org.mudebug.prapr.mutators.DereferenceGuardMutator_1,4497874,6684,0,0,0,0,0,0,705
org.mudebug.prapr.mutators.ArgumentListMutator_4,4497876,6725,0,0,0,1,1,0,1369
org.mudebug.prapr.mutators.ReturningDereferenceGuardMutator_1,4497878,7057,0,0,0,0,0,0,231
org.pitest.mutationtest.engine.gregor.mutators.NonVoidMethodCallMutator,4497880,247,0,0,0,0,0,0,242
org.pitest.mutationtest.engine.gregor.mutators.EmptyObjectReturnValsMutator,4497882,7343,0,0,0,0,0,1765,97
org.mudebug.prapr.mutators.RelationalOperatorReplacement_1,4499649,7302,0,0,0,0,0,0,134
org.mudebug.prapr.mutators.LocalToFieldAccessMutator_2,4499651,1048,0,0,1,1,1,4574,350
org.pitest.mutationtest.engine.gregor.mutators.RemoveConditionalMutator_EQUAL_IF,4504227,7382,0,0,0,0,0,221,415
org.mudebug.prapr.mutators.DereferenceGuardMutator_3,4504450,3497,0,0,0,0,0,0,421
org.mudebug.prapr.mutators.RelationalOperatorReplacement_0,4504452,1563,0,0,0,0,0,46,251
org.mudebug.prapr.mutators.FieldNameMutator_1,4504500,6168,0,0,0,0,0,0,477
org.mudebug.prapr.mutators.ReturningDereferenceGuardMutator_0,4504502,6689,0,0,0,0,0,0,779
org.pitest.mutationtest.engine.gregor.mutators.InlineConstantMutator,4504504,1777,0,0,0,0,0,5,707
org.mudebug.prapr.mutators.NonVoidMethodCallGuardMutator_0,4504511,3514,0,0,0,0,0,0,967
org.mudebug.prapr.mutators.FieldNameMutator_5,4504513,7059,0,0,0,0,0,1748,561
org.mudebug.prapr.mutators.LocalToFieldAccessMutator_0,4506263,6706,0,0,1,1,1,49,973
org.pitest.mutationtest.engine.gregor.mutators.NonVoidMethodCallMutator,4506314,7232,0,0,0,0,0,0,273
org.mudebug.prapr.mutators.DereferenceGuardMutator_4,4506316,6723,0,0,0,0,0,0,1346
org.pitest.mutationtest.engine.gregor.mutators.NegateConditionalsMutator,4506318,5209,0,0,0,0,0,9,288
org.mudebug.prapr.mutators.MethodNameMutator_0,4506329,7255,0,0,0,0,0,25,757
org.mudebug.prapr.mutators.FieldNameMutator_0,4506356,7059,0,0,0,0,0,7,556
org.pitest.mutationtest.engine.gregor.mutators.experimental.MemberVariableMutator,4506365,6669,0,0,1,1,1,1523,540
org.pitest.mutationtest.engine.gregor.mutators.experimental.RemoveSwitchMutator_40,4507890,6649,0,0,1,1,1,20,175
org.mudebug.prapr.mutators.MethodNameMutator_1,4507912,3416,0,0,0,1,1,4448,77
org.mudebug.prapr.mutators.ArgumentListMutator_2,4512362,7059,0,0,1,1,1,5538,550
org.mudebug.prapr.mutators.LocalNameMutator_0,4517902,347,0,0,1,1,1,4299,551
org.pitest.mutationtest.engine.gregor.mutators.NegateConditionalsMutator,4522203,7302,0,0,0,0,0,438,134
org.mudebug.prapr.mutators.ArgumentListMutator_4,4522643,7058,0,0,0,0,0,1,527
org.pitest.mutationtest.engine.gregor.mutators.InlineConstantMutator,4522646,6713,0,0,0,0,0,47,1149
org.mudebug.prapr.mutators.LocalToFieldAccessMutator_0,4522695,7490,0,0,0,0,0,9,246
org.mudebug.prapr.mutators.ReturningDereferenceGuardMutator_0,4522706,3417,0,0,0,0,0,0,100
org.mudebug.prapr.mutators.LocalToFieldAccessMutator_2,4522708,6704,0,0,1,1,1,49,908
org.mudebug.prapr.mutators.FieldAccessToMethodCallMutator_0,4522759,3489,0,0,0,0,0,0,255
org.pitest.mutationtest.engine.gregor.mutators.experimental.RemoveSwitchMutator_72,4522761,6415,0,0,0,0,0,0,273
org.mudebug.prapr.mutators.ArgumentListMutator_4,4522763,7058,0,0,0,0,0,17,317
org.mudebug.prapr.mutators.ReturningDereferenceGuardMutator_4,4522782,5358,0,0,0,0,0,0,741
org.mudebug.prapr.mutators.ArgumentListMutator_1,4522784,3385,0,0,1,1,1,207,47
org.mudebug.prapr.mutators.RelationalOperatorReplacement_3,4522993,3563,0,0,0,0,0,5,307
org.mudebug.prapr.mutators.DereferenceGuardMutator_0,4523000,348,0,0,0,0,0,0,556
org.mudebug.prapr.mutators.LocalToFieldAccessMutator_3,4523002,6728,0,0,1,1,1,2820,1418
org.mudebug.prapr.mutators.ReturningDereferenceGuardMutator_3,4525824,6684,0,0,0,0,0,4,705
org.mudebug.prapr.mutators.FieldNameMutator_2,4525830,1777,0,0,0,0,0,42,659
org.mudebug.prapr.mutators.FieldNameMutator_5,4525874,7059,0,0,0,0,0,27,564
org.mudebug.prapr.mutators.FieldAccessToMethodCallMutator_4,4525903,1777,0,0,0,0,0,0,750
org.pitest.mutationtest.engine.gregor.mutators.NonVoidMethodCallMutator,4525905,4679,0,0,0,0,0,26,115
org.pitest.mutationtest.engine.gregor.mutators.ReturnValsMutator,4525933,7618,0,0,1,1,1,5538,97
org.mudebug.prapr.mutators.ArgumentListMutator_0,4531473,3249,0,0,1,1,1,4757,97
org.pitest.mutationtest.engine.gregor.mutators.RemoveConditionalMutator_EQUAL_ELSE,4536232,6931,0,0,0,0,0,922,848
org.mudebug.prapr.mutators.ReturningDereferenceGuardMutator_0,4537156,6728,0,0,0,0,0,0,1420
org.mudebug.prapr.mutators.ArgumentListMutator_0,4537158,4391,0,0,1,1,1,5226,196
org.mudebug.prapr.mutators.MethCallResultGuard_2,4542386,7058,0,0,0,0,0,5,367
org.mudebug.prapr.mutators.LocalToFieldAccessMutator_0,4542393,6899,0,0,0,0,0,2046,331
org.mudebug.prapr.mutators.NonVoidMethodCallGuardMutator_0,4544441,6710,0,0,0,0,0,0,1067
org.pitest.mutationtest.engine.gregor.mutators.VoidMethodCallMutator,4544443,7058,0,0,1,1,1,5538,255
org.mudebug.prapr.mutators.MethodNameMutator_0,4549983,245,0,0,1,1,1,4269,197
org.mudebug.prapr.mutators.FieldNameMutator_3,4554254,1777,0,0,0,0,0,0,692
org.mudebug.prapr.mutators.MethodNameMutator_2,4554256,7215,0,0,0,0,0,2194,128
org.mudebug.prapr.mutators.LocalToFieldAccessMutator_1,4556455,6668,0,0,1,1,1,5624,536
org.mudebug.prapr.mutators.FieldNameMutator_5,4562081,7058,0,0,0,0,0,115,478
org.mudebug.prapr.mutators.FieldNameMutator_1,4562198,6651,0,0,1,1,1,1341,383
org.mudebug.prapr.mutators.MethodNameMutator_5,4563541,517,0,0,0,0,0,448,97
org.mudebug.prapr.mutators.FieldNameMutator_2,4563991,1777,0,0,0,0,0,0,663
org.mudebug.prapr.mutators.LocalNameMutator_1,4563993,1234,0,0,1,1,1,12,276
org.pitest.mutationtest.engine.gregor.mutators.NonVoidMethodCallMutator,4564007,5356,0,0,0,0,0,2,103
org.mudebug.prapr.mutators.ArgumentListMutator_0,4564011,7215,0,0,0,0,0,0,130
org.mudebug.prapr.mutators.MethodNameMutator_0,4564013,1106,0,0,0,0,0,0,1102
org.mudebug.prapr.mutators.MethCallResultGuard_0,4564015,1087,0,0,0,0,0,0,878
org.mudebug.prapr.mutators.MethodNameMutator_2,4564017,1248,0,0,1,1,1,59,867
org.mudebug.prapr.mutators.LocalNameMutator_0,4564078,7189,0,0,0,0,0,10,489
org.mudebug.prapr.mutators.MethCallResultGuard_1,4564090,6706,0,0,0,0,0,0,977
org.mudebug.prapr.mutators.RelationalOperatorReplacement_0,4564092,5356,0,0,0,0,0,0,425
org.mudebug.prapr.mutators.FieldNameMutator_0,4564094,5378,0,0,0,0,0,28,1083
org.mudebug.prapr.mutators.FieldNameMutator_1,4564124,7059,0,0,0,0,0,0,549
org.mudebug.prapr.mutators.DereferenceGuardMutator_4,4564126,6737,0,0,0,0,0,0,1783
org.mudebug.prapr.mutators.RelationalOperatorReplacement_3,4564128,6931,0,0,0,0,0,103,852
org.mudebug.prapr.mutators.MethodNameMutator_5,4564233,1234,0,0,1,1,1,33,271
org.pitest.mutationtest.engine.gregor.mutators.experimental.MemberVariableMutator,4564268,1777,0,0,0,0,0,0,751
org.mudebug.prapr.mutators.MethodNameMutator_6,4564270,5356,0,0,0,0,0,8,215
org.mudebug.prapr.mutators.MethodNameMutator_6,4564280,551,0,0,1,1,1,4299,212
org.pitest.mutationtest.engine.gregor.mutators.ReturnValsMutator,4568581,7381,0,0,0,0,0,1946,405
org.mudebug.prapr.mutators.MethodNameMutator_9,4570529,3564,0,0,0,1,1,43,364
org.pitest.mutationtest.engine.gregor.mutators.RemoveConditionalMutator_EQUAL_ELSE,4570574,6652,0,0,1,1,1,5084,389
org.mudebug.prapr.mutators.LocalToFieldAccessMutator_0,4575660,6669,0,0,1,1,1,3688,540
org.mudebug.prapr.mutators.FieldNameMutator_1,4579350,7058,0,0,1,1,1,5538,399
org.pitest.mutationtest.engine.gregor.mutators.experimental.RemoveSwitchMutator_37,4584890,5356,0,0,0,0,0,81,117
org.mudebug.prapr.mutators.LocalToFieldAccessMutator_0,4584973,6678,0,0,1,1,1,4630,610
org.pitest.mutationtest.engine.gregor.mutators.VoidMethodCallMutator,4589605,5353,0,0,0,1,1,215,64
org.mudebug.prapr.mutators.ArithmeticOperatorReplacement_7,4589822,6713,0,0,0,1,1,105,1152
org.mudebug.prapr.mutators.FieldNameMutator_2,4589929,1777,0,0,0,0,0,84,636
org.pitest.mutationtest.engine.gregor.mutators.ConstructorCallMutator,4590015,7058,0,0,1,1,1,5538,371
org.mudebug.prapr.mutators.RelationalOperatorReplacement_2,4595555,6388,0,0,1,1,1,1317,265
org.mudebug.prapr.mutators.MethodNameMutator_3,4596874,551,0,0,0,0,0,0,212
org.pitest.mutationtest.engine.gregor.mutators.NonVoidMethodCallMutator,4596876,1234,0,0,1,1,1,3,310
org.mudebug.prapr.mutators.ArgumentListMutator_1,4596881,6706,0,0,0,1,1,8,966
org.mudebug.prapr.mutators.FieldNameMutator_0,4596891,7059,0,0,0,0,0,2,552
org.mudebug.prapr.mutators.LocalToFieldAccessMutator_2,4596895,6742,0,0,1,1,1,2939,1852
org.mudebug.prapr.mutators.ReturningDereferenceGuardMutator_4,4599836,6678,0,0,0,0,0,5,603
org.mudebug.prapr.mutators.RelationalOperatorReplacement_2,4599843,6691,0,0,0,1,1,2258,800
org.pitest.mutationtest.engine.gregor.mutators.VoidMethodCallMutator,4602103,5356,0,0,0,0,0,0,215
org.pitest.mutationtest.engine.gregor.mutators.NonVoidMethodCallMutator,4602105,7200,0,0,0,0,0,2386,105
org.pitest.mutationtest.engine.gregor.mutators.experimental.RemoveSwitchMutator_68,4604493,495,0,0,0,0,0,0,119
org.mudebug.prapr.mutators.ReturningDereferenceGuardMutator_1,4604495,343,0,0,0,0,0,0,464
org.pitest.mutationtest.engine.gregor.mutators.MathMutator,4604497,6713,0,0,0,0,0,75,1152
org.mudebug.prapr.mutators.FieldNameMutator_0,4604574,1106,0,0,1,1,1,2758,1199
org.mudebug.prapr.mutators.MethodNameMutator_1,4607334,5358,0,0,0,0,0,1,766
org.mudebug.prapr.mutators.LocalToFieldAccessMutator_0,4607337,7241,0,0,0,0,0,23,429
org.mudebug.prapr.mutators.MethCallResultGuard_0,4607364,5354,0,0,0,0,0,0,68
org.mudebug.prapr.mutators.LocalToFieldAccessMutator_0,4607366,6711,0,0,0,1,1,2701,1133
org.mudebug.prapr.mutators.FieldNameMutator_4,4610069,7215,0,0,0,0,0,105,137
org.pitest.mutationtest.engine.gregor.mutators.RemoveConditionalMutator_EQUAL_ELSE,4610176,7507,0,0,1,1,1,5538,479
org.mudebug.prapr.mutators.LocalToFieldAccessMutator_0,4615716,6713,0,0,0,0,0,75,1152
org.mudebug.prapr.mutators.FieldNameMutator_0,4615793,6651,0,0,1,1,1,3670,382
org.mudebug.prapr.mutators.NonVoidMethodCallGuardMutator_0,4619465,1245,0,0,0,0,0,0,719
org.mudebug.prapr.mutators.ReturningDereferenceGuardMutator_0,4619467,6723,0,0,0,0,0,0,1346
org.pitest.mutationtest.engine.gregor.mutators.VoidMethodCallMutator,4619469,5356,0,0,0,1,1,86,498
org.mudebug.prapr.mutators.FieldNameMutator_3,4619557,5378,0,0,0,0,0,1,1083
org.mudebug.prapr.mutators.FieldNameMutator_1,4619560,7059,0,0,0,0,0,0,559
org.mudebug.prapr.mutators.FieldNameMutator_4,4619562,7058,0,0,0,0,0,2264,515
org.mudebug.prapr.mutators.MethCallResultGuard_0,4621828,3558,0,0,0,0,0,0,114
org.mudebug.prapr.mutators.DereferenceGuardMutator_0,4621830,7302,0,0,0,0,0,0,124
org.pitest.mutationtest.engine.gregor.mutators.RemoveConditionalMutator_EQUAL_IF,4621832,1134,0,0,0,0,0,0,1638
org.mudebug.prapr.mutators.ReturningDereferenceGuardMutator_0,4621834,5214,0,0,0,0,0,5,112
org.mudebug.prapr.mutators.FieldNameMutator_5,4621841,1777,0,0,0,0,0,0,672
org.mudebug.prapr.mutators.NonVoidMethodCallGuardMutator_0,4621843,7497,0,0,0,0,0,0,377
org.mudebug.prapr.mutators.RelationalOperatorReplacement_2,4621845,7303,0,0,0,0,0,1983,158
org.mudebug.prapr.mutators.LocalNameMutator_0,4623830,3392,0,0,0,0,0,0,301
org.pitest.mutationtest.engine.gregor.mutators.experimental.MemberVariableMutator,4623832,1777,0,0,0,0,0,52,658
org.mudebug.prapr.mutators.ArgumentListMutator_2,4623886,1106,0,0,1,1,1,2980,1095
org.mudebug.prapr.mutators.ArgumentListMutator_2,4626868,1042,0,0,1,1,1,5291,242
org.mudebug.prapr.mutators.ArithmeticOperatorReplacement_7,4632161,347,0,0,0,0,0,28,520
org.pitest.mutationtest.engine.gregor.mutators.RemoveConditionalMutator_EQUAL_IF,4632191,7302,0,0,0,0,0,8,105
org.mudebug.prapr.mutators.LocalToFieldAccessMutator_0,4632201,6711,0,0,1,1,1,5365,1133
org.pitest.mutationtest.engine.gregor.mutators.RemoveConditionalMutator_EQUAL_ELSE,4637568,3417,0,0,0,0,0,1,96
org.pitest.mutationtest.engine.gregor.mutators.experimental.RemoveSwitchMutator_11,4637571,5356,0,0,0,0,0,0,117
org.mudebug.prapr.mutators.FieldNameMutator_0,4637573,7057,0,0,0,0,0,5,227
org.mudebug.prapr.mutators.FieldAccessToMethodCallMutator_0,4637580,6652,0,0,1,1,1,3747,401
org.pitest.mutationtest.engine.gregor.mutators.NegateConditionalsMutator,4641329,7557,0,0,0,0,0,75,76
org.mudebug.prapr.mutators.LocalToFieldAccessMutator_1,4641406,6683,0,0,0,0,0,12,686
org.mudebug.prapr.mutators.DereferenceGuardMutator_1,4641420,6674,0,0,0,0,0,0,563
org.mudebug.prapr.mutators.RelationalOperatorReplacement_3,4641422,7250,0,0,0,0,0,0,662
org.mudebug.prapr.mutators.RelationalOperatorReplacement_2,4641424,1236,1,0,0,1,1,20,521
org.pitest.mutationtest.engine.gregor.mutators.RemoveConditionalMutator_EQUAL_ELSE,4641448,1132,0,0,0,0,0,3,1627
org.pitest.mutationtest.engine.gregor.mutators.RemoveConditionalMutator_ORDER_ELSE,4641453,5213,0,0,0,0,0,25,91
org.pitest.mutationtest.engine.gregor.mutators.InlineConstantMutator,4641480,7106,0,0,0,0,0,49,1128
org.mudebug.prapr.mutators.MethCallResultGuard_1,4641531,562,0,0,0,0,0,0,1210
org.mudebug.prapr.mutators.NonVoidMethodCallGuardMutator_0,4641533,7058,0,0,0,0,0,0,317
org.mudebug.prapr.mutators.MethCallResultGuard_1,4641535,4679,0,0,0,0,0,0,115
org.mudebug.prapr.mutators.MethodNameMutator_0,4641537,6698,0,0,0,1,1,126,859
org.mudebug.prapr.mutators.MethodNameMutator_9,4641665,6988,0,0,0,0,0,3,167
org.mudebug.prapr.mutators.LocalToFieldAccessMutator_1,4641670,6713,0,0,0,1,1,2703,1147
org.mudebug.prapr.mutators.LocalNameMutator_1,4644375,7501,0,0,1,1,1,5096,422
org.mudebug.prapr.mutators.RelationalOperatorReplacement_2,4649473,6988,0,0,0,0,0,4,167
org.mudebug.prapr.mutators.MethodNameMutator_1,4649479,7057,0,0,0,0,0,1911,232
org.pitest.mutationtest.engine.gregor.mutators.ArgumentPropagationMutator,4651392,5356,0,0,0,1,1,87,92
org.mudebug.prapr.mutators.RelationalOperatorReplacement_1,4651481,3563,0,0,0,1,1,75,307
org.pitest.mutationtest.engine.gregor.mutators.InlineConstantMutator,4651558,347,0,0,0,0,0,8,505
org.mudebug.prapr.mutators.MethCallResultGuard_2,4651568,3664,0,0,0,0,0,0,2189
org.mudebug.prapr.mutators.LocalToFieldAccessMutator_2,4651570,6728,0,0,0,1,1,2819,1418
org.mudebug.prapr.mutators.DereferenceGuardMutator_4,4654391,7302,0,0,0,0,0,0,110
org.mudebug.prapr.mutators.FieldNameMutator_1,4654393,1245,0,0,0,1,1,14,728
org.mudebug.prapr.mutators.MethCallResultGuard_0,4654409,5356,0,0,0,1,1,232,81
org.pitest.mutationtest.engine.gregor.mutators.experimental.MemberVariableMutator,4654643,1777,0,0,0,0,0,0,678
org.pitest.mutationtest.engine.gregor.mutators.experimental.RemoveSwitchMutator_62,4654645,555,0,0,0,0,0,0,872
org.pitest.mutationtest.engine.gregor.mutators.NullReturnValsMutator,4654647,7203,0,0,0,0,0,2267,130
org.mudebug.prapr.mutators.LocalToFieldAccessMutator_1,4656916,6728,0,0,0,1,1,2533,1421
org.pitest.mutationtest.engine.gregor.mutators.RemoveConditionalMutator_EQUAL_IF,4659451,7383,0,0,1,1,1,5538,456
org.pitest.mutationtest.engine.gregor.mutators.InlineConstantMutator,4664993,7205,0,0,0,0,0,1684,141
org.mudebug.prapr.mutators.RelationalOperatorReplacement_1,4666679,5356,0,0,0,0,0,0,490
org.pitest.mutationtest.engine.gregor.mutators.ConstructorCallMutator,4666681,7058,0,0,1,1,1,5538,254
org.mudebug.prapr.mutators.MethodNameMutator_1,4672221,7233,0,0,0,0,0,1,297
org.mudebug.prapr.mutators.FieldAccessToMethodCallMutator_3,4672224,6674,0,0,1,1,1,1029,560
org.mudebug.prapr.mutators.RelationalOperatorReplacement_1,4673258,244,0,0,1,1,1,2712,176
org.pitest.mutationtest.engine.gregor.mutators.NonVoidMethodCallMutator,4675972,3245,0,0,1,1,1,4748,81
org.mudebug.prapr.mutators.FieldToLocalAccessMutator_1,4680722,3489,0,0,0,0,0,0,251
org.mudebug.prapr.mutators.MethodNameMutator_0,4680724,1234,0,0,1,1,1,33,262
org.mudebug.prapr.mutators.RelationalOperatorReplacement_1,4680759,7064,0,0,0,0,0,0,614
org.mudebug.prapr.mutators.FieldAccessToMethodCallMutator_0,4680764,1777,0,0,0,0,0,0,739
org.mudebug.prapr.mutators.LocalNameMutator_1,4680766,7058,0,0,0,0,0,2257,444
org.mudebug.prapr.mutators.DereferenceGuardMutator_4,4683025,6686,0,0,0,0,0,5,742
org.mudebug.prapr.mutators.VoidMethodCallGuardMutator,4683032,7058,0,0,0,0,0,0,373
org.mudebug.prapr.mutators.ReturningDereferenceGuardMutator_0,4683034,1106,0,0,0,0,0,0,1085
org.mudebug.prapr.mutators.FieldNameMutator_0,4683036,1554,0,0,0,0,0,93,143
org.pitest.mutationtest.engine.gregor.mutators.InlineConstantMutator,4683131,5213,0,0,1,1,1,2868,90
org.mudebug.prapr.mutators.LocalNameMutator_1,4686001,7058,0,0,0,0,0,6,363
org.mudebug.prapr.mutators.MethodNameMutator_1,4686012,6707,0,0,0,1,1,8,1043
org.mudebug.prapr.mutators.DereferenceGuardMutator_3,4686022,7627,0,0,0,0,0,5,159
org.pitest.mutationtest.engine.gregor.mutators.NullReturnValsMutator,4686029,6687,0,0,1,1,1,5365,759
org.mudebug.prapr.mutators.ArgumentListMutator_3,4691396,1082,0,0,0,0,0,0,834
org.mudebug.prapr.mutators.ArgumentListMutator_4,4691398,5209,0,0,0,0,0,5,288
org.pitest.mutationtest.engine.gregor.mutators.NullReturnValsMutator,4691405,362,0,0,1,1,1,696,707
org.mudebug.prapr.mutators.FieldNameMutator_4,4692103,1777,0,0,0,0,0,0,736
org.pitest.mutationtest.engine.gregor.mutators.RemoveConditionalMutator_EQUAL_ELSE,4692105,7382,0,0,0,0,0,198,441
org.mudebug.prapr.mutators.MethodNameMutator_9,4692305,1231,0,0,1,1,1,24,68
org.mudebug.prapr.mutators.MethCallResultGuard_1,4692331,5376,0,0,0,0,0,0,1045
org.mudebug.prapr.mutators.MethCallResultGuard_0,4692333,7058,0,0,0,0,0,0,416
org.mudebug.prapr.mutators.ArgumentListMutator_3,4692335,6678,0,0,0,0,0,0,602
org.mudebug.prapr.mutators.MethodNameMutator_3,4692337,547,0,0,0,0,0,38,161
org.mudebug.prapr.mutators.MethCallResultGuard_0,4692377,6726,0,0,0,0,0,1326,1383
org.mudebug.prapr.mutators.NonVoidMethodCallGuardMutator_0,4693705,244,0,0,0,0,0,0,176
org.mudebug.prapr.mutators.RelationalOperatorReplacement_0,4693707,5356,0,0,0,0,0,0,523
org.mudebug.prapr.mutators.FieldNameMutator_4,4693709,7058,0,0,0,0,0,32,251
org.mudebug.prapr.mutators.ArgumentListMutator_3,4693743,3569,0,0,0,0,0,0,494
org.pitest.mutationtest.engine.gregor.mutators.experimental.NakedReceiverMutator,4693745,4411,0,0,1,1,1,4269,493
org.pitest.mutationtest.engine.gregor.mutators.BooleanTrueReturnValsMutator,4698016,1133,0,0,0,0,0,8,1633
org.pitest.mutationtest.engine.gregor.mutators.VoidMethodCallMutator,4698026,7058,0,0,1,1,1,5226,322
org.mudebug.prapr.mutators.FieldNameMutator_1,4703254,1777,0,0,0,0,0,0,659
org.mudebug.prapr.mutators.FieldNameMutator_2,4703256,1777,0,0,0,0,0,0,738
org.mudebug.prapr.mutators.MethodNameMutator_0,4703258,7200,0,0,0,0,0,9,105
org.mudebug.prapr.mutators.FieldNameMutator_5,4703269,1777,0,0,0,0,0,0,684
org.mudebug.prapr.mutators.ArgumentListMutator_0,4703274,504,0,0,1,1,1,5753,83
org.mudebug.prapr.mutators.ArgumentListMutator_2,4709029,7059,0,0,1,1,1,5538,552
org.pitest.mutationtest.engine.gregor.mutators.experimental.MemberVariableMutator,4714569,1038,0,0,0,0,0,0,192
org.mudebug.prapr.mutators.LocalToFieldAccessMutator_0,4714571,6715,0,0,0,0,0,81,1176
org.mudebug.prapr.mutators.ArgumentListMutator_2,4714654,1053,0,0,0,0,0,0,430
org.mudebug.prapr.mutators.MethodNameMutator_1,4714656,6972,0,0,1,1,1,5538,66
org.mudebug.prapr.mutators.ReturningDereferenceGuardMutator_0,4720196,6732,0,0,0,0,0,5,1596
org.mudebug.prapr.mutators.RelationalOperatorReplacement_3,4720203,7198,0,0,0,0,0,14,63
org.mudebug.prapr.mutators.LocalToFieldAccessMutator_1,4720219,6743,0,0,0,1,1,2898,1874
org.mudebug.prapr.mutators.MethodNameMutator_0,4723119,5356,0,0,0,0,0,0,181
org.mudebug.prapr.mutators.MethodNameMutator_6,4723121,7233,0,0,0,0,0,18,297
org.mudebug.prapr.mutators.FieldNameMutator_3,4723141,7058,0,0,1,1,1,5538,281
org.mudebug.prapr.mutators.LocalToFieldAccessMutator_1,4728681,6694,0,0,0,1,1,0,824
org.mudebug.prapr.mutators.FieldAccessToMethodCallMutator_2,4728683,1777,0,0,0,0,0,0,663
org.pitest.mutationtest.engine.gregor.mutators.experimental.MemberVariableMutator,4728685,7355,0,0,1,1,1,5232,110
org.pitest.mutationtest.engine.gregor.mutators.RemoveConditionalMutator_EQUAL_IF,4733919,1106,0,0,0,0,0,2,1142
org.mudebug.prapr.mutators.MethodNameMutator_5,4733923,517,0,0,0,0,0,1412,95
org.pitest.mutationtest.engine.gregor.mutators.RemoveConditionalMutator_EQUAL_IF,4735337,705,0,0,1,1,1,5190,64
org.mudebug.prapr.mutators.MethodNameMutator_0,4740529,517,0,0,0,0,0,1412,95
org.mudebug.prapr.mutators.LocalNameMutator_0,4741943,6684,0,0,0,0,0,135,712
org.mudebug.prapr.mutators.MethCallResultGuard_2,4742080,1313,0,0,0,0,0,0,86
org.mudebug.prapr.mutators.LocalToFieldAccessMutator_0,4742084,6728,0,0,1,1,1,2802,1420
org.mudebug.prapr.mutators.DereferenceGuardMutator_4,4744888,6698,0,0,0,0,0,0,859
org.mudebug.prapr.mutators.VoidMethodCallGuardMutator,4744890,1046,0,0,0,0,0,0,329
org.mudebug.prapr.mutators.MethCallResultGuard_1,4744892,1234,0,0,0,1,1,10,272
org.mudebug.prapr.mutators.FieldNameMutator_4,4744904,1106,0,0,0,0,0,24,1185
org.pitest.mutationtest.engine.gregor.mutators.experimental.RemoveSwitchMutator_52,4744930,6649,0,0,0,0,0,5,175
org.mudebug.prapr.mutators.MethCallResultGuard_2,4744937,6749,0,0,0,0,0,0,1961
org.mudebug.prapr.mutators.RelationalOperatorReplacement_3,4744939,5356,0,0,0,0,0,1,490
org.mudebug.prapr.mutators.ArgumentListMutator_5,4744942,5356,0,0,0,0,0,9,351
org.pitest.mutationtest.engine.gregor.mutators.ReturnValsMutator,4744953,3564,0,0,0,1,1,119,364
org.pitest.mutationtest.engine.gregor.mutators.NonVoidMethodCallMutator,4745074,1563,0,0,1,1,1,1315,254
org.mudebug.prapr.mutators.FieldNameMutator_4,4746391,1777,0,0,0,0,0,0,662
org.pitest.mutationtest.engine.gregor.mutators.experimental.NakedReceiverMutator,4746393,6725,0,0,0,1,1,0,1369
org.mudebug.prapr.mutators.FieldNameMutator_4,4746395,1119,0,0,0,0,0,0,1439
org.mudebug.prapr.mutators.FieldNameMutator_2,4746397,7058,0,0,1,1,1,5538,255
org.mudebug.prapr.mutators.FieldNameMutator_1,4751937,6742,0,0,0,0,0,434,1855
org.mudebug.prapr.mutators.RelationalOperatorReplacement_3,4752373,241,0,0,1,1,1,5185,142
org.mudebug.prapr.mutators.LocalToFieldAccessMutator_0,4757560,6726,0,0,1,1,1,2617,1383
org.mudebug.prapr.mutators.ArgumentListMutator_0,4760179,7058,0,0,0,0,0,0,269
org.mudebug.prapr.mutators.FieldAccessToMethodCallMutator_3,4760181,1777,0,0,0,0,0,0,671
org.mudebug.prapr.mutators.FieldNameMutator_4,4760183,7058,0,0,1,1,1,5538,247
org.pitest.mutationtest.engine.gregor.mutators.experimental.MemberVariableMutator,4765723,662,0,0,0,0,0,9,284
org.pitest.mutationtest.engine.gregor.mutators.InlineConstantMutator,4765736,6652,0,0,0,0,0,5,391
org.pitest.mutationtest.engine.gregor.mutators.NullReturnValsMutator,4765743,369,0,0,1,1,1,3741,809
org.mudebug.prapr.mutators.MethodNameMutator_7,4769486,247,0,0,1,1,1,4269,239
org.pitest.mutationtest.engine.gregor.mutators.InlineConstantMutator,4773760,1777,0,0,0,0,0,0,693
org.mudebug.prapr.mutators.MethCallResultGuard_1,4773762,6725,0,0,0,0,0,5,1367
org.mudebug.prapr.mutators.LocalNameMutator_0,4773769,5356,0,0,0,0,0,87,504
org.mudebug.prapr.mutators.FieldAccessToMethodCallMutator_0,4773858,1777,0,0,0,0,0,41,760
org.mudebug.prapr.mutators.FieldNameMutator_3,4773901,7058,0,0,0,0,0,2257,374
org.mudebug.prapr.mutators.LocalToFieldAccessMutator_0,4776160,6698,0,0,1,1,1,5518,859
org.pitest.mutationtest.engine.gregor.mutators.NonVoidMethodCallMutator,4781680,5356,0,0,0,0,0,64,354
org.mudebug.prapr.mutators.FieldNameMutator_3,4781746,2308,0,0,0,0,0,2,92
org.mudebug.prapr.mutators.DereferenceGuardMutator_0,4781750,546,0,0,0,0,0,5,148
org.mudebug.prapr.mutators.MethodNameMutator_2,4781757,1560,0,0,0,0,0,197,182
org.mudebug.prapr.mutators.RelationalOperatorReplacement_0,4781956,7302,0,0,0,0,0,1904,137
org.mudebug.prapr.mutators.LocalToFieldAccessMutator_1,4783862,6728,0,0,0,1,1,2810,1407
org.mudebug.prapr.mutators.FieldNameMutator_5,4786674,1101,0,0,0,0,0,22,1020
org.mudebug.prapr.mutators.NonVoidMethodCallGuardMutator_0,4786698,543,0,0,0,0,0,0,90
org.mudebug.prapr.mutators.LocalToFieldAccessMutator_1,4786703,6743,0,0,1,1,1,2804,1876
org.mudebug.prapr.mutators.LocalToFieldAccessMutator_3,4789509,6743,0,0,1,1,1,2912,1866
org.mudebug.prapr.mutators.MethodNameMutator_4,4792423,1564,0,0,0,0,0,90,262
org.pitest.mutationtest.engine.gregor.mutators.NonVoidMethodCallMutator,4792515,7060,0,0,1,1,1,5538,569
org.mudebug.prapr.mutators.MethodNameMutator_0,4798055,3558,0,0,0,1,1,46,109
org.pitest.mutationtest.engine.gregor.mutators.NegateConditionalsMutator,4798103,6694,0,0,0,1,1,2592,825
org.mudebug.prapr.mutators.FieldNameMutator_5,4800697,1106,0,0,0,0,0,24,1185
org.mudebug.prapr.mutators.ReturningDereferenceGuardMutator_3,4800723,4260,0,0,0,0,0,0,453
org.mudebug.prapr.mutators.MethCallResultGuard_2,4800725,517,0,0,0,0,0,0,91
org.pitest.mutationtest.engine.gregor.mutators.experimental.RemoveSwitchMutator_23,4800730,3584,0,0,0,0,0,3,901
org.pitest.mutationtest.engine.gregor.mutators.experimental.RemoveSwitchMutator_0,4800735,3558,0,0,0,0,0,11,109
org.mudebug.prapr.mutators.MethodNameMutator_4,4800748,7204,0,0,0,0,0,143,135
org.pitest.mutationtest.engine.gregor.mutators.experimental.MemberVariableMutator,4800893,1926,0,0,0,1,1,1471,39
org.pitest.mutationtest.engine.gregor.mutators.ReturnValsMutator,4802366,6987,0,0,0,0,0,577,158
org.pitest.mutationtest.engine.gregor.mutators.ReturnValsMutator,4802945,6692,0,0,0,1,1,2060,810
org.mudebug.prapr.mutators.LocalNameMutator_2,4805007,6743,0,0,1,1,1,2891,1870
org.mudebug.prapr.mutators.RelationalOperatorReplacement_1,4807900,7255,0,0,0,0,0,0,757
org.mudebug.prapr.mutators.LocalNameMutator_0,4807902,5356,0,0,0,0,0,0,103
org.mudebug.prapr.mutators.NonVoidMethodCallGuardMutator_0,4807904,1119,0,0,0,0,0,0,1435
org.mudebug.prapr.mutators.ReturningDereferenceGuardMutator_4,4807906,5214,0,0,0,0,0,0,112
org.mudebug.prapr.mutators.MethCallResultGuard_2,4807908,7556,0,0,0,0,0,0,70
org.mudebug.prapr.mutators.NonVoidMethodCallGuardMutator_0,4807910,7058,0,0,0,0,0,5,357
org.mudebug.prapr.mutators.LocalNameMutator_0,4807917,1234,0,0,1,1,1,3,313
org.mudebug.prapr.mutators.FieldNameMutator_0,4807922,3246,0,0,0,0,0,968,85
org.mudebug.prapr.mutators.MethodNameMutator_0,4808892,7204,0,0,0,0,0,12,135
org.mudebug.prapr.mutators.LocalNameMutator_1,4808906,6684,0,0,1,1,1,1029,697
org.mudebug.prapr.mutators.ArgumentListMutator_5,4809937,1043,0,0,1,1,1,2889,270
org.pitest.mutationtest.engine.gregor.mutators.RemoveConditionalMutator_EQUAL_ELSE,4812828,495,0,0,1,1,1,3741,267
org.mudebug.prapr.mutators.ReturningDereferenceGuardMutator_3,4816571,1101,0,0,0,0,0,0,1020
org.mudebug.prapr.mutators.FieldAccessToMethodCallMutator_0,4816573,1777,0,0,0,0,0,42,738
org.pitest.mutationtest.engine.gregor.mutators.RemoveConditionalMutator_EQUAL_IF,4816617,1788,0,0,0,0,0,0,856
org.mudebug.prapr.mutators.FieldAccessToMethodCallMutator_1,4816622,1777,0,0,0,0,0,0,687
org.pitest.mutationtest.engine.gregor.mutators.NegateConditionalsMutator,4816624,1106,0,0,0,0,0,2,1166
org.mudebug.prapr.mutators.ArgumentListMutator_1,4816628,5192,0,0,1,1,1,5173,52
org.pitest.mutationtest.engine.gregor.mutators.experimental.RemoveSwitchMutator_6,4821803,3636,0,0,0,0,0,3,1649
org.pitest.mutationtest.engine.gregor.mutators.ReturnValsMutator,4821808,7302,0,0,0,0,0,0,149
org.mudebug.prapr.mutators.MethodNameMutator_0,4821810,547,0,0,0,0,0,0,167
org.pitest.mutationtest.engine.gregor.mutators.experimental.RemoveSwitchMutator_35,4821812,5356,0,0,1,1,1,1334,117
org.pitest.mutationtest.engine.gregor.mutators.NegateConditionalsMutator,4823148,2967,0,0,0,0,0,25,614
org.mudebug.prapr.mutators.RelationalOperatorReplacement_0,4823175,1083,0,0,1,1,1,5191,844
org.mudebug.prapr.mutators.MethCallResultGuard_1,4828368,2858,0,0,0,0,0,0,45
org.mudebug.prapr.mutators.RelationalOperatorReplacement_0,4828370,7086,0,0,0,0,0,25,892
org.pitest.mutationtest.engine.gregor.mutators.RemoveConditionalMutator_EQUAL_ELSE,4828397,7064,0,0,0,0,0,7,614
org.pitest.mutationtest.engine.gregor.mutators.NullReturnValsMutator,4828406,6665,0,0,1,1,1,5981,524
org.pitest.mutationtest.engine.gregor.mutators.NonVoidMethodCallMutator,4834389,7241,0,0,0,0,0,27,435
org.pitest.mutationtest.engine.gregor.mutators.NullReturnValsMutator,4834418,346,0,0,1,1,1,3106,499
org.mudebug.prapr.mutators.RelationalOperatorReplacement_3,4837526,1563,0,0,0,0,0,2,237
org.mudebug.prapr.mutators.ArgumentListMutator_2,4837530,6710,0,0,0,1,1,8,1064
org.pitest.mutationtest.engine.gregor.mutators.RemoveConditionalMutator_EQUAL_IF,4837540,7241,0,0,0,0,0,33,429
org.mudebug.prapr.mutators.MethodNameMutator_1,4837575,6728,0,0,0,1,1,2809,1407
org.pitest.mutationtest.engine.gregor.mutators.NegateConditionalsMutator,4840386,5356,0,0,0,0,0,3,505
org.pitest.mutationtest.engine.gregor.mutators.BooleanTrueReturnValsMutator,4840391,6884,0,0,0,0,0,682,238
org.mudebug.prapr.mutators.MethodNameMutator_2,4841075,3611,0,0,1,1,1,4100,1327
org.mudebug.prapr.mutators.FieldAccessToMethodCallMutator_2,4845177,7503,0,0,1,1,1,5543,453
org.mudebug.prapr.mutators.MethodNameMutator_0,4850722,370,0,0,0,0,0,1772,815
org.mudebug.prapr.mutators.MethodNameMutator_6,4852496,1135,0,0,0,0,0,33,1644
org.pitest.mutationtest.engine.gregor.mutators.experimental.MemberVariableMutator,4852531,4626,0,0,0,0,0,2,83
org.mudebug.prapr.mutators.ArgumentListMutator_2,4852535,5356,0,0,1,1,1,1074,425
org.mudebug.prapr.mutators.LocalNameMutator_2,4853611,6743,0,0,0,1,1,2787,1876
org.pitest.mutationtest.engine.gregor.mutators.RemoveConditionalMutator_ORDER_ELSE,4856400,1143,0,0,0,0,0,8,1727
org.pitest.mutationtest.engine.gregor.mutators.RemoveConditionalMutator_EQUAL_IF,4856410,6931,0,0,1,1,1,5538,865
org.pitest.mutationtest.engine.gregor.mutators.RemoveConditionalMutator_EQUAL_IF,4861950,1563,0,0,0,0,0,5,237
org.mudebug.prapr.mutators.FieldAccessToMethodCallMutator_4,4861957,6743,0,0,0,0,0,1634,1873
org.mudebug.prapr.mutators.MethodNameMutator_0,4863593,370,0,0,0,0,0,0,816
org.pitest.mutationtest.engine.gregor.mutators.RemoveConditionalMutator_EQUAL_IF,4863595,7265,0,0,0,0,0,0,867
org.mudebug.prapr.mutators.NonVoidMethodCallGuardMutator_0,4863597,3417,0,0,0,0,0,0,88
org.mudebug.prapr.mutators.MethodNameMutator_2,4863599,370,0,0,0,0,0,8,817
org.pitest.mutationtest.engine.gregor.mutators.NonVoidMethodCallMutator,4863609,7204,0,0,0,0,0,7,135
org.mudebug.prapr.mutators.FieldNameMutator_3,4863618,5363,0,0,0,0,0,0,828
org.mudebug.prapr.mutators.MethodNameMutator_1,4863620,1562,0,0,0,1,1,144,229
org.pitest.mutationtest.engine.gregor.mutators.InlineConstantMutator,4863766,7209,0,0,1,1,1,5538,51
org.mudebug.prapr.mutators.ArgumentListMutator_4,4869306,5192,0,0,1,1,1,5173,52
org.mudebug.prapr.mutators.DereferenceGuardMutator_0,4874481,6683,0,0,0,0,0,0,686
org.mudebug.prapr.mutators.MethCallResultGuard_1,4874483,4415,0,0,0,0,0,5,551
org.pitest.mutationtest.engine.gregor.mutators.NullReturnValsMutator,4874490,6689,0,0,0,1,1,2235,786
org.mudebug.prapr.mutators.ReturningDereferenceGuardMutator_0,4876727,7302,0,0,0,0,0,0,110
org.mudebug.prapr.mutators.DereferenceGuardMutator_4,4876729,1053,0,0,0,0,0,0,439
org.pitest.mutationtest.engine.gregor.mutators.experimental.RemoveSwitchMutator_2,4876731,3563,0,0,0,1,1,68,293
org.pitest.mutationtest.engine.gregor.mutators.experimental.MemberVariableMutator,4876801,6168,0,0,0,0,0,0,481
org.mudebug.prapr.mutators.RelationalOperatorReplacement_3,4876803,3558,0,0,0,1,1,29,114
org.mudebug.prapr.mutators.MethodNameMutator_1,4876837,1248,0,0,0,0,0,0,867
org.mudebug.prapr.mutators.MethCallResultGuard_1,4876841,6725,0,0,0,0,0,0,1369
org.mudebug.prapr.mutators.ArithmeticOperatorReplacement_4,4876843,6713,0,0,0,0,0,66,1152
org.pitest.mutationtest.engine.gregor.mutators.NonVoidMethodCallMutator,4876911,5375,0,0,0,0,0,31,1033
org.mudebug.prapr.mutators.DereferenceGuardMutator_4,4876944,1554,0,0,0,0,0,0,143
org.mudebug.prapr.mutators.ReturningDereferenceGuardMutator_0,4876946,1119,0,0,0,0,0,0,1435
org.mudebug.prapr.mutators.MethodNameMutator_4,4876948,5356,0,0,1,1,1,871,215
org.mudebug.prapr.mutators.RelationalOperatorReplacement_1,4877821,6931,0,0,0,0,0,0,856
org.mudebug.prapr.mutators.RelationalOperatorReplacement_3,4877823,7204,0,0,0,0,0,143,135
org.mudebug.prapr.mutators.VoidMethodCallGuardMutator,4877968,7059,0,0,0,0,0,0,564
org.mudebug.prapr.mutators.RelationalOperatorReplacement_1,4877970,1082,0,0,0,0,0,0,834
org.pitest.mutationtest.engine.gregor.mutators.RemoveConditionalMutator_EQUAL_ELSE,4877972,6686,0,0,1,1,1,5093,742
org.mudebug.prapr.mutators.DereferenceGuardMutator_4,4883067,1094,0,0,0,0,0,0,933
org.mudebug.prapr.mutators.MethodNameMutator_0,4883069,1246,0,0,0,0,0,1,819
org.pitest.mutationtest.engine.gregor.mutators.NegateConditionalsMutator,4883074,6706,0,0,1,1,1,49,959
org.mudebug.prapr.mutators.FieldNameMutator_2,4883125,6743,0,0,0,0,0,2006,1871
org.mudebug.prapr.mutators.LocalToFieldAccessMutator_2,4885133,6678,0,0,1,1,1,5936,610
org.mudebug.prapr.mutators.MethodNameMutator_8,4891071,7250,0,0,0,0,0,10,663
org.mudebug.prapr.mutators.FieldAccessToMethodCallMutator_2,4891083,1777,0,0,0,0,0,0,702
org.mudebug.prapr.mutators.DereferenceGuardMutator_3,4891085,6687,0,0,0,0,0,0,758
org.mudebug.prapr.mutators.LocalToFieldAccessMutator_1,4891087,6684,0,0,1,1,1,741,706
org.mudebug.prapr.mutators.LocalNameMutator_2,4891830,7058,0,0,0,0,0,0,432
org.pitest.mutationtest.engine.gregor.mutators.InlineConstantMutator,4891832,6726,0,0,0,1,1,1483,1383
org.mudebug.prapr.mutators.FieldAccessToMethodCallMutator_0,4893317,6742,0,0,1,1,1,2939,1854
org.mudebug.prapr.mutators.FieldAccessToMethodCallMutator_2,4896258,1777,0,0,0,0,0,0,707
org.pitest.mutationtest.engine.gregor.mutators.NegateConditionalsMutator,4896260,6867,0,0,0,0,0,807,159
org.mudebug.prapr.mutators.FieldNameMutator_0,4897069,6168,0,0,0,0,0,0,478
org.mudebug.prapr.mutators.RelationalOperatorReplacement_3,4897071,5358,0,0,0,0,0,3,742
org.pitest.mutationtest.engine.gregor.mutators.NonVoidMethodCallMutator,4897076,517,0,0,1,1,1,5288,90
org.mudebug.prapr.mutators.MethCallResultGuard_1,4902366,7058,0,0,0,0,0,0,269
org.mudebug.prapr.mutators.FieldNameMutator_2,4902368,1106,0,0,0,0,0,0,1070
org.mudebug.prapr.mutators.FieldNameMutator_4,4902370,7058,0,0,1,1,1,5538,327
org.mudebug.prapr.mutators.ReturningDereferenceGuardMutator_4,4907910,6706,0,0,0,0,0,0,959
org.mudebug.prapr.mutators.FieldAccessToMethodCallMutator_1,4907912,6652,0,0,0,0,0,0,399
org.mudebug.prapr.mutators.LocalNameMutator_0,4907914,5356,0,0,0,0,0,110,87
org.pitest.mutationtest.engine.gregor.mutators.InlineConstantMutator,4908028,5356,0,0,0,0,0,8,215
org.mudebug.prapr.mutators.FieldNameMutator_5,4908038,1777,0,0,0,0,0,0,740
org.mudebug.prapr.mutators.ArgumentListMutator_2,4908040,7058,0,0,0,0,0,0,425
org.mudebug.prapr.mutators.NonVoidMethodCallGuardMutator_0,4908042,562,0,0,0,0,0,0,1210
org.pitest.mutationtest.engine.gregor.mutators.RemoveConditionalMutator_EQUAL_IF,4908044,6174,0,0,0,0,0,0,548
org.mudebug.prapr.mutators.FieldNameMutator_1,4908046,7061,0,0,0,0,0,2137,573
org.mudebug.prapr.mutators.VoidMethodCallGuardMutator,4910185,5356,0,0,0,0,0,0,440
org.mudebug.prapr.mutators.LocalToFieldAccessMutator_1,4910187,6706,0,0,1,1,1,49,972
org.mudebug.prapr.mutators.MethodNameMutator_0,4910238,7198,0,0,0,0,0,7,63
org.mudebug.prapr.mutators.MethCallResultGuard_1,4910247,3563,0,0,0,0,0,0,304
org.mudebug.prapr.mutators.LocalNameMutator_0,4910249,7058,0,0,0,0,0,0,453
org.pitest.mutationtest.engine.gregor.mutators.NegateConditionalsMutator,4910251,1049,0,0,0,0,0,126,368
org.mudebug.prapr.mutators.MethodNameMutator_0,4910379,3664,0,0,0,0,0,43,2189
org.mudebug.prapr.mutators.FieldToLocalAccessMutator_1,4910424,7189,0,0,0,0,0,11,489
org.mudebug.prapr.mutators.RelationalOperatorReplacement_2,4910437,7303,0,0,0,0,0,1985,170
org.mudebug.prapr.mutators.FieldNameMutator_0,4912424,1777,0,0,0,0,0,0,688
org.mudebug.prapr.mutators.FieldAccessToMethodCallMutator_2,4912426,6743,0,0,1,1,1,2912,1874
org.mudebug.prapr.mutators.LocalNameMutator_0,4915340,543,0,0,0,0,0,113,104
org.pitest.mutationtest.engine.gregor.mutators.NegateConditionalsMutator,4915455,7790,0,0,0,1,1,2661,315
org.mudebug.prapr.mutators.LocalToFieldAccessMutator_0,4918118,7302,0,0,0,0,0,11,105
org.mudebug.prapr.mutators.FieldNameMutator_0,4918131,1777,0,0,0,0,0,0,679
org.pitest.mutationtest.engine.gregor.mutators.InlineConstantMutator,4918133,7379,0,0,1,1,1,5538,390
org.mudebug.prapr.mutators.MethCallResultGuard_0,4923673,7058,0,0,0,0,0,5,453
org.mudebug.prapr.mutators.DereferenceGuardMutator_4,4923680,1119,0,0,0,0,0,0,1439
org.mudebug.prapr.mutators.ReturningDereferenceGuardMutator_3,4923686,7505,0,0,0,0,0,0,467
org.pitest.mutationtest.engine.gregor.mutators.experimental.RemoveSwitchMutator_25,4923688,6415,0,0,0,0,0,0,273
org.mudebug.prapr.mutators.FieldNameMutator_1,4923690,1777,0,0,0,0,0,0,728
org.mudebug.prapr.mutators.RelationalOperatorReplacement_2,4923692,6713,0,0,0,1,1,2703,1147
org.mudebug.prapr.mutators.FieldAccessToMethodCallMutator_3,4926397,6742,0,0,1,1,1,2939,1855
org.pitest.mutationtest.engine.gregor.mutators.NegateConditionalsMutator,4929338,5356,0,0,1,1,1,2865,336
org.mudebug.prapr.mutators.FieldAccessToMethodCallMutator_1,4932205,7380,0,0,1,1,1,5543,396
org.mudebug.prapr.mutators.MethodNameMutator_2,4937750,7202,0,0,0,0,0,0,125
org.pitest.mutationtest.engine.gregor.mutators.BooleanTrueReturnValsMutator,4937752,6721,0,0,0,0,0,33,1331
org.mudebug.prapr.mutators.MethCallResultGuard_2,4937787,4680,0,0,0,0,0,0,120
org.mudebug.prapr.mutators.MethodNameMutator_3,4937789,551,0,0,1,1,1,4299,215
org.mudebug.prapr.mutators.ReturningDereferenceGuardMutator_3,4942090,5356,0,0,0,0,0,0,115
org.pitest.mutationtest.engine.gregor.mutators.RemoveConditionalMutator_EQUAL_IF,4942092,3675,0,0,0,0,0,0,2362
org.mudebug.prapr.mutators.FieldNameMutator_3,4942094,1777,0,0,0,0,0,0,665
org.pitest.mutationtest.engine.gregor.mutators.NonVoidMethodCallMutator,4942096,245,0,0,0,0,0,2,198
org.mudebug.prapr.mutators.RelationalOperatorReplacement_1,4942100,7303,0,0,0,0,0,0,160
org.mudebug.prapr.mutators.MethCallResultGuard_0,4942104,554,0,0,0,0,0,5,272
org.mudebug.prapr.mutators.ReturningDereferenceGuardMutator_0,4942111,544,0,0,0,0,0,0,119
org.mudebug.prapr.mutators.FieldAccessToMethodCallMutator_1,4942113,6711,0,0,0,1,1,2701,1133
org.mudebug.prapr.mutators.MethodNameMutator_1,4944816,1053,0,0,0,0,0,1807,432
org.mudebug.prapr.mutators.DereferenceGuardMutator_0,4946625,1042,0,0,0,0,0,5,256
org.mudebug.prapr.mutators.NonVoidMethodCallGuardMutator_0,4946632,346,0,0,0,0,0,0,492
org.mudebug.prapr.mutators.LocalToFieldAccessMutator_0,4946634,6867,0,0,1,1,1,5538,159
org.pitest.mutationtest.engine.gregor.mutators.ReturnValsMutator,4952174,6415,0,0,0,1,1,31,313
org.mudebug.prapr.mutators.LocalNameMutator_1,4952207,5356,0,0,1,1,1,1494,87
org.pitest.mutationtest.engine.gregor.mutators.VoidMethodCallMutator,4953703,6737,0,0,0,0,0,435,1783
org.mudebug.prapr.mutators.FieldAccessToMethodCallMutator_3,4954140,1777,0,0,0,0,0,0,650
org.pitest.mutationtest.engine.gregor.mutators.NonVoidMethodCallMutator,4954142,7062,0,0,1,1,1,5538,583
org.mudebug.prapr.mutators.FieldNameMutator_2,4959682,1777,0,0,0,0,0,0,708
org.mudebug.prapr.mutators.RelationalOperatorReplacement_1,4959684,7302,0,0,0,0,0,0,106
org.pitest.mutationtest.engine.gregor.mutators.experimental.RemoveSwitchMutator_25,4959686,3636,0,0,0,0,0,0,1649
org.mudebug.prapr.mutators.DereferenceGuardMutator_0,4959688,7305,0,0,0,0,0,0,206
org.pitest.mutationtest.engine.gregor.mutators.RemoveConditionalMutator_EQUAL_IF,4959690,5356,0,0,0,0,0,0,575
org.mudebug.prapr.mutators.FieldNameMutator_3,4959692,7058,0,0,0,0,0,2274,529
org.mudebug.prapr.mutators.MethodNameMutator_1,4961968,7205,0,0,0,0,0,9,141
org.mudebug.prapr.mutators.FieldToLocalAccessMutator_0,4961979,7617,0,0,0,0,0,399,90
org.mudebug.prapr.mutators.LocalNameMutator_0,4962380,7090,0,0,0,0,0,0,931
org.mudebug.prapr.mutators.NonVoidMethodCallGuardMutator_0,4962382,1231,0,0,0,0,0,0,59
org.mudebug.prapr.mutators.MethCallResultGuard_0,4962384,7058,0,0,0,0,0,0,412
org.mudebug.prapr.mutators.ArgumentListMutator_5,4962386,1106,0,0,1,1,1,2980,1095
org.mudebug.prapr.mutators.FieldNameMutator_2,4965368,5378,0,0,0,0,0,1,1083
org.mudebug.prapr.mutators.NonVoidMethodCallGuardMutator_0,4965371,7131,0,0,0,0,0,0,71
org.mudebug.prapr.mutators.DereferenceGuardMutator_3,4965373,6728,0,0,0,0,0,0,1420
org.mudebug.prapr.mutators.ArgumentListMutator_5,4965375,7058,0,0,0,0,0,0,317
org.pitest.mutationtest.engine.gregor.mutators.experimental.MemberVariableMutator,4965377,6711,0,0,0,1,1,2701,1133
org.pitest.mutationtest.engine.gregor.mutators.ReturnValsMutator,4968080,6865,0,0,0,0,0,2211,151
org.mudebug.prapr.mutators.RelationalOperatorReplacement_2,4970293,1106,0,0,0,1,1,2978,1137
org.pitest.mutationtest.engine.gregor.mutators.experimental.MemberVariableMutator,4973273,1777,0,0,0,0,0,0,650
org.mudebug.prapr.mutators.FieldNameMutator_0,4973275,1777,0,0,0,0,0,0,719
org.pitest.mutationtest.engine.gregor.mutators.RemoveConditionalMutator_EQUAL_ELSE,4973277,3497,0,0,0,0,0,5,425
org.mudebug.prapr.mutators.LocalNameMutator_0,4973284,7058,0,0,0,0,0,2261,338
org.mudebug.prapr.mutators.LocalToFieldAccessMutator_1,4975547,1053,0,0,0,0,0,0,433
org.mudebug.prapr.mutators.DereferenceGuardMutator_0,4975549,6706,0,0,0,0,0,0,933
org.mudebug.prapr.mutators.RelationalOperatorReplacement_2,4975551,244,0,0,1,1,1,1052,187
org.mudebug.prapr.mutators.LocalNameMutator_0,4976605,7503,0,0,1,1,1,5538,448
org.pitest.mutationtest.engine.gregor.mutators.RemoveConditionalMutator_EQUAL_ELSE,4982145,1246,0,0,0,1,1,10,819
org.mudebug.prapr.mutators.MethodNameMutator_3,4982157,5356,0,0,1,1,1,193,522
org.mudebug.prapr.mutators.DereferenceGuardMutator_0,4982352,5195,0,0,0,0,0,5,102
org.mudebug.prapr.mutators.FieldAccessToMethodCallMutator_2,4982359,1777,0,0,0,0,0,0,689
org.mudebug.prapr.mutators.ReturningDereferenceGuardMutator_4,4982361,6694,0,0,0,0,0,0,826
org.mudebug.prapr.mutators.DereferenceGuardMutator_3,4982363,6686,0,0,0,0,0,0,742
org.mudebug.prapr.mutators.FieldAccessToMethodCallMutator_4,4982365,6678,0,0,1,1,1,5951,610
org.mudebug.prapr.mutators.LocalToFieldAccessMutator_0,4988318,1049,0,0,1,1,1,4574,368
org.mudebug.prapr.mutators.FieldNameMutator_5,4992894,1119,0,0,0,0,0,42,1439
org.mudebug.prapr.mutators.MethCallResultGuard_0,4992938,551,0,0,0,0,0,23,214
org.pitest.mutationtest.engine.gregor.mutators.experimental.NakedReceiverMutator,4992963,3664,0,0,1,1,1,874,2189
org.pitest.mutationtest.engine.gregor.mutators.experimental.RemoveSwitchMutator_52,4993839,495,0,0,0,0,0,0,119
org.mudebug.prapr.mutators.ArgumentListMutator_5,4993841,7556,0,0,1,1,1,5226,70
org.pitest.mutationtest.engine.gregor.mutators.VoidMethodCallMutator,4999069,347,0,0,0,0,0,28,522
org.mudebug.prapr.mutators.LocalNameMutator_0,4999099,3388,0,0,1,1,1,109,77
org.mudebug.prapr.mutators.ReturningDereferenceGuardMutator_0,4999210,7200,0,0,0,0,0,0,105
org.pitest.mutationtest.engine.gregor.mutators.NonVoidMethodCallMutator,4999212,7233,0,0,0,0,0,1,297
org.mudebug.prapr.mutators.LocalNameMutator_0,4999215,7501,0,0,0,0,0,1847,424
org.mudebug.prapr.mutators.MethodNameMutator_4,5001064,1236,1,0,0,1,1,15,521
org.mudebug.prapr.mutators.MethodNameMutator_5,5001081,1562,0,0,0,0,0,31,204
org.pitest.mutationtest.engine.gregor.mutators.NonVoidMethodCallMutator,5001114,504,0,0,1,1,1,5753,77
org.mudebug.prapr.mutators.MethodNameMutator_1,5006869,1234,0,0,0,0,0,0,277
org.pitest.mutationtest.engine.gregor.mutators.experimental.RemoveSwitchMutator_0,5006871,1231,0,0,0,0,0,2,59
org.mudebug.prapr.mutators.FieldAccessToMethodCallMutator_2,5006875,1777,0,0,0,0,0,0,681
org.pitest.mutationtest.engine.gregor.mutators.InlineConstantMutator,5006877,3388,0,0,0,0,0,0,66
org.mudebug.prapr.mutators.ReturningDereferenceGuardMutator_0,5006879,6689,0,0,0,0,0,0,783
org.mudebug.prapr.mutators.FieldNameMutator_0,5006881,7058,0,0,0,0,0,2250,290
org.pitest.mutationtest.engine.gregor.mutators.ReturnValsMutator,5009133,495,0,0,1,1,1,4299,229
org.pitest.mutationtest.engine.gregor.mutators.BooleanTrueReturnValsMutator,5013434,4706,0,0,0,0,0,0,757
org.mudebug.prapr.mutators.FieldNameMutator_0,5013436,4261,0,0,0,0,0,0,471
org.pitest.mutationtest.engine.gregor.mutators.experimental.MemberVariableMutator,5013438,7197,0,0,1,1,1,5538,52
org.mudebug.prapr.mutators.LocalNameMutator_0,5018978,6674,0,0,1,1,1,2709,564
org.mudebug.prapr.mutators.RelationalOperatorReplacement_0,5021689,1562,0,0,0,0,0,2,209
org.mudebug.prapr.mutators.FieldNameMutator_2,5021693,1777,0,0,0,0,0,1,700
org.mudebug.prapr.mutators.ReturningDereferenceGuardMutator_2,5021696,705,0,0,0,0,0,0,65
org.pitest.mutationtest.engine.gregor.mutators.InlineConstantMutator,5021698,6846,0,0,0,0,0,131,68
org.pitest.mutationtest.engine.gregor.mutators.ReturnValsMutator,5021834,6860,0,0,1,1,1,5538,110
org.mudebug.prapr.mutators.RelationalOperatorReplacement_1,5027374,5356,0,0,0,0,0,0,436
org.pitest.mutationtest.engine.gregor.mutators.NonVoidMethodCallMutator,5027376,1777,0,0,0,0,0,74,729
org.mudebug.prapr.mutators.LocalNameMutator_0,5027452,7058,0,0,0,0,0,15,325
org.pitest.mutationtest.engine.gregor.mutators.experimental.RemoveSwitchMutator_24,5027469,6415,0,0,0,0,0,0,273
org.mudebug.prapr.mutators.DereferenceGuardMutator_4,5027471,6732,0,0,0,0,0,5,1624
org.pitest.mutationtest.engine.gregor.mutators.InlineConstantMutator,5027478,1044,0,0,1,1,1,4566,284
org.mudebug.prapr.mutators.ArgumentListMutator_0,5032046,6678,0,0,0,0,0,0,603
org.mudebug.prapr.mutators.FieldAccessToMethodCallMutator_4,5032048,1094,0,0,0,0,0,99,933
org.mudebug.prapr.mutators.MethodNameMutator_1,5032149,348,0,0,1,1,1,393,558
org.mudebug.prapr.mutators.ReturningDereferenceGuardMutator_0,5032544,370,0,0,0,0,0,0,816
org.pitest.mutationtest.engine.gregor.mutators.NullReturnValsMutator,5032546,6420,0,0,0,0,0,0,400
org.mudebug.prapr.mutators.FieldNameMutator_0,5032548,1106,0,0,0,1,1,865,1102
org.mudebug.prapr.mutators.ReturningDereferenceGuardMutator_3,5033415,1106,0,0,0,0,0,5,1135
org.pitest.mutationtest.engine.gregor.mutators.NullReturnValsMutator,5033422,6672,0,0,1,1,1,5115,552
org.pitest.mutationtest.engine.gregor.mutators.NegateConditionalsMutator,5038539,5358,0,0,0,0,0,39,724
org.mudebug.prapr.mutators.NonVoidMethodCallGuardMutator_0,5038580,1234,0,0,0,0,0,0,262
org.mudebug.prapr.mutators.LocalNameMutator_0,5038582,6683,0,0,0,0,0,39,686
org.mudebug.prapr.mutators.FieldAccessToMethodCallMutator_3,5038623,1777,0,0,0,0,0,0,668
org.pitest.mutationtest.engine.gregor.mutators.RemoveConditionalMutator_EQUAL_ELSE,5038625,7064,0,0,0,0,0,0,623
org.mudebug.prapr.mutators.VoidMethodCallGuardMutator,5038627,7058,0,0,0,0,0,0,358
org.pitest.mutationtest.engine.gregor.mutators.InlineConstantMutator,5038629,7058,0,0,1,1,1,5538,425
org.mudebug.prapr.mutators.RelationalOperatorReplacement_2,5044169,1248,0,0,0,0,0,3,878
org.mudebug.prapr.mutators.FieldAccessToMethodCallMutator_1,5044174,1777,0,0,0,0,0,0,668
org.mudebug.prapr.mutators.DereferenceGuardMutator_3,5044176,7380,0,0,0,0,0,0,397
org.mudebug.prapr.mutators.FieldAccessToMethodCallMutator_3,5044178,1777,0,0,0,0,0,0,679
org.pitest.mutationtest.engine.gregor.mutators.RemoveConditionalMutator_EQUAL_IF,5044180,6706,0,0,0,0,0,6,971
org.pitest.mutationtest.engine.gregor.mutators.RemoveConditionalMutator_EQUAL_IF,5044188,4411,0,0,0,0,0,0,472
org.pitest.mutationtest.engine.gregor.mutators.ReturnValsMutator,5044190,6687,0,0,1,1,1,5365,759
org.mudebug.prapr.mutators.ReturningDereferenceGuardMutator_2,5049557,6651,0,0,0,0,0,0,377
org.mudebug.prapr.mutators.MethodNameMutator_7,5049559,551,0,0,0,0,0,12,212
org.mudebug.prapr.mutators.ReturningDereferenceGuardMutator_1,5049573,7063,0,0,0,0,0,0,609
org.mudebug.prapr.mutators.MethodNameMutator_2,5049575,247,0,0,0,0,0,2498,239
org.mudebug.prapr.mutators.FieldNameMutator_1,5052075,7059,0,0,0,0,0,1,563
org.mudebug.prapr.mutators.NonVoidMethodCallGuardMutator_0,5052078,359,0,0,0,0,0,0,674
org.mudebug.prapr.mutators.MethodNameMutator_0,5052080,7556,0,0,0,0,0,53,70
org.mudebug.prapr.mutators.RelationalOperatorReplacement_0,5052135,7497,0,0,0,0,0,30,377
org.mudebug.prapr.mutators.LocalToFieldAccessMutator_0,5052167,6688,0,0,1,1,1,5994,763
org.mudebug.prapr.mutators.FieldAccessToMethodCallMutator_4,5058163,6652,0,0,1,1,1,5084,400
org.mudebug.prapr.mutators.DereferenceGuardMutator_3,5063249,7627,0,0,0,0,0,0,159
org.mudebug.prapr.mutators.MethCallResultGuard_2,5063251,6706,0,0,0,0,0,0,1020
org.mudebug.prapr.mutators.MethCallResultGuard_0,5063253,1313,0,0,0,0,0,0,83
org.pitest.mutationtest.engine.gregor.mutators.NonVoidMethodCallMutator,5063255,7131,0,0,0,0,0,9,74
org.mudebug.prapr.mutators.VoidMethodCallGuardMutator,5063266,7199,0,0,0,0,0,0,85
org.mudebug.prapr.mutators.ReturningDereferenceGuardMutator_4,5063268,3244,0,0,0,0,0,5,77
org.mudebug.prapr.mutators.RelationalOperatorReplacement_2,5063275,6728,0,0,0,0,0,20,1407
org.mudebug.prapr.mutators.ArithmeticOperatorReplacement_6,5063297,553,0,0,0,0,0,151,267
org.pitest.mutationtest.engine.gregor.mutators.experimental.NakedReceiverMutator,5063450,1248,0,0,0,0,0,4,870
org.mudebug.prapr.mutators.ReturningDereferenceGuardMutator_2,5063456,1053,0,0,0,0,0,5,434
org.mudebug.prapr.mutators.LocalNameMutator_1,5063463,3392,0,0,0,1,1,1691,301
org.mudebug.prapr.mutators.LocalToFieldAccessMutator_1,5065156,6706,0,0,0,1,1,8,967
org.mudebug.prapr.mutators.VoidMethodCallGuardMutator,5065166,5356,0,0,0,0,0,0,115
org.pitest.mutationtest.engine.gregor.mutators.ReturnValsMutator,5065168,6705,0,0,0,1,1,15,918
org.mudebug.prapr.mutators.FieldNameMutator_0,5065185,6706,0,0,0,0,0,2,959
org.mudebug.prapr.mutators.FieldAccessToMethodCallMutator_2,5065189,6744,0,0,0,1,1,0,1894
org.pitest.mutationtest.engine.gregor.mutators.InlineConstantMutator,5065191,334,0,0,0,0,0,9,382
org.pitest.mutationtest.engine.gregor.mutators.NonVoidMethodCallMutator,5065202,6743,0,0,1,1,1,2692,1867
org.pitest.mutationtest.engine.gregor.mutators.NonVoidMethodCallMutator,5067896,6728,0,0,0,1,1,2802,1407
org.mudebug.prapr.mutators.FieldNameMutator_4,5070700,1777,0,0,0,0,0,0,684
org.mudebug.prapr.mutators.ArgumentListMutator_4,5070702,7088,0,0,1,1,1,5159,914
org.mudebug.prapr.mutators.VoidMethodCallGuardMutator,5075863,7058,0,0,0,0,0,0,409
org.mudebug.prapr.mutators.ReturningDereferenceGuardMutator_0,5075865,7627,0,0,0,0,0,0,159
org.pitest.mutationtest.engine.gregor.mutators.NonVoidMethodCallMutator,5075867,5357,0,0,0,0,0,2,703
org.mudebug.prapr.mutators.MethodNameMutator_3,5075871,1236,1,0,0,1,1,15,521
org.mudebug.prapr.mutators.ArgumentListMutator_3,5075888,7058,0,0,1,1,1,5538,522
org.pitest.mutationtest.engine.gregor.mutators.RemoveConditionalMutator_EQUAL_ELSE,5081428,6706,0,0,0,1,1,8,963
org.mudebug.prapr.mutators.ArgumentListMutator_3,5081438,6725,0,0,1,1,1,1,1369
org.mudebug.prapr.mutators.RelationalOperatorReplacement_0,5081441,3675,0,0,0,0,0,0,2354
org.mudebug.prapr.mutators.DereferenceGuardMutator_3,5081443,6176,0,0,0,0,0,0,571
org.mudebug.prapr.mutators.MethodNameMutator_2,5081445,1311,0,0,0,1,1,147,63
org.mudebug.prapr.mutators.LocalNameMutator_2,5081594,1245,0,0,0,0,0,0,749
org.pitest.mutationtest.engine.gregor.mutators.experimental.RemoveSwitchMutator_28,5081596,495,0,0,0,0,0,77,119
org.mudebug.prapr.mutators.ReturningDereferenceGuardMutator_0,5081675,4415,0,0,0,0,0,0,549
org.mudebug.prapr.mutators.MethodNameMutator_0,5081677,346,0,0,0,1,1,4,497
org.mudebug.prapr.mutators.ReturningDereferenceGuardMutator_2,5081683,7063,0,0,0,0,0,0,609
org.mudebug.prapr.mutators.MethCallResultGuard_2,5081685,5356,0,0,0,1,1,224,84
org.mudebug.prapr.mutators.MethodNameMutator_0,5081911,5376,0,0,0,0,0,1,1045
org.mudebug.prapr.mutators.FieldAccessToMethodCallMutator_3,5081914,4627,0,0,0,1,1,4455,94
org.mudebug.prapr.mutators.FieldNameMutator_1,5086371,7302,0,0,0,0,0,1979,110
org.mudebug.prapr.mutators.LocalToFieldAccessMutator_4,5088352,6415,0,0,0,1,1,39,273
org.mudebug.prapr.mutators.ArithmeticOperatorReplacement_2,5088393,4257,0,0,0,0,0,26,409
org.mudebug.prapr.mutators.FieldToLocalAccessMutator_1,5088421,6651,0,0,1,1,1,4611,377
org.mudebug.prapr.mutators.DereferenceGuardMutator_3,5093034,705,0,0,0,0,0,5,65
org.mudebug.prapr.mutators.FieldNameMutator_1,5093041,1537,0,0,0,0,0,0,31
org.mudebug.prapr.mutators.MethCallResultGuard_1,5093043,1082,0,0,0,0,0,0,834
org.pitest.mutationtest.engine.gregor.mutators.RemoveConditionalMutator_EQUAL_IF,5093045,7302,0,0,0,0,0,0,110
org.mudebug.prapr.mutators.FieldAccessToMethodCallMutator_1,5093047,1777,0,0,0,0,0,0,661
org.mudebug.prapr.mutators.ArithmeticOperatorReplacement_4,5093049,7108,0,0,1,1,1,5538,1153
org.pitest.mutationtest.engine.gregor.mutators.NegateConditionalsMutator,5098589,705,0,0,0,0,0,9,57
org.mudebug.prapr.mutators.FieldNameMutator_3,5098600,7058,0,0,1,1,1,5065,471
org.pitest.mutationtest.engine.gregor.mutators.experimental.MemberVariableMutator,5103667,6652,0,0,0,0,0,0,403
org.mudebug.prapr.mutators.LocalToFieldAccessMutator_3,5103669,6728,0,0,1,1,1,2822,1407
org.mudebug.prapr.mutators.NonVoidMethodCallGuardMutator_0,5106493,547,0,0,0,0,0,0,166
org.mudebug.prapr.mutators.RelationalOperatorReplacement_1,5106495,6388,0,0,0,1,1,1310,265
org.pitest.mutationtest.engine.gregor.mutators.experimental.MemberVariableMutator,5107807,4392,0,0,1,1,1,3830,209
org.mudebug.prapr.mutators.FieldAccessToMethodCallMutator_1,5111642,1777,0,0,0,0,0,0,760
org.pitest.mutationtest.engine.gregor.mutators.VoidMethodCallMutator,5111644,1042,0,0,1,1,1,5166,231
org.mudebug.prapr.mutators.LocalToFieldAccessMutator_1,5116812,6713,0,0,0,1,1,2703,1147
org.mudebug.prapr.mutators.MethodNameMutator_3,5119517,1245,0,0,0,0,0,7,714
org.mudebug.prapr.mutators.FieldNameMutator_0,5119526,1777,0,0,0,0,0,0,718
org.mudebug.prapr.mutators.MethodNameMutator_6,5119528,7233,0,0,0,0,0,6,297
org.mudebug.prapr.mutators.MethodNameMutator_3,5119536,7086,0,0,0,0,0,0,892
org.mudebug.prapr.mutators.MethodNameMutator_7,5119538,4415,0,0,0,0,0,6,551
org.mudebug.prapr.mutators.FieldAccessToMethodCallMutator_0,5119546,1106,0,0,1,1,1,2979,1172
org.mudebug.prapr.mutators.ReturningDereferenceGuardMutator_1,5122527,1053,0,0,0,0,0,0,442
org.mudebug.prapr.mutators.MethodNameMutator_0,5122529,7247,0,0,0,0,0,0,597
org.mudebug.prapr.mutators.MethodNameMutator_0,5122531,1143,0,0,0,1,1,3041,1727
org.mudebug.prapr.mutators.RelationalOperatorReplacement_3,5125574,5212,0,0,0,0,0,28,65
org.mudebug.prapr.mutators.LocalNameMutator_2,5125604,7058,0,0,0,0,0,32,529
org.mudebug.prapr.mutators.LocalToFieldAccessMutator_2,5125638,6737,0,0,1,1,1,2668,1783
org.pitest.mutationtest.engine.gregor.mutators.RemoveConditionalMutator_EQUAL_ELSE,5128308,5357,0,0,0,0,0,2,703
org.mudebug.prapr.mutators.MethodNameMutator_0,5128312,1141,0,0,0,0,0,378,1715
org.pitest.mutationtest.engine.gregor.mutators.NegateConditionalsMutator,5128692,495,0,0,1,1,1,4769,201
org.mudebug.prapr.mutators.LocalToFieldAccessMutator_1,5133463,6674,0,0,1,1,1,2709,564
org.mudebug.prapr.mutators.FieldNameMutator_4,5136174,7058,0,0,1,1,1,5538,379
org.mudebug.prapr.mutators.MethCallResultGuard_2,5141714,6973,0,0,0,0,0,0,71
org.pitest.mutationtest.engine.gregor.mutators.ReturnValsMutator,5141716,7490,0,0,0,0,0,3,254
org.mudebug.prapr.mutators.MethCallResultGuard_1,5141721,1042,0,0,0,0,0,0,231
org.mudebug.prapr.mutators.RelationalOperatorReplacement_2,5141723,6706,0,0,0,1,1,24,973
org.pitest.mutationtest.engine.gregor.mutators.ReturnValsMutator,5141749,555,0,0,1,1,1,2569,950
org.pitest.mutationtest.engine.gregor.mutators.ArgumentPropagationMutator,5144320,6689,0,0,0,1,1,5,781
org.mudebug.prapr.mutators.LocalToFieldAccessMutator_0,5144327,6725,0,0,1,1,1,1,1369
org.pitest.mutationtest.engine.gregor.mutators.RemoveConditionalMutator_EQUAL_ELSE,5144330,7247,0,0,0,0,0,0,599
org.mudebug.prapr.mutators.FieldNameMutator_1,5144332,1554,0,0,0,0,0,62,143
org.mudebug.prapr.mutators.MethCallResultGuard_0,5144396,6705,0,0,0,0,0,0,918
org.mudebug.prapr.mutators.ArgumentListMutator_1,5144398,6687,0,0,0,0,0,5,756
org.mudebug.prapr.mutators.RelationalOperatorReplacement_0,5144405,7241,0,0,0,0,0,22,432
org.mudebug.prapr.mutators.MethCallResultGuard_0,5144429,7064,0,0,0,0,0,0,618
org.mudebug.prapr.mutators.ReturningDereferenceGuardMutator_3,5144431,7490,0,0,0,0,0,0,252
org.mudebug.prapr.mutators.ArithmeticOperatorReplacement_8,5144433,6713,0,0,0,1,1,100,1152
org.mudebug.prapr.mutators.LocalNameMutator_1,5144535,7058,0,0,0,0,0,6,377
org.pitest.mutationtest.engine.gregor.mutators.EmptyObjectReturnValsMutator,5144543,7342,0,0,0,0,0,1760,92
org.pitest.mutationtest.engine.gregor.mutators.RemoveConditionalMutator_EQUAL_ELSE,5146305,7557,0,0,0,0,0,75,76
org.pitest.mutationtest.engine.gregor.mutators.NonVoidMethodCallMutator,5146382,1041,0,0,0,0,0,5,219
org.mudebug.prapr.mutators.MethodNameMutator_2,5146389,1052,0,1,1,1,1,2499,412
org.mudebug.prapr.mutators.MethodNameMutator_0,5148889,6725,0,0,0,0,0,499,1367
org.mudebug.prapr.mutators.NonVoidMethodCallGuardMutator_0,5149390,1082,0,0,0,0,0,0,834
org.mudebug.prapr.mutators.NonVoidMethodCallGuardMutator_0,5149392,7059,0,0,0,0,0,0,564
org.pitest.mutationtest.engine.gregor.mutators.experimental.RemoveSwitchMutator_62,5149394,3636,0,0,0,0,0,0,1649
org.mudebug.prapr.mutators.FieldNameMutator_1,5149396,6651,0,0,0,0,0,23,381
org.pitest.mutationtest.engine.gregor.mutators.RemoveConditionalMutator_EQUAL_ELSE,5149421,6684,0,0,1,1,1,1029,697
org.mudebug.prapr.mutators.FieldAccessToMethodCallMutator_3,5150452,4635,0,1,1,1,1,2319,136
org.mudebug.prapr.mutators.NonVoidMethodCallGuardMutator_0,5152772,245,0,0,0,0,0,23,198
org.mudebug.prapr.mutators.ArgumentListMutator_2,5152800,6725,0,0,0,1,1,0,1369
org.mudebug.prapr.mutators.DereferenceGuardMutator_1,5152802,4413,0,0,0,0,0,0,523
org.mudebug.prapr.mutators.FieldAccessToMethodCallMutator_0,5152804,1053,0,0,1,1,1,4579,431
org.mudebug.prapr.mutators.ReturningDereferenceGuardMutator_4,5157385,1106,0,0,0,0,0,0,1102
org.pitest.mutationtest.engine.gregor.mutators.experimental.MemberVariableMutator,5157387,5212,0,0,1,1,1,2868,51
org.mudebug.prapr.mutators.LocalNameMutator_0,5160257,7503,0,0,1,1,1,5538,446
org.mudebug.prapr.mutators.RelationalOperatorReplacement_2,5165797,7108,0,0,0,0,0,1,1155
org.mudebug.prapr.mutators.LocalToFieldAccessMutator_0,5165800,6728,0,0,1,1,1,2813,1421
org.mudebug.prapr.mutators.ArgumentListMutator_2,5168615,5213,0,0,0,0,0,0,89
org.pitest.mutationtest.engine.gregor.mutators.RemoveConditionalMutator_EQUAL_IF,5168617,495,0,0,0,0,0,132,201
org.mudebug.prapr.mutators.MethCallResultGuard_1,5168751,551,0,0,0,0,0,0,215
org.pitest.mutationtest.engine.gregor.mutators.InlineConstantMutator,5168756,5356,0,0,0,0,0,0,181
org.mudebug.prapr.mutators.DereferenceGuardMutator_4,5168758,7627,0,0,0,0,0,5,159
org.pitest.mutationtest.engine.gregor.mutators.ArgumentPropagationMutator,5168765,6711,0,0,0,1,1,106,1133
org.pitest.mutationtest.engine.gregor.mutators.RemoveConditionalMutator_EQUAL_IF,5168873,2967,0,0,0,0,0,0,596
org.pitest.mutationtest.engine.gregor.mutators.ConstructorCallMutator,5168875,1048,0,0,1,1,1,4554,348
org.mudebug.prapr.mutators.ArgumentListMutator_4,5173431,2306,0,0,0,0,0,0,32
org.mudebug.prapr.mutators.LocalToFieldAccessMutator_0,5173433,6721,0,0,1,1,1,1745,1331
org.pitest.mutationtest.engine.gregor.mutators.experimental.RemoveSwitchMutator_33,5175180,555,0,0,0,0,0,77,872
org.mudebug.prapr.mutators.DereferenceGuardMutator_3,5175259,1106,0,0,0,0,0,5,1202
org.pitest.mutationtest.engine.gregor.mutators.NonVoidMethodCallMutator,5175266,7058,0,0,1,1,1,5538,269
org.mudebug.prapr.mutators.MethCallResultGuard_2,5180806,504,0,0,0,0,0,0,77
org.mudebug.prapr.mutators.ReturningDereferenceGuardMutator_2,5180808,7057,0,0,0,0,0,0,228
org.pitest.mutationtest.engine.gregor.mutators.NegateConditionalsMutator,5180810,5358,0,0,0,1,1,12,742
org.mudebug.prapr.mutators.FieldAccessToMethodCallMutator_0,5180824,6723,0,0,1,1,1,4867,1346
org.pitest.mutationtest.engine.gregor.mutators.NonVoidMethodCallMutator,5185693,1562,0,0,0,0,0,22,207
org.mudebug.prapr.mutators.ReturningDereferenceGuardMutator_0,5185717,5214,0,0,0,0,0,0,112
org.mudebug.prapr.mutators.VoidMethodCallGuardMutator,5185719,2967,0,0,0,0,0,0,610
org.mudebug.prapr.mutators.FieldToLocalAccessMutator_0,5185721,7554,0,0,0,0,0,2255,57
org.mudebug.prapr.mutators.RelationalOperatorReplacement_1,5187978,1234,0,0,0,0,0,0,267
org.mudebug.prapr.mutators.MethodNameMutator_7,5187980,1245,0,0,1,1,1,20,719
org.mudebug.prapr.mutators.ArgumentListMutator_0,5188002,1563,0,0,0,0,0,0,254
org.mudebug.prapr.mutators.ReturningDereferenceGuardMutator_2,5188004,4415,0,0,0,0,0,0,543
org.mudebug.prapr.mutators.MethodNameMutator_5,5188006,7382,0,0,0,0,0,1846,442
org.pitest.mutationtest.engine.gregor.mutators.experimental.RemoveSwitchMutator_94,5189854,5356,0,0,0,0,0,83,117
org.mudebug.prapr.mutators.LocalNameMutator_0,5189939,5356,0,0,1,1,1,1316,215
org.mudebug.prapr.mutators.LocalToFieldAccessMutator_0,5191257,7109,0,0,0,0,0,13,1174
org.mudebug.prapr.mutators.LocalNameMutator_0,5191272,4411,0,0,0,0,0,5,476
org.mudebug.prapr.mutators.ReturningDereferenceGuardMutator_3,5191279,1135,0,0,0,0,0,0,1643
org.mudebug.prapr.mutators.ArithmeticOperatorReplacement_2,5191281,347,0,0,0,0,0,1399,539
org.mudebug.prapr.mutators.LocalNameMutator_0,5192687,7189,0,0,0,0,0,34,488
org.mudebug.prapr.mutators.FieldNameMutator_0,5192723,1777,0,0,0,0,0,0,704
org.pitest.mutationtest.engine.gregor.mutators.experimental.MemberVariableMutator,5192725,503,0,0,0,0,0,0,67
org.mudebug.prapr.mutators.MethodNameMutator_2,5192727,5356,0,0,0,0,0,1252,215
org.mudebug.prapr.mutators.LocalToFieldAccessMutator_0,5193981,547,0,0,1,1,1,225,168
org.mudebug.prapr.mutators.FieldNameMutator_5,5194208,7058,0,0,1,1,1,5538,358
org.mudebug.prapr.mutators.RelationalOperatorReplacement_0,5199748,334,0,0,0,0,0,71,382
org.mudebug.prapr.mutators.LocalToFieldAccessMutator_0,5199823,6684,0,0,1,1,1,1011,714
org.mudebug.prapr.mutators.LocalNameMutator_0,5200836,5356,0,0,0,1,1,86,93
org.mudebug.prapr.mutators.ArithmeticOperatorReplacement_1,5200924,6713,0,0,0,0,0,75,1149
org.pitest.mutationtest.engine.gregor.mutators.RemoveConditionalMutator_EQUAL_ELSE,5201001,4415,0,0,0,0,0,3889,546
org.mudebug.prapr.mutators.RelationalOperatorReplacement_1,5204892,7355,0,0,0,0,0,1980,113
org.mudebug.prapr.mutators.DereferenceGuardMutator_0,5206874,4413,0,0,0,0,0,5,524
org.mudebug.prapr.mutators.DereferenceGuardMutator_0,5206881,7302,0,0,0,0,0,0,110
org.pitest.mutationtest.engine.gregor.mutators.ArgumentPropagationMutator,5206883,2459,0,0,0,0,0,4,58
org.mudebug.prapr.mutators.RelationalOperatorReplacement_1,5206889,7233,0,0,0,0,0,0,291
org.pitest.mutationtest.engine.gregor.mutators.experimental.RemoveSwitchMutator_51,5206891,495,0,0,0,0,0,0,119
org.pitest.mutationtest.engine.gregor.mutators.NonVoidMethodCallMutator,5206893,3651,0,0,0,0,0,2,1954
org.mudebug.prapr.mutators.FieldNameMutator_4,5206897,1777,0,0,0,0,0,0,683
org.mudebug.prapr.mutators.FieldNameMutator_5,5206899,1777,0,0,0,0,0,0,759
org.mudebug.prapr.mutators.LocalToFieldAccessMutator_1,5206901,6728,0,0,0,1,1,2687,1409
org.mudebug.prapr.mutators.FieldToLocalAccessMutator_0,5209590,6683,0,0,1,1,1,814,688
org.mudebug.prapr.mutators.LocalToFieldAccessMutator_2,5210406,6699,0,0,1,1,1,5519,863
org.mudebug.prapr.mutators.MethCallResultGuard_0,5215927,547,0,0,0,0,0,0,159
org.mudebug.prapr.mutators.LocalNameMutator_2,5215929,3388,0,0,1,1,1,109,77
org.mudebug.prapr.mutators.NonVoidMethodCallGuardMutator_0,5216040,495,0,0,0,0,0,5,266
org.pitest.mutationtest.engine.gregor.mutators.experimental.RemoveSwitchMutator_7,5216047,6649,0,0,0,0,0,0,175
org.pitest.mutationtest.engine.gregor.mutators.experimental.RemoveSwitchMutator_49,5216049,3636,0,0,0,0,0,0,1649
org.mudebug.prapr.mutators.FieldAccessToMethodCallMutator_0,5216051,4413,0,0,0,0,0,5,523
org.pitest.mutationtest.engine.gregor.mutators.VoidMethodCallMutator,5216058,7058,0,0,0,0,0,6,534
org.pitest.mutationtest.engine.gregor.mutators.experimental.RemoveSwitchMutator_29,5216069,6415,0,0,0,0,0,0,273
org.pitest.mutationtest.engine.gregor.mutators.InlineConstantMutator,5216071,7198,0,0,0,0,0,553,67
org.pitest.mutationtest.engine.gregor.mutators.NegateConditionalsMutator,5216626,5212,0,0,0,0,0,28,64
org.pitest.mutationtest.engine.gregor.mutators.RemoveConditionalMutator_EQUAL_ELSE,5216656,5356,0,0,0,0,0,141,339
org.pitest.mutationtest.engine.gregor.mutators.RemoveConditionalMutator_EQUAL_ELSE,5216799,5213,0,0,0,0,0,25,91
org.mudebug.prapr.mutators.FieldAccessToMethodCallMutator_1,5216826,1777,0,0,0,0,0,0,688
org.mudebug.prapr.mutators.LocalNameMutator_0,5216828,6684,0,0,0,0,0,112,711
org.mudebug.prapr.mutators.MethodNameMutator_2,5216942,551,0,0,0,1,1,2674,217
org.mudebug.prapr.mutators.ArgumentListMutator_0,5219618,6697,0,0,1,1,1,49,854
org.pitest.mutationtest.engine.gregor.mutators.RemoveConditionalMutator_EQUAL_ELSE,5219669,6744,0,0,0,1,1,680,1892
org.mudebug.prapr.mutators.MethCallResultGuard_1,5220351,7058,0,0,0,0,0,0,330
org.mudebug.prapr.mutators.LocalToFieldAccessMutator_2,5220357,6684,0,0,0,0,0,240,711
org.mudebug.prapr.mutators.RelationalOperatorReplacement_2,5220599,5356,0,0,0,0,0,0,344
org.mudebug.prapr.mutators.RelationalOperatorReplacement_1,5220601,7382,0,0,0,0,0,1847,442
org.mudebug.prapr.mutators.FieldAccessToMethodCallMutator_0,5222450,1804,0,0,1,1,1,5215,961
org.mudebug.prapr.mutators.FieldAccessToMethodCallMutator_0,5227667,7380,0,0,1,1,1,5543,396
org.pitest.mutationtest.engine.gregor.mutators.RemoveConditionalMutator_EQUAL_ELSE,5233212,5356,0,0,0,0,0,1,432
org.mudebug.prapr.mutators.FieldAccessToMethodCallMutator_2,5233215,6743,0,0,0,0,0,1634,1873
org.mudebug.prapr.mutators.NonVoidMethodCallGuardMutator_0,5234851,1119,0,0,0,0,0,0,1437
org.mudebug.prapr.mutators.MethCallResultGuard_1,5234853,370,0,0,0,0,0,0,816
org.pitest.mutationtest.engine.gregor.mutators.ConditionalsBoundaryMutator,5234855,1563,0,0,0,0,0,0,245
org.mudebug.prapr.mutators.LocalToFieldAccessMutator_2,5234857,6732,0,0,0,0,0,1981,1624
org.pitest.mutationtest.engine.gregor.mutators.experimental.RemoveSwitchMutator_16,5236840,6649,0,0,0,0,0,0,175
org.mudebug.prapr.mutators.FieldNameMutator_0,5236842,7059,0,0,0,0,0,10,551
org.mudebug.prapr.mutators.ArgumentListMutator_4,5236854,1082,0,0,1,1,1,5191,834
org.mudebug.prapr.mutators.ArgumentListMutator_1,5242047,7058,0,0,0,0,0,0,439
org.mudebug.prapr.mutators.LocalToFieldAccessMutator_2,5242049,6691,0,0,0,0,0,495,800
org.mudebug.prapr.mutators.ArgumentListMutator_1,5242550,5356,0,0,0,0,0,0,523
org.mudebug.prapr.mutators.MethCallResultGuard_0,5242552,1245,0,0,0,0,0,0,727
org.mudebug.prapr.mutators.NonVoidMethodCallGuardMutator_0,5242554,3675,0,0,0,0,0,0,2362
org.pitest.mutationtest.engine.gregor.mutators.NegateConditionalsMutator,5242556,1046,0,0,0,0,0,93,314
org.mudebug.prapr.mutators.VoidMethodCallGuardMutator,5242651,517,0,0,0,0,0,0,116
org.pitest.mutationtest.engine.gregor.mutators.ConstructorCallMutator,5242653,5212,0,0,1,1,1,2868,51
org.pitest.mutationtest.engine.gregor.mutators.ConstructorCallMutator,5245523,7231,0,0,1,1,1,5226,261
org.mudebug.prapr.mutators.DereferenceGuardMutator_3,5250751,7302,0,0,0,0,0,0,102
org.mudebug.prapr.mutators.FieldToLocalAccessMutator_0,5250753,6688,0,0,0,1,1,8,764
org.mudebug.prapr.mutators.MethodNameMutator_2,5250763,551,0,0,0,1,1,98,224
org.mudebug.prapr.mutators.MethCallResultGuard_0,5250863,1052,0,0,0,0,0,5,406
org.mudebug.prapr.mutators.RelationalOperatorReplacement_0,5250870,3902,0,0,0,0,0,1,49
org.mudebug.prapr.mutators.ReturningDereferenceGuardMutator_3,5250873,4635,0,0,0,0,0,0,136
org.pitest.mutationtest.engine.gregor.mutators.VoidMethodCallMutator,5250875,7257,0,0,0,0,0,5,810
org.mudebug.prapr.mutators.FieldAccessToMethodCallMutator_0,5250882,7215,0,0,0,0,0,0,131
org.pitest.mutationtest.engine.gregor.mutators.experimental.RemoveSwitchMutator_7,5250884,495,0,0,0,0,0,10,119
org.mudebug.prapr.mutators.ArgumentListMutator_4,5250896,7059,0,0,0,0,0,11,548
org.pitest.mutationtest.engine.gregor.mutators.experimental.MemberVariableMutator,5250909,1833,0,0,1,1,1,5209,73
org.mudebug.prapr.mutators.MethCallResultGuard_1,5256120,6725,0,0,0,0,0,0,1369
org.pitest.mutationtest.engine.gregor.mutators.NegateConditionalsMutator,5256122,5376,0,0,1,1,1,221,1046
org.mudebug.prapr.mutators.MethCallResultGuard_1,5256345,355,0,0,0,0,0,0,627
org.mudebug.prapr.mutators.ArgumentListMutator_4,5256347,5213,0,0,0,0,0,0,89
org.mudebug.prapr.mutators.DereferenceGuardMutator_0,5256349,1133,0,0,0,0,0,0,1633
org.mudebug.prapr.mutators.LocalNameMutator_1,5256351,6728,0,0,0,1,1,2819,1418
org.mudebug.prapr.mutators.FieldAccessToMethodCallMutator_0,5259172,6728,0,0,1,1,1,2674,1420
org.mudebug.prapr.mutators.MethodNameMutator_1,5261848,7058,0,0,1,1,1,5538,435
org.pitest.mutationtest.engine.gregor.mutators.RemoveConditionalMutator_EQUAL_IF,5267388,7304,0,0,0,0,0,0,186
org.mudebug.prapr.mutators.NonVoidMethodCallGuardMutator_0,5267402,7081,0,0,0,0,0,0,813
org.mudebug.prapr.mutators.LocalNameMutator_1,5267404,7058,0,0,0,0,0,2250,395
org.pitest.mutationtest.engine.gregor.mutators.InlineConstantMutator,5269656,6732,0,0,0,1,1,2810,1631
org.mudebug.prapr.mutators.MethCallResultGuard_2,5272468,5218,0,0,0,0,0,0,176
org.mudebug.prapr.mutators.MethodNameMutator_3,5272470,5376,0,0,0,0,0,0,1046
org.mudebug.prapr.mutators.FieldNameMutator_0,5272472,6723,0,0,1,1,1,5010,1346
org.mudebug.prapr.mutators.DereferenceGuardMutator_4,5277484,1053,0,0,0,0,0,5,431
org.mudebug.prapr.mutators.ReturningDereferenceGuardMutator_4,5277491,1119,0,0,0,0,0,0,1435
org.mudebug.prapr.mutators.RelationalOperatorReplacement_3,5277493,244,0,0,0,0,0,26,187
org.mudebug.prapr.mutators.RelationalOperatorReplacement_2,5277521,1106,0,0,0,1,1,2981,1099
org.mudebug.prapr.mutators.MethCallResultGuard_2,5280504,6725,0,0,0,0,0,0,1367
org.mudebug.prapr.mutators.RelationalOperatorReplacement_0,5280506,6706,0,0,0,0,0,6,963
org.pitest.mutationtest.engine.gregor.mutators.RemoveConditionalMutator_EQUAL_ELSE,5280514,2967,0,0,0,0,0,25,614
org.mudebug.prapr.mutators.ReturningDereferenceGuardMutator_4,5280541,1311,0,0,0,0,0,0,62
org.mudebug.prapr.mutators.LocalNameMutator_0,5280543,6678,0,0,1,1,1,5938,610
org.mudebug.prapr.mutators.ArgumentListMutator_0,5286483,355,0,0,1,1,1,2371,627
org.pitest.mutationtest.engine.gregor.mutators.RemoveConditionalMutator_EQUAL_ELSE,5288856,1101,0,0,1,1,1,4818,1019
org.pitest.mutationtest.engine.gregor.mutators.NonVoidMethodCallMutator,5293676,7241,0,0,0,0,0,22,430
org.pitest.mutationtest.engine.gregor.mutators.NegateConditionalsMutator,5293700,5213,0,0,1,1,1,2700,91
org.mudebug.prapr.mutators.FieldNameMutator_2,5296402,7058,0,0,0,0,0,1800,300
org.pitest.mutationtest.engine.gregor.mutators.NonVoidMethodCallMutator,5298204,7207,0,0,0,0,0,0,198
org.mudebug.prapr.mutators.MethCallResultGuard_2,5298206,353,0,0,0,0,0,0,617
org.mudebug.prapr.mutators.MethodNameMutator_2,5298208,1563,0,0,0,0,0,1,245
org.pitest.mutationtest.engine.gregor.mutators.NonVoidMethodCallMutator,5298213,7131,0,0,1,1,1,5538,71
org.mudebug.prapr.mutators.RelationalOperatorReplacement_2,5303753,7302,0,0,1,1,1,5538,111
org.mudebug.prapr.mutators.LocalToFieldAccessMutator_3,5309293,6712,0,0,1,1,1,5365,1137
org.mudebug.prapr.mutators.ArgumentListMutator_2,5319726,6706,0,0,0,1,1,2,978
org.mudebug.prapr.mutators.RelationalOperatorReplacement_1,5319730,5356,0,0,0,0,0,5,344
org.mudebug.prapr.mutators.RelationalOperatorReplacement_3,5319737,6977,0,0,0,0,0,0,96
org.mudebug.prapr.mutators.VoidMethodCallGuardMutator,5319739,7059,0,0,0,0,0,0,558
org.pitest.mutationtest.engine.gregor.mutators.RemoveConditionalMutator_EQUAL_IF,5319741,1560,0,0,0,0,0,166,189
org.mudebug.prapr.mutators.LocalNameMutator_2,5319909,7058,0,0,0,0,0,4,482
org.mudebug.prapr.mutators.MethodNameMutator_3,5319918,551,0,0,1,1,1,4299,215
org.pitest.mutationtest.engine.gregor.mutators.InlineConstantMutator,5324219,5375,0,0,0,0,0,2,1034
org.pitest.mutationtest.engine.gregor.mutators.NonVoidMethodCallMutator,5324223,7302,0,0,0,0,0,0,117
org.pitest.mutationtest.engine.gregor.mutators.PrimitiveReturnsMutator,5324225,2308,0,0,0,0,0,5,92
org.mudebug.prapr.mutators.FieldAccessToMethodCallMutator_0,5324232,6684,0,0,1,1,1,853,703
org.mudebug.prapr.mutators.NonVoidMethodCallGuardMutator_0,5325087,3411,0,0,0,0,0,0,44
org.pitest.mutationtest.engine.gregor.mutators.VoidMethodCallMutator,5325089,7058,0,0,1,1,1,5226,275
org.mudebug.prapr.mutators.FieldToLocalAccessMutator_0,5330317,6683,0,0,1,1,1,190,687
org.pitest.mutationtest.engine.gregor.mutators.InlineConstantMutator,5330509,1777,0,0,0,0,0,53,632
org.mudebug.prapr.mutators.FieldNameMutator_1,5330564,6743,0,0,1,1,1,2670,1876
org.mudebug.prapr.mutators.RelationalOperatorReplacement_3,5333236,7302,0,0,0,0,0,1967,102
org.mudebug.prapr.mutators.DereferenceGuardMutator_0,5335205,359,0,0,0,0,0,0,674
org.pitest.mutationtest.engine.gregor.mutators.ReturnValsMutator,5335207,7199,0,0,0,0,0,1648,87
org.mudebug.prapr.mutators.MethodNameMutator_2,5336857,334,0,0,0,0,0,4,381
org.mudebug.prapr.mutators.FieldNameMutator_1,5336863,1777,0,0,0,0,0,53,726
org.mudebug.prapr.mutators.FieldNameMutator_2,5336918,1777,0,0,0,0,0,0,649
org.mudebug.prapr.mutators.MethodNameMutator_0,5336920,7058,0,0,0,0,0,6,532
org.mudebug.prapr.mutators.RelationalOperatorReplacement_2,5336928,4410,0,0,0,0,0,24,440
org.mudebug.prapr.mutators.RelationalOperatorReplacement_2,5336954,3558,0,0,0,1,1,50,123
org.mudebug.prapr.mutators.LocalNameMutator_1,5337006,6728,0,0,0,1,1,2550,1420
org.mudebug.prapr.mutators.LocalToFieldAccessMutator_0,5339558,6689,0,0,0,0,0,0,783
org.pitest.mutationtest.engine.gregor.mutators.NullReturnValsMutator,5339560,545,0,0,1,1,1,5360,141
org.pitest.mutationtest.engine.gregor.mutators.experimental.MemberVariableMutator,5344922,6683,0,0,0,0,0,39,686
org.mudebug.prapr.mutators.LocalNameMutator_1,5344963,5356,0,0,0,0,0,111,351
org.mudebug.prapr.mutators.MethodNameMutator_7,5345076,6977,0,0,0,0,0,1,96
org.pitest.mutationtest.engine.gregor.mutators.NegateConditionalsMutator,5345082,245,0,0,1,1,1,4242,198
org.mudebug.prapr.mutators.MethCallResultGuard_2,5349326,359,0,0,0,0,0,0,674
org.mudebug.prapr.mutators.FieldNameMutator_1,5349328,1777,0,0,0,0,0,0,691
org.mudebug.prapr.mutators.MethodNameMutator_9,5349332,1046,0,0,1,1,1,4574,331
org.mudebug.prapr.mutators.MethCallResultGuard_0,5353908,6706,0,0,0,0,0,0,932
org.pitest.mutationtest.engine.gregor.mutators.NullReturnValsMutator,5353910,4402,0,0,1,1,1,686,368
org.mudebug.prapr.mutators.LocalNameMutator_0,5354598,347,0,0,1,1,1,4283,525
org.mudebug.prapr.mutators.MethodNameMutator_1,5358883,5356,0,0,0,0,0,44,98
org.pitest.mutationtest.engine.gregor.mutators.VoidMethodCallMutator,5358929,5213,0,0,0,0,0,0,89
org.mudebug.prapr.mutators.FieldAccessToMethodCallMutator_4,5358931,1777,0,0,0,0,0,0,719
org.mudebug.prapr.mutators.FieldToLocalAccessMutator_0,5358933,5209,0,0,0,0,0,0,288
org.mudebug.prapr.mutators.MethCallResultGuard_2,5358935,7058,0,0,0,0,0,0,303
org.mudebug.prapr.mutators.MethodNameMutator_1,5358937,1563,0,0,0,0,0,1,245
org.mudebug.prapr.mutators.LocalToFieldAccessMutator_3,5358940,6718,0,0,1,1,1,5120,1267
org.mudebug.prapr.mutators.ArgumentListMutator_4,5364062,6652,0,0,0,0,0,5,393
org.mudebug.prapr.mutators.MethCallResultGuard_0,5364069,6743,0,0,1,1,1,2912,1867
org.mudebug.prapr.mutators.MethodNameMutator_5,5366983,5375,0,0,1,1,1,293,1032
org.pitest.mutationtest.engine.gregor.mutators.ConstructorCallMutator,5367278,4157,0,0,1,1,1,4577,93
org.pitest.mutationtest.engine.gregor.mutators.ReturnValsMutator,5371859,6987,0,0,0,0,0,165,155
org.mudebug.prapr.mutators.FieldNameMutator_0,5372029,6674,0,0,1,1,1,1029,560
org.mudebug.prapr.mutators.MethCallResultGuard_0,5373060,1231,0,0,0,0,0,0,69
org.mudebug.prapr.mutators.FieldToLocalAccessMutator_1,5373062,6407,0,0,1,1,1,4,2237
org.pitest.mutationtest.engine.gregor.mutators.InlineConstantMutator,5373068,244,0,0,0,0,0,5,187
org.pitest.mutationtest.engine.gregor.mutators.PrimitiveReturnsMutator,5373075,5219,0,0,0,0,0,83,181
org.mudebug.prapr.mutators.MethodNameMutator_1,5373160,6728,0,0,1,1,1,2821,1409
org.pitest.mutationtest.engine.gregor.mutators.RemoveConditionalMutator_EQUAL_ELSE,5375983,244,0,0,0,0,0,1,181
org.mudebug.prapr.mutators.MethodNameMutator_0,5375986,5358,0,0,1,1,1,364,718
org.mudebug.prapr.mutators.RelationalOperatorReplacement_3,5376352,5356,0,0,1,1,1,2243,575
org.mudebug.prapr.mutators.ReturningDereferenceGuardMutator_3,5378597,6652,0,0,0,0,0,0,391
org.mudebug.prapr.mutators.LocalToFieldAccessMutator_1,5378599,6706,0,0,0,1,1,0,965
org.mudebug.prapr.mutators.MethCallResultGuard_1,5378601,4411,0,0,0,0,0,2102,500
org.mudebug.prapr.mutators.DereferenceGuardMutator_4,5380705,6683,0,0,0,0,0,0,683
org.mudebug.prapr.mutators.DereferenceGuardMutator_0,5380707,6977,0,0,0,0,0,5,97
org.pitest.mutationtest.engine.gregor.mutators.InlineConstantMutator,5380714,7215,0,0,0,0,0,0,128
org.mudebug.prapr.mutators.DereferenceGuardMutator_0,5380716,6706,0,0,0,0,0,0,929
org.mudebug.prapr.mutators.LocalToFieldAccessMutator_0,5380718,3417,0,0,0,0,0,5,88
org.mudebug.prapr.mutators.ArgumentListMutator_2,5380725,7088,0,0,1,1,1,5159,914
org.mudebug.prapr.mutators.LocalNameMutator_0,5385886,5356,0,0,1,1,1,2868,84
org.mudebug.prapr.mutators.MethodNameMutator_0,5388756,4159,0,1,1,1,1,2595,103
org.pitest.mutationtest.engine.gregor.mutators.experimental.MemberVariableMutator,5391352,543,0,0,0,1,1,2221,105
org.mudebug.prapr.mutators.ArgumentListMutator_2,5393575,5356,0,0,0,0,0,0,428
org.pitest.mutationtest.engine.gregor.mutators.InlineConstantMutator,5393577,3587,0,0,0,0,0,762,1030
org.pitest.mutationtest.engine.gregor.mutators.experimental.MemberVariableMutator,5394341,7684,0,0,1,1,1,5538,82
org.pitest.mutationtest.engine.gregor.mutators.VoidMethodCallMutator,5399881,517,0,0,0,0,0,5,94
org.mudebug.prapr.mutators.DereferenceGuardMutator_4,5399888,6689,0,0,0,0,0,0,783
org.mudebug.prapr.mutators.RelationalOperatorReplacement_2,5399890,5356,0,0,0,1,1,201,368
org.pitest.mutationtest.engine.gregor.mutators.VoidMethodCallMutator,5400093,5356,0,0,0,1,1,39,522
org.mudebug.prapr.mutators.FieldAccessToMethodCallMutator_0,5400134,1777,0,0,0,0,0,0,725
org.mudebug.prapr.mutators.FieldAccessToMethodCallMutator_0,5400136,4152,0,0,0,0,0,0,64
org.mudebug.prapr.mutators.ArgumentListMutator_4,5400138,3240,0,0,1,1,1,5316,38
org.mudebug.prapr.mutators.LocalNameMutator_0,5405456,6743,0,0,1,1,1,2692,1867
org.mudebug.prapr.mutators.LocalToFieldAccessMutator_1,5408150,6728,0,0,0,1,1,2811,1407
org.mudebug.prapr.mutators.ArgumentListMutator_1,5410970,1043,0,1,1,1,1,918,270
org.mudebug.prapr.mutators.LocalNameMutator_2,5411889,7058,0,0,0,0,0,18,422
org.pitest.mutationtest.engine.gregor.mutators.NegateConditionalsMutator,5411909,5213,0,0,0,0,0,30,91
org.mudebug.prapr.mutators.FieldNameMutator_3,5411941,7058,0,0,0,0,0,2111,297
org.mudebug.prapr.mutators.FieldAccessToMethodCallMutator_4,5414054,6684,0,0,0,1,1,853,712
org.mudebug.prapr.mutators.FieldNameMutator_2,5414909,6738,0,0,1,1,1,253,1794
org.mudebug.prapr.mutators.FieldAccessToMethodCallMutator_2,5415164,1537,0,0,0,0,0,0,31
org.pitest.mutationtest.engine.gregor.mutators.experimental.RemoveSwitchMutator_35,5415166,6649,0,0,0,0,0,0,175
org.mudebug.prapr.mutators.FieldToLocalAccessMutator_1,5415168,6725,0,0,0,1,1,0,1369
org.mudebug.prapr.mutators.MethCallResultGuard_2,5415170,6706,0,0,0,0,0,0,1024
org.mudebug.prapr.mutators.FieldAccessToMethodCallMutator_1,5415172,1777,0,0,0,0,0,0,680
org.mudebug.prapr.mutators.FieldNameMutator_0,5415174,7058,0,0,1,1,1,5538,255
org.mudebug.prapr.mutators.LocalNameMutator_0,5420714,1234,0,0,1,1,1,25,274
org.mudebug.prapr.mutators.FieldAccessToMethodCallMutator_4,5420741,6652,0,0,1,1,1,5084,399
org.mudebug.prapr.mutators.LocalToFieldAccessMutator_0,5425827,6691,0,0,1,1,1,4533,800
org.mudebug.prapr.mutators.ArgumentListMutator_4,5430362,7058,0,0,0,0,0,0,532
org.mudebug.prapr.mutators.ReturningDereferenceGuardMutator_0,5430364,1119,0,0,0,0,0,0,1434
org.mudebug.prapr.mutators.FieldNameMutator_1,5430366,6652,0,0,1,1,1,4748,391
org.mudebug.prapr.mutators.RelationalOperatorReplacement_1,5435116,1106,0,0,0,0,0,5,1166
org.mudebug.prapr.mutators.LocalToFieldAccessMutator_0,5435123,551,0,0,1,1,1,4299,214
org.mudebug.prapr.mutators.FieldNameMutator_3,5439424,1777,0,0,0,0,0,74,731
org.mudebug.prapr.mutators.ReturningDereferenceGuardMutator_4,5439500,4635,0,0,0,0,0,5,136
org.pitest.mutationtest.engine.gregor.mutators.experimental.RemoveSwitchMutator_9,5439507,3558,0,0,0,0,0,9,109
org.mudebug.prapr.mutators.LocalNameMutator_1,5439522,1246,0,0,0,0,0,0,826
org.mudebug.prapr.mutators.MethodNameMutator_0,5439524,334,0,0,0,0,0,0,382
org.pitest.mutationtest.engine.gregor.mutators.InlineConstantMutator,5439526,1562,0,0,0,0,0,2,209
org.pitest.mutationtest.engine.gregor.mutators.experimental.MemberVariableMutator,5439530,1038,0,0,0,0,0,0,131
org.mudebug.prapr.mutators.MethCallResultGuard_0,5439532,6690,0,0,0,0,0,0,792
org.mudebug.prapr.mutators.ArgumentListMutator_5,5439534,7052,0,0,0,0,0,0,140
org.mudebug.prapr.mutators.FieldNameMutator_0,5439536,1777,0,0,0,0,0,0,749
org.mudebug.prapr.mutators.MethodNameMutator_3,5439538,5365,0,0,0,0,0,2120,837
org.mudebug.prapr.mutators.LocalNameMutator_1,5441660,7058,0,0,0,0,0,20,422
org.mudebug.prapr.mutators.NonVoidMethodCallGuardMutator_0,5441682,7106,0,0,0,0,0,0,1128
org.pitest.mutationtest.engine.gregor.mutators.VoidMethodCallMutator,5441684,7058,0,0,1,1,1,5538,341
org.mudebug.prapr.mutators.VoidMethodCallGuardMutator,5447224,369,0,0,0,0,0,0,807
org.pitest.mutationtest.engine.gregor.mutators.NonVoidMethodCallMutator,5447226,1237,0,0,1,1,1,18,544
org.pitest.mutationtest.engine.gregor.mutators.experimental.RemoveSwitchMutator_45,5447246,5356,0,0,0,0,0,36,117
org.mudebug.prapr.mutators.ArgumentListMutator_0,5447284,6725,0,0,0,1,1,0,1369
org.pitest.mutationtest.engine.gregor.mutators.VoidMethodCallMutator,5447286,6755,0,0,0,1,1,142,2012
org.pitest.mutationtest.engine.gregor.mutators.NonVoidMethodCallMutator,5447430,547,0,0,1,1,1,254,165
org.mudebug.prapr.mutators.MethodNameMutator_0,5447686,7233,0,0,0,0,0,13,297
org.mudebug.prapr.mutators.MethCallResultGuard_1,5447701,6689,0,0,0,1,1,2230,781
org.pitest.mutationtest.engine.gregor.mutators.RemoveConditionalMutator_EQUAL_ELSE,5449933,1134,0,0,0,0,0,33,1638
org.mudebug.prapr.mutators.ReturningDereferenceGuardMutator_3,5449968,4257,0,0,0,0,0,0,408
org.mudebug.prapr.mutators.ArgumentListMutator_4,5449970,4411,0,0,0,0,0,0,471
org.pitest.mutationtest.engine.gregor.mutators.RemoveConditionalMutator_EQUAL_ELSE,5449972,4667,0,0,0,1,1,2583,67
org.mudebug.prapr.mutators.ArgumentListMutator_2,5452557,1313,0,0,0,0,0,0,84
org.pitest.mutationtest.engine.gregor.mutators.RemoveConditionalMutator_EQUAL_IF,5452559,551,0,0,0,0,0,4,207
org.mudebug.prapr.mutators.MethodNameMutator_3,5452565,1231,0,0,1,1,1,30,68
org.mudebug.prapr.mutators.NonVoidMethodCallGuardMutator_0,5452597,495,0,0,0,0,0,0,174
org.pitest.mutationtest.engine.gregor.mutators.experimental.MemberVariableMutator,5452606,7479,0,0,1,1,1,5538,82
org.mudebug.prapr.mutators.FieldToLocalAccessMutator_2,5458146,6728,0,0,0,0,0,599,1420
org.mudebug.prapr.mutators.FieldToLocalAccessMutator_1,5458747,6652,0,0,1,1,1,5084,393
org.pitest.mutationtest.engine.gregor.mutators.NonVoidMethodCallMutator,5463833,1053,0,0,0,0,0,2149,442
org.mudebug.prapr.mutators.RelationalOperatorReplacement_1,5465984,3558,0,0,0,0,0,0,128
org.mudebug.prapr.mutators.RelationalOperatorReplacement_1,5465986,4411,0,0,1,1,1,4269,500
org.mudebug.prapr.mutators.FieldNameMutator_4,5470257,1777,0,0,0,0,0,0,759
org.mudebug.prapr.mutators.ArgumentListMutator_4,5470259,5362,0,0,1,1,1,2661,823
org.mudebug.prapr.mutators.MethodNameMutator_0,5472922,6678,0,0,0,0,0,0,602
org.pitest.mutationtest.engine.gregor.mutators.ConstructorCallMutator,5472924,7627,0,0,1,1,1,5538,159
org.pitest.mutationtest.engine.gregor.mutators.experimental.MemberVariableMutator,5478464,3240,0,0,1,1,1,4765,38
org.mudebug.prapr.mutators.FieldNameMutator_2,5483231,6737,0,0,0,0,0,162,1782
org.mudebug.prapr.mutators.LocalToFieldAccessMutator_0,5483395,1046,0,0,0,0,0,12,313
org.pitest.mutationtest.engine.gregor.mutators.InlineConstantMutator,5483409,7247,0,0,0,0,0,0,597
org.mudebug.prapr.mutators.ArgumentListMutator_4,5483411,1053,0,0,0,0,0,5,430
org.mudebug.prapr.mutators.ReturningDereferenceGuardMutator_3,5483418,5213,0,0,0,0,0,0,91
org.mudebug.prapr.mutators.NonVoidMethodCallGuardMutator_0,5483420,1106,0,0,0,0,0,5,1098
org.mudebug.prapr.mutators.FieldNameMutator_0,5483427,6652,0,0,1,1,1,5027,399
org.mudebug.prapr.mutators.MethodNameMutator_0,5488456,3387,0,0,1,1,1,212,58
org.pitest.mutationtest.engine.gregor.mutators.ReturnValsMutator,5488670,328,0,0,1,1,1,4458,282
org.mudebug.prapr.mutators.LocalNameMutator_1,5493130,1234,0,0,0,0,0,0,316
org.pitest.mutationtest.engine.gregor.mutators.experimental.MemberVariableMutator,5493132,7215,0,0,1,1,1,5538,132
org.pitest.mutationtest.engine.gregor.mutators.RemoveConditionalMutator_EQUAL_IF,5498672,244,0,0,0,0,0,0,187
org.mudebug.prapr.mutators.FieldToLocalAccessMutator_0,5498674,632,0,0,0,0,0,2,33
org.pitest.mutationtest.engine.gregor.mutators.InlineConstantMutator,5498678,7058,0,0,1,1,1,5538,453
org.mudebug.prapr.mutators.FieldAccessToMethodCallMutator_2,5504218,1777,0,0,0,0,0,0,644
org.mudebug.prapr.mutators.MethodNameMutator_0,5504220,1053,0,0,1,1,1,4574,440
org.mudebug.prapr.mutators.ArithmeticOperatorReplacement_1,5508796,346,0,0,0,0,0,3,496
org.pitest.mutationtest.engine.gregor.mutators.RemoveConditionalMutator_ORDER_ELSE,5508801,7303,0,0,0,0,0,0,168
org.mudebug.prapr.mutators.NonVoidMethodCallGuardMutator_0,5508803,1083,0,0,0,0,0,0,843
org.pitest.mutationtest.engine.gregor.mutators.ConstructorCallMutator,5508805,4392,0,0,1,1,1,5220,59
org.mudebug.prapr.mutators.FieldAccessToMethodCallMutator_1,5514027,1046,0,0,1,1,1,4574,309
org.mudebug.prapr.mutators.ArgumentListMutator_0,5518603,5356,0,0,1,1,1,251,511
org.mudebug.prapr.mutators.MethCallResultGuard_1,5518856,6706,0,0,0,0,0,0,967
org.mudebug.prapr.mutators.FieldNameMutator_5,5518858,7059,0,0,0,0,0,9,560
org.mudebug.prapr.mutators.ArgumentListMutator_3,5518869,1037,0,0,1,1,1,5257,183
org.mudebug.prapr.mutators.LocalToFieldAccessMutator_3,5524128,6706,0,0,0,1,1,0,965
org.pitest.mutationtest.engine.gregor.mutators.experimental.RemoveSwitchMutator_10,5524130,3636,0,0,0,0,0,1,1649
org.mudebug.prapr.mutators.NonVoidMethodCallGuardMutator_0,5524133,7109,0,0,0,0,0,0,1174
org.mudebug.prapr.mutators.NonVoidMethodCallGuardMutator_0,5524135,7247,0,0,0,0,0,0,598
org.mudebug.prapr.mutators.ArgumentListMutator_1,5524141,7106,0,0,0,0,0,49,1128
org.mudebug.prapr.mutators.DereferenceGuardMutator_4,5524192,1119,0,0,0,0,0,5,1435
org.mudebug.prapr.mutators.MethCallResultGuard_2,5524199,6684,0,0,0,0,0,4,701
org.mudebug.prapr.mutators.DereferenceGuardMutator_0,5524205,6737,0,0,0,0,0,5,1782
org.mudebug.prapr.mutators.LocalToFieldAccessMutator_4,5524212,6665,0,0,1,1,1,5134,524
org.mudebug.prapr.mutators.MethodNameMutator_8,5529348,551,0,0,0,0,0,1505,214
org.mudebug.prapr.mutators.MethCallResultGuard_2,5530855,7058,0,0,0,0,0,0,303
org.pitest.mutationtest.engine.gregor.mutators.InlineConstantMutator,5530857,3240,0,0,0,0,0,0,42
org.mudebug.prapr.mutators.FieldNameMutator_2,5530859,1777,0,0,0,0,0,0,748
org.mudebug.prapr.mutators.MethCallResultGuard_0,5530861,359,0,0,0,0,0,0,674
org.pitest.mutationtest.engine.gregor.mutators.experimental.MemberVariableMutator,5530863,4626,0,0,0,0,0,0,70
org.pitest.mutationtest.engine.gregor.mutators.VoidMethodCallMutator,5530865,4413,0,0,1,1,1,5220,525
org.mudebug.prapr.mutators.MethCallResultGuard_0,5536087,7112,0,0,0,0,0,5,1216
org.pitest.mutationtest.engine.gregor.mutators.experimental.SwitchMutator,5536094,242,0,0,1,1,1,5190,150
org.mudebug.prapr.mutators.LocalNameMutator_0,5541286,705,0,0,0,0,0,8,68
org.mudebug.prapr.mutators.NonVoidMethodCallGuardMutator_0,5541296,247,0,0,0,0,0,0,247
org.pitest.mutationtest.engine.gregor.mutators.experimental.RemoveSwitchMutator_22,5541298,495,0,0,0,0,0,98,119
org.mudebug.prapr.mutators.FieldNameMutator_0,5541398,1537,0,0,0,0,0,0,32
org.mudebug.prapr.mutators.RelationalOperatorReplacement_2,5541400,7302,0,0,0,0,0,4,106
org.mudebug.prapr.mutators.FieldToLocalAccessMutator_0,5541406,1243,0,0,0,0,0,0,637
org.mudebug.prapr.mutators.FieldAccessToMethodCallMutator_3,5541408,1777,0,0,0,0,0,0,708
org.pitest.mutationtest.engine.gregor.mutators.experimental.RemoveSwitchMutator_83,5541410,5356,0,0,0,0,0,0,117
org.pitest.mutationtest.engine.gregor.mutators.NonVoidMethodCallMutator,5541412,3558,0,0,0,0,0,9,123
org.pitest.mutationtest.engine.gregor.mutators.experimental.NakedReceiverMutator,5541423,3710,0,0,0,0,0,1,67
org.mudebug.prapr.mutators.MethodNameMutator_2,5541426,3626,0,0,0,0,0,410,1516
org.pitest.mutationtest.engine.gregor.mutators.InlineConstantMutator,5541838,1234,0,0,0,0,0,0,267
org.mudebug.prapr.mutators.FieldNameMutator_2,5541840,1777,0,0,0,0,0,76,637
org.mudebug.prapr.mutators.FieldAccessToMethodCallMutator_3,5541918,6684,0,0,1,1,1,1026,713
org.mudebug.prapr.mutators.FieldNameMutator_2,5542946,3711,0,0,0,0,0,0,72
org.pitest.mutationtest.engine.gregor.mutators.InlineConstantMutator,5542948,7209,0,0,1,1,1,5538,51
org.mudebug.prapr.mutators.LocalNameMutator_0,5548488,7008,0,0,0,0,0,2252,503
org.mudebug.prapr.mutators.RelationalOperatorReplacement_3,5550744,5356,0,0,0,0,0,1,436
org.pitest.mutationtest.engine.gregor.mutators.NonVoidMethodCallMutator,5550747,7058,0,0,0,0,0,0,494
org.pitest.mutationtest.engine.gregor.mutators.NullReturnValsMutator,5550749,1231,0,0,0,0,0,0,98
org.mudebug.prapr.mutators.MethCallResultGuard_1,5550751,1119,0,0,0,0,0,0,1436
org.pitest.mutationtest.engine.gregor.mutators.ReturnValsMutator,5550756,553,0,0,0,0,0,33,264
org.mudebug.prapr.mutators.MethodNameMutator_0,5550791,6710,0,0,0,1,1,8,1070
org.mudebug.prapr.mutators.FieldAccessToMethodCallMutator_2,5550801,6684,0,0,1,1,1,1029,704
org.pitest.mutationtest.engine.gregor.mutators.experimental.MemberVariableMutator,5551832,7307,0,0,0,0,0,20,70
org.mudebug.prapr.mutators.MethCallResultGuard_1,5551854,7058,0,0,0,0,0,0,416
org.mudebug.prapr.mutators.MethCallResultGuard_0,5551856,7058,0,0,0,0,0,0,325
org.mudebug.prapr.mutators.FieldAccessToMethodCallMutator_4,5551858,7503,0,0,0,0,0,2039,453
org.mudebug.prapr.mutators.RelationalOperatorReplacement_1,5553903,4410,0,0,0,1,1,3297,445
org.mudebug.prapr.mutators.DereferenceGuardMutator_1,5557205,6743,0,0,0,0,0,5,1871
org.mudebug.prapr.mutators.ReturningDereferenceGuardMutator_3,5557212,1083,0,0,0,0,0,0,844
org.pitest.mutationtest.engine.gregor.mutators.NegateConditionalsMutator,5557214,7215,0,0,0,0,0,1477,137
org.mudebug.prapr.mutators.FieldAccessToMethodCallMutator_4,5558693,6651,0,0,0,0,0,23,377
org.mudebug.prapr.mutators.NonVoidMethodCallGuardMutator_0,5558718,346,0,0,0,0,0,0,496
org.mudebug.prapr.mutators.MethodNameMutator_3,5558720,5356,0,0,0,1,1,275,83
org.mudebug.prapr.mutators.MethCallResultGuard_0,5558997,3246,0,0,0,0,0,5,85
org.mudebug.prapr.mutators.LocalToFieldAccessMutator_1,5559004,1042,0,0,1,1,1,5291,243
org.mudebug.prapr.mutators.NonVoidMethodCallGuardMutator_0,5564297,343,0,0,0,0,0,0,464
org.mudebug.prapr.mutators.RelationalOperatorReplacement_0,5564299,3592,0,0,0,1,1,171,1084
org.pitest.mutationtest.engine.gregor.mutators.NonVoidMethodCallMutator,5564472,6988,0,0,0,0,0,3,167
org.pitest.mutationtest.engine.gregor.mutators.NonVoidMethodCallMutator,5564480,359,0,0,1,1,1,3535,674
org.mudebug.prapr.mutators.NonVoidMethodCallGuardMutator_0,5568017,5356,0,0,0,0,0,0,350
org.mudebug.prapr.mutators.MethodNameMutator_2,5568019,7250,0,0,0,0,0,31,662
org.mudebug.prapr.mutators.MethCallResultGuard_1,5568052,7059,0,0,0,0,0,0,555
org.mudebug.prapr.mutators.ReturningDereferenceGuardMutator_2,5568054,3416,0,0,0,0,0,0,77
org.pitest.mutationtest.engine.gregor.mutators.InlineConstantMutator,5568056,1777,0,0,0,0,0,0,723
org.mudebug.prapr.mutators.LocalNameMutator_0,5568058,7215,0,0,0,0,0,10,125
org.pitest.mutationtest.engine.gregor.mutators.ConstructorCallMutator,5568070,2967,0,0,0,0,0,35,606
org.mudebug.prapr.mutators.LocalToFieldAccessMutator_3,5568107,6697,0,0,1,1,1,27,848
org.mudebug.prapr.mutators.MethodNameMutator_0,5568136,7250,0,0,1,1,1,5543,662
org.mudebug.prapr.mutators.MethodNameMutator_1,5573681,3902,0,0,0,0,0,0,49
org.pitest.mutationtest.engine.gregor.mutators.experimental.MemberVariableMutator,5573683,7052,0,0,0,0,0,61,112
org.mudebug.prapr.mutators.MethCallResultGuard_2,5573746,495,0,0,0,0,0,0,202
org.mudebug.prapr.mutators.NonVoidMethodCallGuardMutator_0,5573748,5219,0,0,0,0,0,5,181
org.mudebug.prapr.mutators.FieldNameMutator_4,5573755,1777,0,0,0,0,0,84,636
org.mudebug.prapr.mutators.RelationalOperatorReplacement_2,5573841,6931,0,0,0,0,0,1138,844
org.mudebug.prapr.mutators.LocalToFieldAccessMutator_2,5574981,1118,0,0,0,1,1,113,1426
org.mudebug.prapr.mutators.MethodNameMutator_0,5575096,5357,0,0,0,0,0,2,703
org.mudebug.prapr.mutators.ArithmeticOperatorReplacement_3,5575100,2459,0,0,1,1,1,5291,62
org.pitest.mutationtest.engine.gregor.mutators.RemoveConditionalMutator_EQUAL_IF,5580393,7503,0,0,0,0,0,0,444
org.mudebug.prapr.mutators.DereferenceGuardMutator_0,5580395,557,0,0,0,0,0,0,1190
org.mudebug.prapr.mutators.MethodNameMutator_0,5580397,6174,0,0,0,0,0,5,548
org.mudebug.prapr.mutators.FieldAccessToMethodCallMutator_1,5580404,1777,0,0,0,0,0,0,676
org.mudebug.prapr.mutators.ArgumentListMutator_4,5580406,517,0,0,1,1,1,5288,106
org.pitest.mutationtest.engine.gregor.mutators.VoidMethodCallMutator,5585696,3417,0,0,0,0,0,8,100
org.pitest.mutationtest.engine.gregor.mutators.experimental.RemoveSwitchMutator_74,5585706,6415,0,0,0,0,0,0,273
org.mudebug.prapr.mutators.MethCallResultGuard_0,5585712,7081,0,0,0,0,0,0,813
org.mudebug.prapr.mutators.FieldNameMutator_2,5585714,1777,0,0,0,0,0,0,677
org.mudebug.prapr.mutators.FieldNameMutator_3,5585719,7209,0,0,0,0,0,9,51
org.mudebug.prapr.mutators.MethodNameMutator_3,5585730,1563,0,0,0,0,0,1,245
org.mudebug.prapr.mutators.FieldAccessToMethodCallMutator_1,5585733,6706,0,0,0,0,0,2,959
org.pitest.mutationtest.engine.gregor.mutators.ConstructorCallMutator,5585737,705,0,0,1,1,1,5190,69
org.mudebug.prapr.mutators.DereferenceGuardMutator_4,5590929,4159,0,0,0,0,0,5,103
org.mudebug.prapr.mutators.MethCallResultGuard_1,5590936,7059,0,0,0,0,0,0,545
org.mudebug.prapr.mutators.MethodNameMutator_2,5590941,3558,0,0,0,0,0,0,122
org.mudebug.prapr.mutators.MethCallResultGuard_0,5590943,5375,0,0,0,1,1,39,1033
org.mudebug.prapr.mutators.FieldAccessToMethodCallMutator_1,5590984,6683,0,0,1,1,1,2718,687
org.mudebug.prapr.mutators.RelationalOperatorReplacement_1,5593704,5374,0,0,0,0,0,0,1006
org.pitest.mutationtest.engine.gregor.mutators.NonVoidMethodCallMutator,5593706,7082,0,0,1,1,1,5226,817
org.mudebug.prapr.mutators.LocalToFieldAccessMutator_3,5598934,6694,0,0,1,1,1,5296,826
org.mudebug.prapr.mutators.MethodNameMutator_3,5604232,7382,0,0,0,0,0,42,442
org.mudebug.prapr.mutators.MethodNameMutator_3,5604276,3664,0,0,1,1,1,483,2189
org.mudebug.prapr.mutators.MethodNameMutator_2,5604761,1106,0,0,0,0,0,0,1196
org.mudebug.prapr.mutators.MethodNameMutator_9,5604763,7557,0,0,0,0,0,0,76
org.pitest.mutationtest.engine.gregor.mutators.RemoveConditionalMutator_EQUAL_IF,5604765,6987,0,0,0,0,0,606,150
org.pitest.mutationtest.engine.gregor.mutators.ArgumentPropagationMutator,5605373,5362,0,0,0,0,0,49,816
org.mudebug.prapr.mutators.NonVoidMethodCallGuardMutator_0,5605424,551,0,0,0,0,0,5,223
org.pitest.mutationtest.engine.gregor.mutators.NullReturnValsMutator,5605431,1086,0,0,1,1,1,4748,871
org.pitest.mutationtest.engine.gregor.mutators.NonVoidMethodCallMutator,5610181,245,0,0,0,0,0,2,198
org.pitest.mutationtest.engine.gregor.mutators.experimental.RemoveSwitchMutator_16,5610185,3636,0,0,0,0,0,1,1649
org.pitest.mutationtest.engine.gregor.mutators.NonVoidMethodCallMutator,5610188,6710,0,0,0,0,0,8,1064
org.mudebug.prapr.mutators.MethodNameMutator_1,5610198,7058,0,0,0,0,0,2,425
org.mudebug.prapr.mutators.RelationalOperatorReplacement_2,5610202,7505,0,0,0,0,0,0,467
org.pitest.mutationtest.engine.gregor.mutators.ReturnValsMutator,5610204,6732,0,0,0,1,1,2810,1631
org.mudebug.prapr.mutators.MethodNameMutator_4,5613016,6867,0,0,0,0,0,111,159
org.mudebug.prapr.mutators.FieldAccessToMethodCallMutator_1,5613129,6683,0,0,1,1,1,945,683
org.mudebug.prapr.mutators.RelationalOperatorReplacement_1,5614076,6728,0,0,0,1,1,2814,1412
org.pitest.mutationtest.engine.gregor.mutators.NullReturnValsMutator,5616892,7088,0,0,0,0,0,1251,914
org.mudebug.prapr.mutators.MethodNameMutator_0,5618145,247,0,0,1,1,1,4269,239
org.mudebug.prapr.mutators.FieldAccessToMethodCallMutator_4,5622416,6651,0,0,1,1,1,4611,382
org.mudebug.prapr.mutators.ReturningDereferenceGuardMutator_0,5627029,6651,0,0,0,0,0,0,377
org.pitest.mutationtest.engine.gregor.mutators.experimental.MemberVariableMutator,5627034,1777,0,0,0,0,0,0,710
org.mudebug.prapr.mutators.FieldAccessToMethodCallMutator_4,5627036,1777,0,0,0,0,0,0,723
org.mudebug.prapr.mutators.VoidMethodCallGuardMutator,5627038,1561,0,0,0,0,0,0,200
org.mudebug.prapr.mutators.MethCallResultGuard_1,5627040,495,0,0,0,0,0,0,172
org.pitest.mutationtest.engine.gregor.mutators.NonVoidMethodCallMutator,5627042,551,0,0,0,1,1,2674,217
org.mudebug.prapr.mutators.LocalToFieldAccessMutator_2,5629721,1049,0,0,0,0,0,23,368
org.mudebug.prapr.mutators.FieldToLocalAccessMutator_2,5629746,4411,0,0,1,1,1,4269,484
org.mudebug.prapr.mutators.ArgumentListMutator_2,5634017,2967,0,0,0,0,0,0,596
org.mudebug.prapr.mutators.MethodNameMutator_0,5634019,4411,0,0,1,1,1,4269,472
org.mudebug.prapr.mutators.ReturningDereferenceGuardMutator_1,5638290,6743,0,0,0,0,0,0,1870
org.mudebug.prapr.mutators.FieldAccessToMethodCallMutator_0,5638292,1777,0,0,0,0,0,0,675
org.mudebug.prapr.mutators.NonVoidMethodCallGuardMutator_0,5638294,545,0,0,0,0,0,5,127
org.pitest.mutationtest.engine.gregor.mutators.experimental.MemberVariableMutator,5638301,6168,0,0,0,0,0,0,477
org.mudebug.prapr.mutators.MethodNameMutator_5,5638303,1231,0,0,1,1,1,33,68
org.mudebug.prapr.mutators.NonVoidMethodCallGuardMutator_0,5638338,1050,0,0,0,0,0,0,381
org.mudebug.prapr.mutators.MethCallResultGuard_1,5638340,353,0,0,0,0,0,0,617
org.mudebug.prapr.mutators.DereferenceGuardMutator_3,5638342,6176,0,0,0,0,0,0,577
org.pitest.mutationtest.engine.gregor.mutators.experimental.RemoveSwitchMutator_2,5638344,3564,0,0,0,0,0,11,338
org.mudebug.prapr.mutators.FieldAccessToMethodCallMutator_1,5638357,1119,0,0,0,0,0,0,1434
org.mudebug.prapr.mutators.MethodNameMutator_1,5638359,7247,0,0,1,1,1,5538,597
org.mudebug.prapr.mutators.MethodNameMutator_0,5643899,370,0,0,0,0,0,1728,816
org.mudebug.prapr.mutators.ReturningDereferenceGuardMutator_4,5645633,6723,0,0,0,0,0,0,1346
org.pitest.mutationtest.engine.gregor.mutators.RemoveConditionalMutator_EQUAL_IF,5645635,1106,0,0,0,0,0,24,1185
org.pitest.mutationtest.engine.gregor.mutators.experimental.MemberVariableMutator,5645661,7300,0,0,0,0,0,2,74
org.mudebug.prapr.mutators.ArgumentListMutator_5,5645665,5356,0,0,1,1,1,1491,88
org.mudebug.prapr.mutators.NonVoidMethodCallGuardMutator_0,5647158,3388,0,0,0,0,0,0,71
org.pitest.mutationtest.engine.gregor.mutators.NonVoidMethodCallMutator,5647160,551,0,0,1,1,1,5365,206
org.mudebug.prapr.mutators.ArgumentListMutator_4,5652527,5360,0,0,0,0,0,28,808
org.mudebug.prapr.mutators.LocalToFieldAccessMutator_1,5652557,6742,0,0,1,1,1,2939,1852
org.mudebug.prapr.mutators.FieldNameMutator_0,5655498,1777,0,0,0,0,0,74,732
org.mudebug.prapr.mutators.MethodNameMutator_5,5655574,1046,0,0,1,1,1,4574,331
org.mudebug.prapr.mutators.FieldNameMutator_5,5660154,7058,0,0,0,0,0,2252,405
org.mudebug.prapr.mutators.DereferenceGuardMutator_3,5662408,347,0,0,0,0,0,0,526
org.pitest.mutationtest.engine.gregor.mutators.RemoveConditionalMutator_EQUAL_IF,5662410,7204,0,0,0,0,0,7,135
org.mudebug.prapr.mutators.MethodNameMutator_3,5662419,6725,0,0,0,1,1,0,1369
org.mudebug.prapr.mutators.FieldNameMutator_0,5662421,6651,0,0,1,1,1,4342,380
org.pitest.mutationtest.engine.gregor.mutators.RemoveConditionalMutator_EQUAL_ELSE,5666765,334,0,0,0,0,0,4,382
org.pitest.mutationtest.engine.gregor.mutators.experimental.RemoveSwitchMutator_58,5666771,5356,0,0,0,0,0,0,117
org.mudebug.prapr.mutators.MethCallResultGuard_0,5666773,1231,0,0,0,0,0,0,72
org.pitest.mutationtest.engine.gregor.mutators.ConditionalsBoundaryMutator,5666775,2459,0,0,0,0,0,151,61
org.mudebug.prapr.mutators.MethCallResultGuard_0,5666928,6744,0,0,0,1,1,733,1892
org.pitest.mutationtest.engine.gregor.mutators.NonVoidMethodCallMutator,5667666,159,0,0,0,0,0,0,649
org.mudebug.prapr.mutators.MethodNameMutator_8,5667668,6867,0,0,0,0,0,90,159
org.mudebug.prapr.mutators.NonVoidMethodCallGuardMutator_0,5667760,1087,0,0,0,0,0,0,878
org.mudebug.prapr.mutators.ReturningDereferenceGuardMutator_4,5667762,4413,0,0,0,0,0,0,526
org.pitest.mutationtest.engine.gregor.mutators.PrimitiveReturnsMutator,5667764,7207,0,0,0,0,0,0,198
org.mudebug.prapr.mutators.LocalNameMutator_0,5667766,6706,0,0,0,0,0,0,971
org.mudebug.prapr.mutators.NonVoidMethodCallGuardMutator_0,5667768,7058,0,0,0,0,0,5,303
org.mudebug.prapr.mutators.MethodNameMutator_1,5667775,333,0,0,0,0,0,4,364
org.pitest.mutationtest.engine.gregor.mutators.NegateConditionalsMutator,5667781,2967,0,0,1,1,1,2700,598
org.mudebug.prapr.mutators.FieldAccessToMethodCallMutator_0,5670483,7556,0,0,0,0,0,0,67
org.mudebug.prapr.mutators.LocalToFieldAccessMutator_2,5670485,6706,0,0,0,1,1,8,965
org.mudebug.prapr.mutators.VoidMethodCallGuardMutator,5670495,5356,0,0,0,0,0,0,499
org.pitest.mutationtest.engine.gregor.mutators.PrimitiveReturnsMutator,5670497,553,0,0,0,0,0,37,267
org.mudebug.prapr.mutators.LocalToFieldAccessMutator_2,5670536,1041,0,0,0,0,0,5,220
org.mudebug.prapr.mutators.LocalToFieldAccessMutator_2,5670543,6684,0,0,0,0,0,131,712
org.pitest.mutationtest.engine.gregor.mutators.BooleanTrueReturnValsMutator,5670676,7358,0,0,0,0,0,248,153
org.pitest.mutationtest.engine.gregor.mutators.NonVoidMethodCallMutator,5670926,1135,0,0,0,0,0,5,1644
org.mudebug.prapr.mutators.MethCallResultGuard_1,5670933,495,0,0,0,0,0,0,202
org.mudebug.prapr.mutators.FieldNameMutator_1,5670939,7058,0,0,1,1,1,5226,433
org.pitest.mutationtest.engine.gregor.mutators.experimental.MemberVariableMutator,5676167,6941,0,0,0,0,0,2,59
org.mudebug.prapr.mutators.MethodNameMutator_0,5676171,4413,0,0,0,0,0,5,523
org.mudebug.prapr.mutators.MethCallResultGuard_2,5676178,1048,0,0,0,0,0,0,346
org.pitest.mutationtest.engine.gregor.mutators.NonVoidMethodCallMutator,5676180,7764,0,0,1,1,1,5424,482
org.mudebug.prapr.mutators.DereferenceGuardMutator_0,5681606,4415,0,0,0,0,0,5,551
org.mudebug.prapr.mutators.LocalToFieldAccessMutator_3,5681613,1046,0,0,1,1,1,4574,307
org.mudebug.prapr.mutators.ArgumentListMutator_2,5686191,7257,0,0,0,0,0,0,810
org.pitest.mutationtest.engine.gregor.mutators.InlineConstantMutator,5686193,5356,0,0,0,0,0,0,344
org.mudebug.prapr.mutators.LocalToFieldAccessMutator_0,5686195,6744,0,0,1,1,1,905,1894
org.mudebug.prapr.mutators.MethodNameMutator_1,5687102,5359,0,0,0,0,0,1,794
org.mudebug.prapr.mutators.MethCallResultGuard_2,5687105,7098,0,0,0,0,0,0,1022
org.mudebug.prapr.mutators.FieldNameMutator_0,5687107,7058,0,0,1,1,1,5226,322
org.mudebug.prapr.mutators.FieldNameMutator_1,5692335,2967,0,0,0,0,0,27,606
org.mudebug.prapr.mutators.ReturningDereferenceGuardMutator_2,5692364,3388,0,0,0,0,0,0,70
org.mudebug.prapr.mutators.FieldAccessToMethodCallMutator_2,5692366,6683,0,0,0,0,0,1,683
org.mudebug.prapr.mutators.DereferenceGuardMutator_0,5692369,6725,0,0,0,0,0,0,1369
org.mudebug.prapr.mutators.DereferenceGuardMutator_1,5692371,6728,0,0,0,0,0,0,1420
org.mudebug.prapr.mutators.MethodNameMutator_1,5692373,7263,0,0,0,0,0,18,853
org.mudebug.prapr.mutators.DereferenceGuardMutator_4,5692393,1106,0,0,0,0,0,0,1196
org.mudebug.prapr.mutators.FieldAccessToMethodCallMutator_0,5692395,7052,0,0,0,0,0,0,182
org.mudebug.prapr.mutators.DereferenceGuardMutator_0,5692397,6728,0,0,0,0,0,0,1407
org.mudebug.prapr.mutators.NonVoidMethodCallGuardMutator_0,5692399,7088,0,0,0,0,0,0,914
org.mudebug.prapr.mutators.FieldNameMutator_4,5692401,1777,0,0,0,0,0,0,673
org.mudebug.prapr.mutators.MethodNameMutator_9,5692403,7232,0,0,0,0,0,0,273
org.mudebug.prapr.mutators.ArithmeticOperatorReplacement_7,5692405,6713,0,0,0,0,0,66,1149
org.pitest.mutationtest.engine.gregor.mutators.InlineConstantMutator,5692473,1777,0,0,0,0,0,0,753
org.pitest.mutationtest.engine.gregor.mutators.VoidMethodCallMutator,5692475,517,0,0,0,1,1,141,116
org.mudebug.prapr.mutators.MethCallResultGuard_2,5692618,6692,0,0,0,1,1,2062,808
org.mudebug.prapr.mutators.ReturningDereferenceGuardMutator_2,5694682,6706,0,0,0,0,0,0,959
org.mudebug.prapr.mutators.FieldNameMutator_0,5694684,7263,0,0,1,1,1,5538,853
org.mudebug.prapr.mutators.ArgumentListMutator_0,5700224,7247,0,0,0,0,0,0,597
org.mudebug.prapr.mutators.NonVoidMethodCallGuardMutator_0,5700226,7365,0,0,0,0,0,0,229
org.mudebug.prapr.mutators.MethodNameMutator_5,5700228,5356,0,0,1,1,1,1617,83
org.pitest.mutationtest.engine.gregor.mutators.RemoveConditionalMutator_EQUAL_ELSE,5701847,3902,0,0,0,0,0,1,49
org.mudebug.prapr.mutators.DereferenceGuardMutator_0,5701850,5213,0,0,0,0,0,0,91
org.mudebug.prapr.mutators.ArgumentListMutator_3,5701852,6652,0,0,0,0,0,0,391
org.pitest.mutationtest.engine.gregor.mutators.RemoveConditionalMutator_EQUAL_IF,5701854,1042,0,0,0,0,0,5,230
org.mudebug.prapr.mutators.ArgumentListMutator_1,5701861,6725,0,0,0,1,1,0,1369
org.mudebug.prapr.mutators.ArgumentListMutator_4,5701863,7355,0,0,1,1,1,5538,110
org.pitest.mutationtest.engine.gregor.mutators.RemoveConditionalMutator_EQUAL_IF,5707403,5356,0,0,0,1,1,206,340
org.pitest.mutationtest.engine.gregor.mutators.RemoveConditionalMutator_EQUAL_ELSE,5707611,5214,0,0,0,0,0,28,112
org.pitest.mutationtest.engine.gregor.mutators.NonVoidMethodCallMutator,5707641,359,0,0,1,1,1,3535,674
org.mudebug.prapr.mutators.FieldAccessToMethodCallMutator_1,5711178,1133,0,0,0,0,0,5,1633
org.pitest.mutationtest.engine.gregor.mutators.NonVoidMethodCallMutator,5711185,7209,0,0,0,0,0,9,51
org.mudebug.prapr.mutators.FieldNameMutator_2,5711196,6684,0,0,0,0,0,72,713
org.mudebug.prapr.mutators.ReturningDereferenceGuardMutator_2,5711270,6683,0,0,0,0,0,1,683
org.mudebug.prapr.mutators.RelationalOperatorReplacement_0,5711273,7302,0,0,0,0,0,7,127
org.mudebug.prapr.mutators.ArgumentListMutator_3,5711282,5356,0,0,0,0,0,9,351
org.mudebug.prapr.mutators.NonVoidMethodCallGuardMutator_0,5711293,7064,0,0,0,0,0,0,622
org.mudebug.prapr.mutators.FieldAccessToMethodCallMutator_0,5711295,6651,0,0,1,1,1,4487,384
org.mudebug.prapr.mutators.FieldToLocalAccessMutator_0,5715791,6721,0,0,0,1,1,586,1331
org.mudebug.prapr.mutators.ReturningDereferenceGuardMutator_0,5716379,5214,0,0,0,0,0,0,112
org.pitest.mutationtest.engine.gregor.mutators.RemoveConditionalMutator_EQUAL_IF,5716388,247,0,0,1,1,1,1231,247
org.mudebug.prapr.mutators.MethodNameMutator_3,5717621,5356,0,0,0,0,0,9,215
org.mudebug.prapr.mutators.ArgumentListMutator_0,5717632,7257,0,0,0,0,0,0,810
org.pitest.mutationtest.engine.gregor.mutators.experimental.MemberVariableMutator,5717634,1777,0,0,0,0,0,0,686
org.mudebug.prapr.mutators.MethodNameMutator_0,5717636,346,0,0,1,1,1,2837,490
org.pitest.mutationtest.engine.gregor.mutators.ReturnValsMutator,5720478,7220,0,0,0,0,0,691,177
org.mudebug.prapr.mutators.FieldAccessToMethodCallMutator_4,5721171,1777,0,0,0,0,0,0,710
org.mudebug.prapr.mutators.DereferenceGuardMutator_0,5721173,544,0,0,0,0,0,0,119
org.mudebug.prapr.mutators.ArgumentListMutator_3,5721175,1313,0,0,0,0,0,0,84
org.mudebug.prapr.mutators.MethodNameMutator_0,5721177,547,0,0,1,1,1,225,167
org.mudebug.prapr.mutators.MethCallResultGuard_0,5721404,3416,0,0,0,0,0,0,77
org.mudebug.prapr.mutators.MethodNameMutator_3,5721406,247,0,0,1,1,1,2862,242
org.mudebug.prapr.mutators.ReturningDereferenceGuardMutator_2,5724270,6743,0,0,0,0,0,0,1871
org.mudebug.prapr.mutators.ReturningDereferenceGuardMutator_3,5724272,5213,0,0,0,0,0,0,91
org.mudebug.prapr.mutators.MethCallResultGuard_1,5724274,6743,0,0,0,0,0,0,1866
org.pitest.mutationtest.engine.gregor.mutators.experimental.RemoveSwitchMutator_40,5724276,5356,0,0,0,0,0,173,117
org.mudebug.prapr.mutators.FieldNameMutator_0,5724451,1777,0,0,0,0,0,0,725
org.pitest.mutationtest.engine.gregor.mutators.InlineConstantMutator,5724453,1777,0,0,0,0,0,0,682
org.pitest.mutationtest.engine.gregor.mutators.RemoveConditionalMutator_EQUAL_IF,5724455,5356,0,0,0,1,1,53,490
org.mudebug.prapr.mutators.VoidMethodCallGuardMutator,5724510,7058,0,0,0,0,0,0,394
org.mudebug.prapr.mutators.LocalNameMutator_0,5724512,6674,0,0,1,1,1,1034,560
org.mudebug.prapr.mutators.MethodNameMutator_7,5725548,7379,0,0,1,1,1,5538,390
org.mudebug.prapr.mutators.MethCallResultGuard_0,5731088,6977,0,0,0,0,0,0,97
org.pitest.mutationtest.engine.gregor.mutators.ReturnValsMutator,5731090,562,0,0,1,1,1,2371,1210
org.mudebug.prapr.mutators.FieldAccessToMethodCallMutator_0,5733463,6683,0,0,1,1,1,2677,685
org.mudebug.prapr.mutators.MethodNameMutator_0,5736142,347,0,0,0,0,0,0,525
org.mudebug.prapr.mutators.DereferenceGuardMutator_0,5736144,1112,0,0,0,0,0,0,1250
org.mudebug.prapr.mutators.DereferenceGuardMutator_0,5736146,347,0,0,0,0,0,0,542
org.mudebug.prapr.mutators.FieldNameMutator_4,5736148,1777,0,0,0,0,0,0,705
org.mudebug.prapr.mutators.DereferenceGuardMutator_0,5736150,5356,0,0,0,0,0,5,76
org.mudebug.prapr.mutators.LocalToFieldAccessMutator_1,5736157,7490,0,0,0,0,0,9,246
org.pitest.mutationtest.engine.gregor.mutators.experimental.RemoveSwitchMutator_10,5736168,3584,0,0,0,0,0,49,901
org.mudebug.prapr.mutators.ArgumentListMutator_1,5736219,6706,0,0,0,1,1,2,977
org.mudebug.prapr.mutators.ReturningDereferenceGuardMutator_2,5736223,4413,0,0,0,0,0,0,524
org.pitest.mutationtest.engine.gregor.mutators.NegateConditionalsMutator,5736225,348,0,0,1,1,1,431,559
org.mudebug.prapr.mutators.RelationalOperatorReplacement_0,5736658,6713,0,0,0,1,1,196,1147
org.pitest.mutationtest.engine.gregor.mutators.ReturnValsMutator,5736859,1119,0,0,0,1,1,154,1443
org.mudebug.prapr.mutators.DereferenceGuardMutator_0,5737015,7205,0,0,0,0,0,0,140
org.mudebug.prapr.mutators.FieldAccessToMethodCallMutator_0,5737017,5195,0,0,0,0,0,0,102
org.mudebug.prapr.mutators.RelationalOperatorReplacement_3,5737019,1560,0,0,0,0,0,166,189
org.mudebug.prapr.mutators.FieldNameMutator_3,5737187,1777,0,0,0,0,0,0,696
org.pitest.mutationtest.engine.gregor.mutators.experimental.MemberVariableMutator,5737189,6747,0,0,0,0,0,2411,1923
org.mudebug.prapr.mutators.NonVoidMethodCallGuardMutator_0,5739602,6725,0,0,0,0,0,0,1369
org.mudebug.prapr.mutators.ReturningDereferenceGuardMutator_0,5739604,1086,0,0,0,0,0,0,871
org.pitest.mutationtest.engine.gregor.mutators.RemoveConditionalMutator_EQUAL_ELSE,5739606,7086,0,0,0,0,0,25,892
org.mudebug.prapr.mutators.MethCallResultGuard_2,5739633,159,0,0,0,0,0,0,649
org.mudebug.prapr.mutators.ArgumentListMutator_4,5739635,6652,0,0,0,0,0,0,395
org.mudebug.prapr.mutators.FieldAccessToMethodCallMutator_3,5739637,6651,0,0,0,0,0,23,385
org.pitest.mutationtest.engine.gregor.mutators.RemoveConditionalMutator_EQUAL_ELSE,5739662,7109,0,0,0,0,0,6,1173
org.mudebug.prapr.mutators.RelationalOperatorReplacement_1,5739670,1106,0,0,0,0,0,0,1178
org.mudebug.prapr.mutators.FieldNameMutator_0,5739672,3243,0,0,0,0,0,380,73
org.mudebug.prapr.mutators.LocalToFieldAccessMutator_0,5740054,6690,0,0,0,0,0,2387,796
org.mudebug.prapr.mutators.FieldNameMutator_4,5742443,7059,0,0,0,0,0,5,543
org.mudebug.prapr.mutators.LocalToFieldAccessMutator_3,5742450,6694,0,0,0,1,1,2581,826
org.mudebug.prapr.mutators.LocalToFieldAccessMutator_0,5745033,547,0,0,1,1,1,254,168
org.mudebug.prapr.mutators.LocalNameMutator_1,5745289,7058,0,0,0,0,0,2251,433
org.mudebug.prapr.mutators.FieldNameMutator_0,5747542,7058,0,0,1,1,1,5226,311
org.mudebug.prapr.mutators.ReturningDereferenceGuardMutator_4,5752770,3390,0,0,0,0,0,0,98
org.mudebug.prapr.mutators.LocalNameMutator_2,5752772,4411,0,0,1,1,1,4269,500
org.mudebug.prapr.mutators.NonVoidMethodCallGuardMutator_0,5757043,6987,0,0,0,0,0,0,154
org.mudebug.prapr.mutators.MethodNameMutator_1,5757045,1541,0,0,0,0,0,88,62
org.mudebug.prapr.mutators.RelationalOperatorReplacement_2,5757135,1562,0,0,0,0,0,3,228
org.mudebug.prapr.mutators.ReturningDereferenceGuardMutator_0,5757140,4159,0,0,0,0,0,0,103
org.pitest.mutationtest.engine.gregor.mutators.NegateConditionalsMutator,5757142,7215,0,0,0,0,0,2199,128
org.pitest.mutationtest.engine.gregor.mutators.NonVoidMethodCallMutator,5759343,4411,0,0,1,1,1,4269,494
org.pitest.mutationtest.engine.gregor.mutators.experimental.RemoveSwitchMutator_0,5763614,242,0,0,0,0,0,4,150
org.mudebug.prapr.mutators.RelationalOperatorReplacement_1,5763620,1245,0,0,0,0,0,0,803
org.mudebug.prapr.mutators.FieldAccessToMethodCallMutator_4,5763622,1777,0,0,0,0,0,0,641
org.pitest.mutationtest.engine.gregor.mutators.ReturnValsMutator,5763624,557,0,0,1,1,1,3433,1190
org.pitest.mutationtest.engine.gregor.mutators.NonVoidMethodCallMutator,5767059,4415,0,0,0,0,0,2108,549
org.pitest.mutationtest.engine.gregor.mutators.NonVoidMethodCallMutator,5769169,1049,0,0,0,0,0,0,368
org.mudebug.prapr.mutators.ArgumentListMutator_4,5769171,1135,0,0,0,0,0,33,1644
org.mudebug.prapr.mutators.FieldNameMutator_0,5769206,7058,0,0,0,0,0,2290,374
org.pitest.mutationtest.engine.gregor.mutators.ConstructorCallMutator,5771498,7094,0,0,1,1,1,5538,975
org.mudebug.prapr.mutators.FieldAccessToMethodCallMutator_0,5777038,7231,0,0,1,1,1,5543,260
org.mudebug.prapr.mutators.MethodNameMutator_0,5782583,7302,0,0,0,0,0,1995,98
org.mudebug.prapr.mutators.ArgumentListMutator_4,5784580,7783,0,0,1,1,1,5985,351
org.mudebug.prapr.mutators.MethodNameMutator_2,5790567,247,0,0,0,0,0,2,243
org.pitest.mutationtest.engine.gregor.mutators.ReturnValsMutator,5790571,1101,0,0,1,1,1,4818,1022
org.pitest.mutationtest.engine.gregor.mutators.VoidMethodCallMutator,5795391,4411,0,0,0,0,0,0,471
org.pitest.mutationtest.engine.gregor.mutators.ArgumentPropagationMutator,5795393,7058,0,0,0,0,0,15,273
org.mudebug.prapr.mutators.MethodNameMutator_1,5795410,247,0,0,1,1,1,4269,240
org.mudebug.prapr.mutators.ArgumentListMutator_1,5799681,7052,0,0,0,0,0,5,136
org.mudebug.prapr.mutators.MethodNameMutator_8,5799688,1234,0,0,1,1,1,31,272
org.mudebug.prapr.mutators.DereferenceGuardMutator_0,5799721,6674,0,0,0,0,0,5,564
org.mudebug.prapr.mutators.FieldAccessToMethodCallMutator_0,5799728,6673,0,0,1,1,1,5204,556
org.mudebug.prapr.mutators.MethodNameMutator_0,5804934,5213,0,0,0,0,0,0,89
org.mudebug.prapr.mutators.ReturningDereferenceGuardMutator_4,5804936,7503,0,0,0,0,0,0,444
org.mudebug.prapr.mutators.MethodNameMutator_8,5804938,5356,0,0,1,1,1,2566,344
org.mudebug.prapr.mutators.LocalToFieldAccessMutator_1,5807506,6415,0,0,0,1,1,39,273
org.mudebug.prapr.mutators.FieldNameMutator_0,5807547,1038,0,0,1,1,1,5303,1599
org.mudebug.prapr.mutators.RelationalOperatorReplacement_0,5812852,1564,0,0,0,0,0,182,262
org.pitest.mutationtest.engine.gregor.mutators.experimental.RemoveSwitchMutator_21,5813036,3584,0,0,0,0,0,1,901
org.mudebug.prapr.mutators.MethodNameMutator_1,5813039,1052,0,1,1,1,1,2587,406
org.mudebug.prapr.mutators.LocalToFieldAccessMutator_3,5815627,6684,0,0,0,0,0,327,713
org.mudebug.prapr.mutators.LocalToFieldAccessMutator_1,5815956,6714,0,0,0,1,1,165,1161
org.pitest.mutationtest.engine.gregor.mutators.NullReturnValsMutator,5816123,7304,0,0,0,0,0,2213,192
org.pitest.mutationtest.engine.gregor.mutators.experimental.RemoveSwitchMutator_51,5818338,6415,0,0,0,0,0,0,273
org.mudebug.prapr.mutators.FieldNameMutator_1,5818340,1777,0,0,0,0,0,52,658
org.mudebug.prapr.mutators.ArgumentListMutator_5,5818394,7052,0,0,1,1,1,5538,107
org.pitest.mutationtest.engine.gregor.mutators.RemoveConditionalMutator_EQUAL_ELSE,5823934,5356,0,0,0,0,0,141,340
org.mudebug.prapr.mutators.FieldToLocalAccessMutator_0,5824077,3384,0,0,1,1,1,214,38
org.pitest.mutationtest.engine.gregor.mutators.RemoveConditionalMutator_EQUAL_ELSE,5824293,1106,0,0,0,0,0,0,1070
org.mudebug.prapr.mutators.LocalToFieldAccessMutator_4,5824295,6706,0,0,1,1,1,27,975
org.mudebug.prapr.mutators.LocalToFieldAccessMutator_3,5824324,6687,0,0,1,1,1,5365,756
org.mudebug.prapr.mutators.ArgumentListMutator_0,5829691,1106,0,0,1,1,1,2980,1095
org.mudebug.prapr.mutators.MethodNameMutator_0,5832673,7058,0,0,0,0,0,5,388
org.mudebug.prapr.mutators.ReturningDereferenceGuardMutator_3,5832680,6694,0,0,0,0,0,0,826
org.mudebug.prapr.mutators.LocalNameMutator_0,5832682,347,0,0,1,1,1,4299,550
org.mudebug.prapr.mutators.MethodNameMutator_3,5836983,7247,0,0,0,0,0,0,597
org.mudebug.prapr.mutators.ArgumentListMutator_5,5836985,7257,0,0,0,0,0,0,810
org.mudebug.prapr.mutators.MethodNameMutator_2,5836987,7257,0,0,1,1,1,5538,810
org.mudebug.prapr.mutators.LocalToFieldAccessMutator_0,5842527,1053,0,0,0,0,0,0,441
org.mudebug.prapr.mutators.MethodNameMutator_0,5842529,329,0,0,0,0,0,6,296
org.pitest.mutationtest.engine.gregor.mutators.experimental.MemberVariableMutator,5842537,7189,0,0,0,0,0,11,489
org.pitest.mutationtest.engine.gregor.mutators.experimental.SwitchMutator,5842550,555,0,0,1,1,1,5242,872
org.pitest.mutationtest.engine.gregor.mutators.experimental.RemoveSwitchMutator_27,5847794,555,0,0,0,0,0,98,872
org.mudebug.prapr.mutators.NonVoidMethodCallGuardMutator_0,5847894,7233,0,0,0,0,0,0,297
org.mudebug.prapr.mutators.LocalNameMutator_0,5847896,1246,0,0,1,1,1,22,820
org.pitest.mutationtest.engine.gregor.mutators.experimental.SwitchMutator,5847920,3564,0,0,0,1,1,95,338
org.mudebug.prapr.mutators.RelationalOperatorReplacement_2,5848017,7302,0,0,0,0,0,1967,102
org.mudebug.prapr.mutators.MethodNameMutator_3,5849986,7233,0,0,0,0,0,5,297
org.mudebug.prapr.mutators.FieldNameMutator_5,5849996,7209,0,0,0,0,0,9,51
org.mudebug.prapr.mutators.MethodNameMutator_3,5850007,245,0,0,1,1,1,4269,197
org.pitest.mutationtest.engine.gregor.mutators.experimental.RemoveSwitchMutator_97,5854278,3636,0,0,0,0,0,0,1649
org.mudebug.prapr.mutators.DereferenceGuardMutator_0,5854287,3417,0,0,0,0,0,0,96
org.mudebug.prapr.mutators.MethCallResultGuard_1,5854289,5356,0,0,0,1,1,17,344
org.mudebug.prapr.mutators.MethodNameMutator_7,5854308,334,0,0,0,0,0,4,382
org.mudebug.prapr.mutators.RelationalOperatorReplacement_2,5854314,4411,0,0,0,0,0,0,500
org.mudebug.prapr.mutators.FieldAccessToMethodCallMutator_4,5854316,1777,0,0,0,0,0,0,703
org.mudebug.prapr.mutators.LocalToFieldAccessMutator_0,5854318,6697,0,0,1,1,1,20,849
org.mudebug.prapr.mutators.FieldAccessToMethodCallMutator_0,5854340,1777,0,0,0,0,0,0,678
org.pitest.mutationtest.engine.gregor.mutators.experimental.MemberVariableMutator,5854342,7215,0,0,0,0,0,2373,108
org.pitest.mutationtest.engine.gregor.mutators.VoidMethodCallMutator,5856717,5356,0,0,0,1,1,92,439
org.mudebug.prapr.mutators.FieldNameMutator_2,5856811,1777,0,0,0,0,0,0,712
org.mudebug.prapr.mutators.ArgumentListMutator_2,5856813,1313,0,0,0,0,0,0,83
org.mudebug.prapr.mutators.LocalToFieldAccessMutator_0,5856815,6686,0,0,1,1,1,5154,742
org.mudebug.prapr.mutators.ReturningDereferenceGuardMutator_1,5861971,347,0,0,0,0,0,0,548
org.mudebug.prapr.mutators.MethodNameMutator_2,5861973,5362,0,0,0,0,0,1,816
org.mudebug.prapr.mutators.FieldAccessToMethodCallMutator_3,5861976,1777,0,0,0,0,0,0,688
org.mudebug.prapr.mutators.ReturningDereferenceGuardMutator_4,5861978,1106,0,0,0,0,0,0,1106
org.pitest.mutationtest.engine.gregor.mutators.RemoveConditionalMutator_EQUAL_IF,5861980,1248,0,0,0,0,0,2,878
org.mudebug.prapr.mutators.MethCallResultGuard_0,5861984,7059,0,0,0,0,0,0,552
org.mudebug.prapr.mutators.FieldAccessToMethodCallMutator_4,5861986,6684,0,0,0,0,0,0,695
org.mudebug.prapr.mutators.FieldNameMutator_4,5861988,7058,0,0,1,1,1,5538,250
org.mudebug.prapr.mutators.NonVoidMethodCallGuardMutator_0,5867528,1106,0,0,0,0,0,0,1085
org.mudebug.prapr.mutators.MethCallResultGuard_0,5867530,6725,0,0,0,0,0,0,1369
org.mudebug.prapr.mutators.LocalToFieldAccessMutator_0,5867532,6744,0,0,1,1,1,1245,1889
org.mudebug.prapr.mutators.MethodNameMutator_3,5868779,5356,0,0,1,1,1,2428,84
org.pitest.mutationtest.engine.gregor.mutators.InlineConstantMutator,5871209,1248,0,0,0,0,0,0,867
org.mudebug.prapr.mutators.FieldToLocalAccessMutator_3,5871211,6743,0,0,1,1,1,2912,1870
org.mudebug.prapr.mutators.MethCallResultGuard_0,5874125,347,0,0,0,0,0,0,511
org.mudebug.prapr.mutators.FieldNameMutator_0,5874127,1777,0,0,0,0,0,0,759
org.mudebug.prapr.mutators.FieldAccessToMethodCallMutator_3,5874129,6684,0,0,1,1,1,1029,704
org.mudebug.prapr.mutators.MethCallResultGuard_1,5875160,3246,0,0,0,0,0,0,85
org.pitest.mutationtest.engine.gregor.mutators.VoidMethodCallMutator,5875162,5356,0,0,0,0,0,0,523
org.mudebug.prapr.mutators.ReturningDereferenceGuardMutator_3,5875164,1927,0,0,0,0,0,5,43
org.mudebug.prapr.mutators.RelationalOperatorReplacement_0,5875171,504,0,0,1,1,1,5753,81
org.mudebug.prapr.mutators.RelationalOperatorReplacement_3,5880926,6732,0,0,0,0,0,11,1618
org.pitest.mutationtest.engine.gregor.mutators.NonVoidMethodCallMutator,5880939,1231,0,0,0,0,0,4,98
org.mudebug.prapr.mutators.VoidMethodCallGuardMutator,5880945,7058,0,0,0,0,0,0,455
org.mudebug.prapr.mutators.ReturningDereferenceGuardMutator_4,5880947,546,0,0,0,0,0,0,149
org.pitest.mutationtest.engine.gregor.mutators.experimental.RemoveSwitchMutator_84,5880949,3636,0,0,0,0,0,26,1649
org.mudebug.prapr.mutators.FieldAccessToMethodCallMutator_1,5880977,1777,0,0,0,0,0,0,726
org.mudebug.prapr.mutators.NonVoidMethodCallGuardMutator_0,5880979,3563,0,0,0,0,0,0,307
org.mudebug.prapr.mutators.ReturningDereferenceGuardMutator_1,5880981,1047,0,0,0,0,0,0,339
org.pitest.mutationtest.engine.gregor.mutators.VoidMethodCallMutator,5880983,4411,0,0,0,0,0,10,490
org.mudebug.prapr.mutators.DereferenceGuardMutator_0,5880995,6697,0,0,0,0,0,0,844
org.mudebug.prapr.mutators.MethodNameMutator_0,5880997,1245,0,0,0,0,0,8,714
org.mudebug.prapr.mutators.ArgumentListMutator_1,5881007,7197,0,0,1,1,1,5538,52
org.mudebug.prapr.mutators.MethodNameMutator_2,5886547,247,0,0,1,1,1,4269,240
org.mudebug.prapr.mutators.DereferenceGuardMutator_3,5890818,3417,0,0,0,0,0,0,105
org.mudebug.prapr.mutators.FieldAccessToMethodCallMutator_2,5890820,6652,0,0,1,1,1,4795,400
org.mudebug.prapr.mutators.MethCallResultGuard_0,5895617,7059,0,0,0,0,0,0,549
org.mudebug.prapr.mutators.LocalToFieldAccessMutator_1,5895619,6683,0,0,1,1,1,776,686
org.mudebug.prapr.mutators.ReturningDereferenceGuardMutator_4,5896397,6688,0,0,0,0,0,5,763
org.pitest.mutationtest.engine.gregor.mutators.NonVoidMethodCallMutator,5896404,4257,0,0,0,0,0,26,409
org.pitest.mutationtest.engine.gregor.mutators.NonVoidMethodCallMutator,5896432,1042,0,0,0,0,0,10,231
org.mudebug.prapr.mutators.MethCallResultGuard_0,5896444,359,0,0,0,0,0,0,674
org.mudebug.prapr.mutators.DereferenceGuardMutator_3,5896446,6678,0,0,0,0,0,0,610
org.mudebug.prapr.mutators.DereferenceGuardMutator_3,5896448,6698,0,0,0,0,0,0,859
org.mudebug.prapr.mutators.LocalNameMutator_1,5896450,6652,0,0,0,0,0,1647,402
org.mudebug.prapr.mutators.MethCallResultGuard_0,5898099,7764,0,0,0,0,0,0,469
org.mudebug.prapr.mutators.FieldNameMutator_5,5898101,7058,0,0,1,1,1,5538,250
org.pitest.mutationtest.engine.gregor.mutators.experimental.RemoveSwitchMutator_42,5903641,6415,0,0,0,0,0,2,273
org.pitest.mutationtest.engine.gregor.mutators.RemoveConditionalMutator_EQUAL_ELSE,5903645,7108,0,0,0,0,0,49,1155
org.mudebug.prapr.mutators.LocalToFieldAccessMutator_3,5903696,6688,0,0,1,1,1,5193,765
org.mudebug.prapr.mutators.FieldAccessToMethodCallMutator_3,5908891,7385,0,0,0,0,0,21,501
org.pitest.mutationtest.engine.gregor.mutators.InlineConstantMutator,5908914,7501,0,0,0,0,0,198,425
org.pitest.mutationtest.engine.gregor.mutators.experimental.RemoveSwitchMutator_30,5909114,555,0,0,0,0,0,32,872
org.pitest.mutationtest.engine.gregor.mutators.RemoveConditionalMutator_EQUAL_IF,5909148,4411,0,0,0,0,0,0,500
org.mudebug.prapr.mutators.FieldToLocalAccessMutator_0,5909150,6743,0,0,0,0,0,1091,1869
org.mudebug.prapr.mutators.LocalToFieldAccessMutator_1,5910243,6726,0,0,0,0,0,1329,1383
org.mudebug.prapr.mutators.RelationalOperatorReplacement_1,5911574,1042,0,0,0,0,0,6,256
org.mudebug.prapr.mutators.MethCallResultGuard_1,5911582,6710,0,0,0,0,0,0,1067
org.mudebug.prapr.mutators.ReturningDereferenceGuardMutator_4,5911584,5214,0,0,0,0,0,0,112
org.mudebug.prapr.mutators.DereferenceGuardMutator_0,5911586,6697,0,0,0,0,0,0,844
org.mudebug.prapr.mutators.FieldNameMutator_3,5911588,1777,0,0,0,0,0,0,651
org.mudebug.prapr.mutators.RelationalOperatorReplacement_1,5911590,3592,0,0,0,0,0,44,1084
org.mudebug.prapr.mutators.MethCallResultGuard_0,5911636,517,0,0,0,0,0,0,91
org.mudebug.prapr.mutators.MethCallResultGuard_2,5911638,1052,0,0,0,0,0,0,403
org.pitest.mutationtest.engine.gregor.mutators.InlineConstantMutator,5911640,7058,0,0,1,1,1,5538,412
org.pitest.mutationtest.engine.gregor.mutators.BooleanFalseReturnValsMutator,5917180,159,0,0,0,0,0,0,649
org.mudebug.prapr.mutators.LocalNameMutator_1,5917182,7058,0,0,1,1,1,5538,519
org.mudebug.prapr.mutators.FieldNameMutator_1,5922722,6743,0,0,0,0,0,2075,1869
org.mudebug.prapr.mutators.MethodNameMutator_4,5924799,7379,0,0,1,1,1,5538,390
org.mudebug.prapr.mutators.NonVoidMethodCallGuardMutator_0,5930339,7058,0,0,0,0,0,0,432
org.mudebug.prapr.mutators.RelationalOperatorReplacement_3,5930341,547,0,0,0,0,0,119,161
org.mudebug.prapr.mutators.RelationalOperatorReplacement_0,5930462,1234,0,0,0,0,0,2,302
org.pitest.mutationtest.engine.gregor.mutators.experimental.RemoveSwitchMutator_3,5930466,555,0,0,0,0,0,0,872
org.pitest.mutationtest.engine.gregor.mutators.ReturnValsMutator,5930468,4706,0,0,0,0,0,0,757
org.mudebug.prapr.mutators.FieldNameMutator_3,5930470,7058,0,0,0,0,0,2257,364
org.mudebug.prapr.mutators.LocalToFieldAccessMutator_1,5932729,1106,0,0,0,0,0,0,1174
org.mudebug.prapr.mutators.MethodNameMutator_0,5932731,7058,0,0,0,0,0,0,307
org.mudebug.prapr.mutators.FieldAccessToMethodCallMutator_2,5932733,6674,0,0,0,0,0,0,564
org.mudebug.prapr.mutators.MethodNameMutator_8,5932735,4411,0,0,1,1,1,4269,494
org.mudebug.prapr.mutators.ReturningDereferenceGuardMutator_0,5937006,3244,0,0,0,0,0,0,77
org.mudebug.prapr.mutators.MethodNameMutator_4,5937008,7259,0,0,0,0,0,0,823
org.pitest.mutationtest.engine.gregor.mutators.NegateConditionalsMutator,5937010,7302,0,0,0,0,0,1942,105
org.mudebug.prapr.mutators.FieldNameMutator_2,5938954,1777,0,0,0,0,0,0,641
org.mudebug.prapr.mutators.FieldAccessToMethodCallMutator_3,5938956,6684,0,0,1,1,1,1029,695
org.mudebug.prapr.mutators.LocalNameMutator_2,5939987,7058,0,0,0,0,0,5,294
org.pitest.mutationtest.engine.gregor.mutators.experimental.MemberVariableMutator,5939994,632,0,0,0,0,0,7,33
org.mudebug.prapr.mutators.FieldNameMutator_0,5940003,7058,0,0,1,1,1,5538,241
org.mudebug.prapr.mutators.RelationalOperatorReplacement_3,5945543,3489,0,0,0,0,0,0,268
org.mudebug.prapr.mutators.MethCallResultGuard_2,5945548,7058,0,0,0,0,0,0,412
org.pitest.mutationtest.engine.gregor.mutators.experimental.RemoveSwitchMutator_79,5945550,5356,0,0,0,0,0,1657,117
org.mudebug.prapr.mutators.MethCallResultGuard_1,5947209,350,0,0,0,0,0,0,584
org.mudebug.prapr.mutators.ReturningDereferenceGuardMutator_3,5947211,1119,0,0,0,0,0,0,1437
org.pitest.mutationtest.engine.gregor.mutators.experimental.MemberVariableMutator,5947213,6971,0,0,1,1,1,5538,61
org.mudebug.prapr.mutators.NonVoidMethodCallGuardMutator_0,5952753,348,0,0,0,0,0,0,559
org.mudebug.prapr.mutators.MethodNameMutator_1,5952755,247,0,0,0,0,0,2,243
org.pitest.mutationtest.engine.gregor.mutators.VoidMethodCallMutator,5952759,6652,0,0,0,0,0,5,393
org.mudebug.prapr.mutators.LocalNameMutator_0,5952766,7058,0,0,0,0,0,19,347
org.mudebug.prapr.mutators.FieldToLocalAccessMutator_1,5952787,6725,0,0,0,1,1,0,1369
org.mudebug.prapr.mutators.LocalToFieldAccessMutator_0,5952789,6173,0,0,0,0,0,25,540
org.mudebug.prapr.mutators.RelationalOperatorReplacement_3,5952816,553,0,0,0,0,0,0,263
org.mudebug.prapr.mutators.LocalToFieldAccessMutator_0,5952818,4411,0,0,0,0,0,0,472
org.pitest.mutationtest.engine.gregor.mutators.InlineConstantMutator,5952820,1555,0,0,0,0,0,93,160
org.mudebug.prapr.mutators.RelationalOperatorReplacement_1,5952915,7382,0,0,0,0,0,0,410
org.mudebug.prapr.mutators.FieldNameMutator_4,5952917,7058,0,0,1,1,1,5226,444
org.pitest.mutationtest.engine.gregor.mutators.NonVoidMethodCallMutator,5958145,1106,0,0,0,0,0,0,1085
org.mudebug.prapr.mutators.MethodNameMutator_3,5958147,347,0,0,1,1,1,1985,522
org.mudebug.prapr.mutators.LocalToFieldAccessMutator_2,5960134,6688,0,0,1,1,1,5993,764
org.mudebug.prapr.mutators.FieldNameMutator_1,5966129,1777,0,0,0,0,0,0,82
org.mudebug.prapr.mutators.LocalNameMutator_2,5966131,7058,0,0,0,0,0,2250,385
org.mudebug.prapr.mutators.DereferenceGuardMutator_3,5968383,4413,0,0,0,0,0,0,526
org.mudebug.prapr.mutators.DereferenceGuardMutator_0,5968385,1106,0,0,0,0,0,0,1096
org.pitest.mutationtest.engine.gregor.mutators.InlineConstantMutator,5968387,6651,0,0,0,0,0,6,385
org.mudebug.prapr.mutators.MethCallResultGuard_1,5968395,5357,0,0,0,0,0,0,703
org.mudebug.prapr.mutators.ArgumentListMutator_4,5968397,7059,0,0,1,1,1,5538,544
org.mudebug.prapr.mutators.MethCallResultGuard_0,5973937,4410,0,0,0,0,0,0,441
org.mudebug.prapr.mutators.LocalNameMutator_0,5973939,6711,0,0,0,1,1,111,1133
org.mudebug.prapr.mutators.LocalNameMutator_0,5974052,547,0,0,0,0,0,0,167
org.mudebug.prapr.mutators.FieldNameMutator_4,5974054,1119,0,0,0,0,0,42,1439
org.mudebug.prapr.mutators.MethCallResultGuard_2,5974098,7064,0,0,0,0,0,7,619
org.mudebug.prapr.mutators.MethodNameMutator_5,5974107,1562,0,0,0,0,0,22,213
org.mudebug.prapr.mutators.ArithmeticOperatorDeletion_1,5974135,6715,0,0,0,0,0,73,1176
org.mudebug.prapr.mutators.LocalToFieldAccessMutator_2,5974212,6743,0,0,1,1,1,2924,1866
org.mudebug.prapr.mutators.FieldNameMutator_3,5977138,5378,0,0,0,0,0,0,1083
org.mudebug.prapr.mutators.ReturningDereferenceGuardMutator_1,5977140,6684,0,0,0,0,0,4,697
org.mudebug.prapr.mutators.FieldAccessToMethodCallMutator_2,5977146,6651,0,0,1,1,1,4342,380
org.pitest.mutationtest.engine.gregor.mutators.RemoveConditionalMutator_EQUAL_ELSE,5981490,4411,0,0,1,1,1,4269,471
org.mudebug.prapr.mutators.ReturningDereferenceGuardMutator_0,5985761,5213,0,0,0,0,0,0,91
org.mudebug.prapr.mutators.RelationalOperatorReplacement_2,5985763,6931,0,0,1,1,1,5538,865
org.mudebug.prapr.mutators.MethodNameMutator_0,5991303,5362,0,0,1,1,1,2655,816
org.mudebug.prapr.mutators.LocalToFieldAccessMutator_0,5993960,7303,0,0,0,0,0,1853,170
org.mudebug.prapr.mutators.RelationalOperatorReplacement_3,5995815,551,0,0,0,1,1,2674,217
org.mudebug.prapr.mutators.FieldAccessToMethodCallMutator_3,5998491,6652,0,0,0,0,0,0,399
org.mudebug.prapr.mutators.MethodNameMutator_0,5998493,242,0,0,0,0,0,0,156
org.mudebug.prapr.mutators.ReturningDereferenceGuardMutator_3,5998495,1135,0,0,0,0,0,0,1647
org.pitest.mutationtest.engine.gregor.mutators.RemoveConditionalMutator_EQUAL_IF,5998497,1560,0,0,0,0,0,90,189
org.mudebug.prapr.mutators.RelationalOperatorReplacement_2,5998589,3902,0,0,0,0,0,0,49
org.mudebug.prapr.mutators.ArgumentListMutator_2,5998591,7064,0,0,1,1,1,5538,618
org.pitest.mutationtest.engine.gregor.mutators.NegateConditionalsMutator,6004131,1106,0,1,1,1,1,906,1174
org.mudebug.prapr.mutators.MethodNameMutator_4,6005038,1234,0,0,1,1,1,5,302
org.mudebug.prapr.mutators.LocalNameMutator_2,6005045,7058,0,0,0,0,0,16,353
org.mudebug.prapr.mutators.FieldNameMutator_1,6005063,6684,0,0,0,0,0,485,712
org.mudebug.prapr.mutators.MethCallResultGuard_1,6005550,7058,0,0,0,0,0,0,310
org.mudebug.prapr.mutators.LocalNameMutator_0,6005552,1052,0,0,1,1,1,4574,416
org.mudebug.prapr.mutators.MethCallResultGuard_2,6010128,6725,0,0,0,0,0,0,1369
org.mudebug.prapr.mutators.ArgumentListMutator_3,6010130,1106,0,0,1,1,1,2980,1082
org.pitest.mutationtest.engine.gregor.mutators.experimental.MemberVariableMutator,6013112,503,0,0,0,0,0,44,65
org.pitest.mutationtest.engine.gregor.mutators.RemoveConditionalMutator_EQUAL_IF,6013158,6728,0,0,0,0,0,0,1407
org.pitest.mutationtest.engine.gregor.mutators.NullReturnValsMutator,6013160,332,0,0,1,1,1,5365,349
org.mudebug.prapr.mutators.DereferenceGuardMutator_4,6018527,546,0,0,0,0,0,0,148
org.mudebug.prapr.mutators.MethodNameMutator_5,6018529,4411,0,0,1,1,1,4269,474
org.mudebug.prapr.mutators.MethCallResultGuard_1,6022800,1236,1,0,0,0,0,0,522
org.mudebug.prapr.mutators.RelationalOperatorReplacement_3,6022802,5212,0,0,0,0,0,28,64
org.mudebug.prapr.mutators.ArgumentListMutator_2,6022832,5191,0,0,1,1,1,5173,78
org.mudebug.prapr.mutators.MethodNameMutator_6,6028007,3564,0,0,1,1,1,165,364
org.mudebug.prapr.mutators.ArgumentListMutator_2,6028174,1564,0,0,0,0,0,90,262
org.pitest.mutationtest.engine.gregor.mutators.InlineConstantMutator,6028266,6650,0,0,0,1,1,64,371
org.mudebug.prapr.mutators.FieldAccessToMethodCallMutator_2,6028332,6706,0,0,0,0,0,2,959
org.pitest.mutationtest.engine.gregor.mutators.ArgumentPropagationMutator,6028336,2306,0,0,0,0,0,2,41
org.mudebug.prapr.mutators.FieldNameMutator_1,6028340,7300,0,0,0,0,0,1946,74
org.mudebug.prapr.mutators.ReturningDereferenceGuardMutator_2,6030288,5213,0,0,0,0,0,0,91
org.mudebug.prapr.mutators.MethodNameMutator_2,6030293,4415,0,0,0,0,0,0,551
org.mudebug.prapr.mutators.LocalNameMutator_0,6030295,7058,0,0,0,0,0,27,409
org.mudebug.prapr.mutators.ReturningDereferenceGuardMutator_3,6030324,6688,0,0,0,0,0,0,763
org.mudebug.prapr.mutators.FieldNameMutator_1,6030326,1777,0,0,0,0,0,0,702
org.mudebug.prapr.mutators.FieldAccessToMethodCallMutator_0,6030328,1777,0,0,0,0,0,0,695
org.pitest.mutationtest.engine.gregor.mutators.NegateConditionalsMutator,6030333,5356,0,0,1,1,1,1316,215
org.pitest.mutationtest.engine.gregor.mutators.RemoveConditionalMutator_EQUAL_IF,6031651,7355,0,0,0,0,0,0,113
org.mudebug.prapr.mutators.FieldNameMutator_0,6031653,5356,0,0,0,0,0,0,522
org.mudebug.prapr.mutators.FieldNameMutator_0,6031655,1777,0,0,0,0,0,50,657
org.mudebug.prapr.mutators.LocalNameMutator_1,6031707,7058,0,0,0,0,0,2250,354
org.mudebug.prapr.mutators.MethodNameMutator_6,6033959,1245,0,0,1,1,1,20,714
org.pitest.mutationtest.engine.gregor.mutators.NegateConditionalsMutator,6033981,347,0,0,0,0,0,786,513
org.pitest.mutationtest.engine.gregor.mutators.InlineConstantMutator,6034769,6684,0,0,1,1,1,1029,697
org.pitest.mutationtest.engine.gregor.mutators.experimental.MemberVariableMutator,6035800,1271,0,0,0,0,0,88,44
org.pitest.mutationtest.engine.gregor.mutators.VoidMethodCallMutator,6035890,1237,0,0,0,0,0,0,544
org.mudebug.prapr.mutators.ArithmeticOperatorReplacement_3,6035892,4720,0,0,0,0,0,1,42
org.mudebug.prapr.mutators.MethodNameMutator_1,6035895,551,0,0,0,1,1,89,221
org.mudebug.prapr.mutators.LocalNameMutator_0,6035986,3664,0,0,1,1,1,500,2190
org.pitest.mutationtest.engine.gregor.mutators.RemoveConditionalMutator_EQUAL_IF,6036488,4413,0,0,1,1,1,5218,526
org.pitest.mutationtest.engine.gregor.mutators.NonVoidMethodCallMutator,6041708,1560,0,0,0,0,0,90,189
org.mudebug.prapr.mutators.MethodNameMutator_0,6041800,1046,0,0,0,0,0,3948,331
org.mudebug.prapr.mutators.FieldNameMutator_5,6045750,1777,0,0,0,0,0,0,669
org.mudebug.prapr.mutators.LocalToFieldAccessMutator_0,6045752,6728,0,0,1,1,1,2821,1407
org.pitest.mutationtest.engine.gregor.mutators.NonVoidMethodCallMutator,6048575,7058,0,0,1,1,1,5538,429
org.pitest.mutationtest.engine.gregor.mutators.experimental.NakedReceiverMutator,6054115,6742,0,0,1,1,1,2804,1849
org.mudebug.prapr.mutators.ReturningDereferenceGuardMutator_0,6056921,6737,0,0,0,0,0,0,1782
org.pitest.mutationtest.engine.gregor.mutators.VoidMethodCallMutator,6056923,5356,0,0,0,0,0,0,425
org.mudebug.prapr.mutators.MethCallResultGuard_1,6056925,3675,0,0,0,0,0,0,2364
org.mudebug.prapr.mutators.LocalToFieldAccessMutator_4,6056927,6713,0,0,0,0,0,59,1152
org.pitest.mutationtest.engine.gregor.mutators.experimental.RemoveSwitchMutator_70,6056988,555,0,0,0,0,0,0,872
org.mudebug.prapr.mutators.LocalToFieldAccessMutator_4,6056990,6696,0,0,0,0,0,84,837
org.pitest.mutationtest.engine.gregor.mutators.ConstructorCallMutator,6057076,1234,0,0,1,1,1,3,310
org.mudebug.prapr.mutators.ArgumentListMutator_4,6057081,2967,0,0,0,0,0,0,596
org.mudebug.prapr.mutators.FieldNameMutator_1,6057083,7057,0,0,0,0,0,0,228
org.mudebug.prapr.mutators.FieldNameMutator_0,6057085,6699,0,0,0,0,0,72,863
org.mudebug.prapr.mutators.FieldNameMutator_4,6057159,5355,0,0,0,0,0,0,72
org.mudebug.prapr.mutators.LocalNameMutator_0,6057161,244,0,0,0,0,0,3,187
org.mudebug.prapr.mutators.RelationalOperatorReplacement_2,6057166,4667,0,0,0,0,0,0,67
org.mudebug.prapr.mutators.ReturningDereferenceGuardMutator_4,6057168,6684,0,0,0,0,0,4,705
org.pitest.mutationtest.engine.gregor.mutators.experimental.MemberVariableMutator,6057174,6384,0,0,0,0,0,109,245
org.mudebug.prapr.mutators.FieldNameMutator_1,6057285,7063,0,0,1,1,1,5538,599
org.mudebug.prapr.mutators.LocalNameMutator_2,6062825,1245,0,0,0,0,0,7,719
org.mudebug.prapr.mutators.ArgumentListMutator_0,6062834,517,0,0,0,0,0,5,103
org.pitest.mutationtest.engine.gregor.mutators.NonVoidMethodCallMutator,6062841,7109,0,0,0,0,0,18,1174
org.mudebug.prapr.mutators.FieldToLocalAccessMutator_0,6062861,7189,0,0,0,0,0,11,489
org.mudebug.prapr.mutators.MethCallResultGuard_0,6062874,333,0,0,0,0,0,1,364
org.mudebug.prapr.mutators.LocalNameMutator_1,6062877,7058,0,0,0,0,0,6,347
org.mudebug.prapr.mutators.DereferenceGuardMutator_0,6062885,7080,0,0,0,0,0,5,809
org.mudebug.prapr.mutators.MethodNameMutator_1,6062892,334,0,0,0,0,0,9,382
org.mudebug.prapr.mutators.FieldNameMutator_3,6062903,7058,0,0,1,1,1,5538,314
org.mudebug.prapr.mutators.ArgumentListMutator_0,6068443,7064,0,0,1,1,1,5538,618
org.pitest.mutationtest.engine.gregor.mutators.RemoveConditionalMutator_EQUAL_IF,6073983,1042,0,0,0,0,0,0,256
org.pitest.mutationtest.engine.gregor.mutators.experimental.RemoveSwitchMutator_50,6073985,3636,0,0,0,0,0,0,1649
org.pitest.mutationtest.engine.gregor.mutators.NegateConditionalsMutator,6073987,4411,0,0,1,1,1,4269,500
org.pitest.mutationtest.engine.gregor.mutators.NegateConditionalsMutator,6078258,6710,0,0,0,1,1,16,1069
org.mudebug.prapr.mutators.FieldAccessToMethodCallMutator_4,6078276,6651,0,0,1,1,1,4611,382
org.mudebug.prapr.mutators.LocalToFieldAccessMutator_3,6082889,6683,0,0,1,1,1,2692,686
org.mudebug.prapr.mutators.RelationalOperatorReplacement_0,6085583,1564,0,0,0,0,0,205,262
org.mudebug.prapr.mutators.MethodNameMutator_1,6085790,551,0,0,1,1,1,4299,212
org.mudebug.prapr.mutators.FieldAccessToMethodCallMutator_1,6090091,1777,0,0,0,0,0,0,703
org.pitest.mutationtest.engine.gregor.mutators.NonVoidMethodCallMutator,6090093,247,0,0,0,0,0,2,251
org.mudebug.prapr.mutators.ReturningDereferenceGuardMutator_4,6090097,5353,0,0,0,0,0,0,64
org.mudebug.prapr.mutators.VoidMethodCallGuardMutator,6090099,7058,0,0,0,0,0,0,433
org.mudebug.prapr.mutators.FieldAccessToMethodCallMutator_3,6090101,1777,0,0,0,0,0,0,702
org.mudebug.prapr.mutators.LocalToFieldAccessMutator_2,6090103,6697,0,0,1,1,1,49,848
org.mudebug.prapr.mutators.LocalNameMutator_1,6090154,5356,0,0,0,0,0,37,354
org.pitest.mutationtest.engine.gregor.mutators.experimental.MemberVariableMutator,6090193,2071,0,0,0,0,0,19,39
org.mudebug.prapr.mutators.FieldAccessToMethodCallMutator_3,6090214,1777,0,0,0,0,0,0,715
org.mudebug.prapr.mutators.NonVoidMethodCallGuardMutator_0,6090216,551,0,0,0,0,0,5,221
org.mudebug.prapr.mutators.NonVoidMethodCallGuardMutator_0,6090223,5213,0,0,0,0,0,0,91
org.mudebug.prapr.mutators.ArgumentListMutator_2,6090225,6725,0,0,0,1,1,0,1369
org.mudebug.prapr.mutators.FieldToLocalAccessMutator_1,6090227,3489,0,0,0,0,0,5,252
org.mudebug.prapr.mutators.LocalToFieldAccessMutator_3,6090234,1042,0,0,1,1,1,1696,243
org.mudebug.prapr.mutators.FieldNameMutator_0,6091932,1131,0,0,1,1,1,1691,1619
org.mudebug.prapr.mutators.LocalToFieldAccessMutator_3,6093625,6744,0,0,1,1,1,1245,1892
org.mudebug.prapr.mutators.MethodNameMutator_7,6094872,7233,0,0,0,0,0,0,291
org.mudebug.prapr.mutators.NonVoidMethodCallGuardMutator_0,6094874,7064,0,0,0,0,0,5,615
org.mudebug.prapr.mutators.DereferenceGuardMutator_0,6094881,2459,0,0,0,0,0,5,58
org.mudebug.prapr.mutators.MethCallResultGuard_1,6094888,7059,0,0,0,0,0,0,547
org.mudebug.prapr.mutators.MethodNameMutator_0,6094890,3592,0,0,0,1,1,127,1084
org.mudebug.prapr.mutators.MethodNameMutator_8,6095019,7205,0,0,0,0,0,9,140
org.mudebug.prapr.mutators.FieldNameMutator_4,6095051,1777,0,0,0,0,0,0,651
org.pitest.mutationtest.engine.gregor.mutators.BooleanFalseReturnValsMutator,6095053,1133,0,0,0,0,0,5,1633
org.pitest.mutationtest.engine.gregor.mutators.NegateConditionalsMutator,6095064,5212,0,0,0,0,0,28,65
org.mudebug.prapr.mutators.ArgumentListMutator_0,6095094,7764,0,0,1,1,1,5426,465
org.mudebug.prapr.mutators.LocalNameMutator_0,6100522,242,0,0,1,1,1,5190,150
org.mudebug.prapr.mutators.ReturningDereferenceGuardMutator_4,6105719,3417,0,0,0,0,0,0,105
org.mudebug.prapr.mutators.ArgumentListMutator_2,6105721,1048,0,0,1,1,1,4554,348
org.mudebug.prapr.mutators.LocalNameMutator_0,6110277,6689,0,0,0,1,1,2230,786
org.pitest.mutationtest.engine.gregor.mutators.experimental.NakedReceiverMutator,6117575,1119,0,0,0,0,0,0,1441
org.mudebug.prapr.mutators.MethCallResultGuard_2,6117577,7382,0,0,0,0,0,1726,429
org.mudebug.prapr.mutators.FieldAccessToMethodCallMutator_0,6119305,3416,0,0,0,0,0,0,77
org.mudebug.prapr.mutators.FieldNameMutator_1,6119307,1777,0,0,0,0,0,0,717
org.pitest.mutationtest.engine.gregor.mutators.RemoveConditionalMutator_EQUAL_IF,6119309,7497,0,0,0,0,0,4,377
org.mudebug.prapr.mutators.FieldAccessToMethodCallMutator_0,6119315,1040,0,0,1,1,1,5296,211
org.pitest.mutationtest.engine.gregor.mutators.MathMutator,6124613,6713,0,0,0,1,1,114,1152
org.mudebug.prapr.mutators.MethodNameMutator_1,6124729,7250,0,0,0,0,0,45,663
org.pitest.mutationtest.engine.gregor.mutators.NegateConditionalsMutator,6124779,1109,0,0,0,0,0,460,1223
org.mudebug.prapr.mutators.NonVoidMethodCallGuardMutator_0,6125241,7058,0,0,0,0,0,0,398
org.mudebug.prapr.mutators.RelationalOperatorReplacement_2,6125243,3626,0,0,0,0,0,0,1516
org.mudebug.prapr.mutators.MethCallResultGuard_1,6125245,5356,0,0,0,1,1,229,84
org.mudebug.prapr.mutators.MethodNameMutator_1,6125476,4415,0,0,0,0,0,180,549
org.mudebug.prapr.mutators.VoidMethodCallGuardMutator,6125658,7058,0,0,0,0,0,0,363
org.mudebug.prapr.mutators.MethCallResultGuard_1,6125660,7058,0,0,0,0,0,0,388
org.pitest.mutationtest.engine.gregor.mutators.RemoveConditionalMutator_EQUAL_ELSE,6125662,7215,0,0,0,0,0,16,134
org.mudebug.prapr.mutators.LocalToFieldAccessMutator_4,6125680,6692,0,0,0,0,0,602,808
org.mudebug.prapr.mutators.LocalNameMutator_1,6126284,7058,0,0,0,0,0,23,409
org.mudebug.prapr.mutators.RelationalOperatorReplacement_0,6126309,5356,0,0,0,1,1,232,76
org.mudebug.prapr.mutators.MethodNameMutator_1,6126543,5356,0,0,0,1,1,135,499
org.mudebug.prapr.mutators.MethodNameMutator_6,6126680,5356,0,0,1,1,1,2601,344
org.mudebug.prapr.mutators.RelationalOperatorReplacement_0,6129283,6388,0,0,0,0,0,11,265
org.mudebug.prapr.mutators.DereferenceGuardMutator_3,6129296,3412,0,0,0,0,0,0,52
org.pitest.mutationtest.engine.gregor.mutators.experimental.MemberVariableMutator,6129298,1777,0,0,0,0,0,0,756
org.pitest.mutationtest.engine.gregor.mutators.experimental.RemoveSwitchMutator_1,6129302,6706,0,0,0,0,0,0,980
org.mudebug.prapr.mutators.DereferenceGuardMutator_0,6129304,7303,0,0,0,0,0,0,158
org.mudebug.prapr.mutators.MethCallResultGuard_0,6129306,1245,0,0,0,0,0,0,714
org.mudebug.prapr.mutators.ArgumentListMutator_5,6129308,6706,0,0,0,1,1,14,929
org.mudebug.prapr.mutators.NonVoidMethodCallGuardMutator_0,6129324,7107,0,0,0,0,0,5,1137
org.mudebug.prapr.mutators.ReturningDereferenceGuardMutator_3,6129331,1101,0,0,0,0,0,0,1019
org.pitest.mutationtest.engine.gregor.mutators.experimental.RemoveSwitchMutator_61,6129333,3636,0,0,0,0,0,0,1649
org.pitest.mutationtest.engine.gregor.mutators.NonVoidMethodCallMutator,6129335,7302,0,0,0,0,0,0,102
org.pitest.mutationtest.engine.gregor.mutators.NonVoidMethodCallMutator,6129337,1119,0,0,0,0,0,25,1436
org.pitest.mutationtest.engine.gregor.mutators.BooleanFalseReturnValsMutator,6129364,7490,0,0,0,0,0,3,254
org.mudebug.prapr.mutators.DereferenceGuardMutator_4,6129369,1106,0,0,0,0,0,0,1135
org.mudebug.prapr.mutators.MethCallResultGuard_2,6129371,1106,0,0,0,0,0,5,1091
org.mudebug.prapr.mutators.FieldNameMutator_0,6129378,4257,0,0,0,0,0,23,409
org.mudebug.prapr.mutators.LocalNameMutator_1,6129403,1234,0,0,1,1,1,3,313
org.mudebug.prapr.mutators.LocalToFieldAccessMutator_1,6129408,6686,0,0,1,1,1,5541,741
org.mudebug.prapr.mutators.MethodNameMutator_0,6134951,3675,0,0,0,0,0,0,2358
org.mudebug.prapr.mutators.ReturningDereferenceGuardMutator_0,6134953,6176,0,0,0,0,0,0,577
org.mudebug.prapr.mutators.MethodNameMutator_9,6134955,7259,0,0,0,0,0,259,823
org.pitest.mutationtest.engine.gregor.mutators.NegateConditionalsMutator,6135216,7204,0,0,0,0,0,149,135
org.mudebug.prapr.mutators.MethCallResultGuard_2,6135367,1234,0,0,0,0,0,0,310
org.mudebug.prapr.mutators.MethodNameMutator_2,6135369,5356,0,0,0,1,1,39,512
org.pitest.mutationtest.engine.gregor.mutators.VoidMethodCallMutator,6135410,7059,0,0,0,0,0,2,554
org.mudebug.prapr.mutators.MethodNameMutator_5,6135414,1245,0,0,1,1,1,20,719
org.mudebug.prapr.mutators.MethodNameMutator_6,6135436,1245,0,0,1,1,1,20,718
org.mudebug.prapr.mutators.FieldNameMutator_0,6135458,1777,0,0,0,0,0,2,653
org.pitest.mutationtest.engine.gregor.mutators.InlineConstantMutator,6135462,369,0,0,0,0,0,3033,805
org.mudebug.prapr.mutators.ArgumentListMutator_5,6138497,543,0,0,1,1,1,5365,89
org.mudebug.prapr.mutators.ReturningDereferenceGuardMutator_2,6143864,6687,0,0,0,0,0,0,758
org.mudebug.prapr.mutators.LocalNameMutator_0,6143869,7215,0,0,0,0,0,2099,132
org.mudebug.prapr.mutators.FieldNameMutator_5,6145973,1106,0,0,0,0,0,2,1106
org.mudebug.prapr.mutators.RelationalOperatorReplacement_1,6145977,6696,0,0,0,0,0,0,836
org.mudebug.prapr.mutators.ArgumentListMutator_4,6145979,6684,0,0,0,0,0,0,695
org.mudebug.prapr.mutators.MethCallResultGuard_2,6145984,6706,0,0,0,0,0,0,932
org.mudebug.prapr.mutators.LocalToFieldAccessMutator_0,6145986,7302,0,0,1,1,1,5538,137
org.pitest.mutationtest.engine.gregor.mutators.experimental.MemberVariableMutator,6151526,7785,0,0,0,1,1,580,361
org.pitest.mutationtest.engine.gregor.mutators.NegateConditionalsMutator,6152108,3675,0,0,1,1,1,4269,2354
org.mudebug.prapr.mutators.RelationalOperatorReplacement_0,6156379,7204,0,0,0,0,0,7,135
org.mudebug.prapr.mutators.FieldAccessToMethodCallMutator_1,6156388,1777,0,0,0,0,0,0,756
org.mudebug.prapr.mutators.RelationalOperatorReplacement_0,6156390,329,0,0,0,0,0,14,298
org.pitest.mutationtest.engine.gregor.mutators.NonVoidMethodCallMutator,6156406,1049,0,0,0,0,0,0,366
org.mudebug.prapr.mutators.LocalToFieldAccessMutator_0,6156408,4632,0,0,0,0,0,5,118
org.mudebug.prapr.mutators.RelationalOperatorReplacement_1,6156415,6706,0,0,0,0,0,0,930
org.mudebug.prapr.mutators.LocalToFieldAccessMutator_3,6156417,6697,0,0,1,1,1,20,851
org.pitest.mutationtest.engine.gregor.mutators.NonVoidMethodCallMutator,6156439,348,0,0,1,1,1,494,557
org.pitest.mutationtest.engine.gregor.mutators.NonVoidMethodCallMutator,6156935,346,0,0,0,0,0,3,496
org.mudebug.prapr.mutators.LocalToFieldAccessMutator_3,6156940,6712,0,0,1,1,1,5365,1137
org.mudebug.prapr.mutators.FieldAccessToMethodCallMutator_3,6162307,1777,0,0,0,0,0,0,640
org.mudebug.prapr.mutators.LocalNameMutator_0,6162309,5356,0,0,0,0,0,0,425
org.mudebug.prapr.mutators.LocalNameMutator_0,6162311,6728,0,0,0,0,0,0,1407
org.pitest.mutationtest.engine.gregor.mutators.InlineConstantMutator,6162313,7354,0,0,0,0,0,41,100
org.mudebug.prapr.mutators.DereferenceGuardMutator_3,6162356,4665,0,0,0,0,0,0,54
org.mudebug.prapr.mutators.FieldAccessToMethodCallMutator_2,6162358,6743,0,0,1,1,1,2887,1871
org.mudebug.prapr.mutators.FieldNameMutator_3,6165247,1777,0,0,0,0,0,0,682
org.mudebug.prapr.mutators.MethodNameMutator_0,6165249,1231,0,0,0,0,0,4,72
org.mudebug.prapr.mutators.ReturningDereferenceGuardMutator_0,6165255,7064,0,0,0,0,0,5,615
org.mudebug.prapr.mutators.VoidMethodCallGuardMutator,6165262,6738,0,0,0,0,0,0,1796
org.pitest.mutationtest.engine.gregor.mutators.experimental.MemberVariableMutator,6165264,1777,0,0,0,0,0,50,657
org.mudebug.prapr.mutators.LocalToFieldAccessMutator_3,6165316,6744,0,0,1,1,1,350,1897
org.pitest.mutationtest.engine.gregor.mutators.NonVoidMethodCallMutator,6165668,6388,0,0,0,1,1,1126,265
org.pitest.mutationtest.engine.gregor.mutators.NonVoidMethodCallMutator,6166796,343,0,0,1,1,1,4251,463
org.mudebug.prapr.mutators.FieldNameMutator_5,6171049,7088,0,0,0,0,0,1143,914
org.mudebug.prapr.mutators.FieldAccessToMethodCallMutator_0,6172201,1141,0,0,0,0,0,0,1715
org.pitest.mutationtest.engine.gregor.mutators.NegateConditionalsMutator,6172206,1560,0,0,0,0,0,166,189
org.mudebug.prapr.mutators.ReturningDereferenceGuardMutator_0,6172374,1087,0,0,0,0,0,0,878
org.pitest.mutationtest.engine.gregor.mutators.ReturnValsMutator,6172376,3412,0,0,1,1,1,5191,52
org.pitest.mutationtest.engine.gregor.mutators.NonVoidMethodCallMutator,6177569,3240,0,0,1,1,1,4765,38
org.mudebug.prapr.mutators.ArgumentListMutator_0,6182336,6174,0,0,0,0,0,0,548
org.pitest.mutationtest.engine.gregor.mutators.RemoveConditionalMutator_EQUAL_IF,6182341,6706,0,0,1,1,1,20,1017
org.mudebug.prapr.mutators.ArgumentListMutator_4,6182363,6706,0,0,0,1,1,2,976
org.mudebug.prapr.mutators.LocalToFieldAccessMutator_2,6182367,1046,0,0,1,1,1,4574,309
org.mudebug.prapr.mutators.FieldNameMutator_5,6186943,7059,0,0,0,0,0,0,559
org.pitest.mutationtest.engine.gregor.mutators.NegateConditionalsMutator,6186945,5356,0,0,0,0,0,2,103
org.pitest.mutationtest.engine.gregor.mutators.experimental.RemoveSwitchMutator_17,6186952,495,0,0,0,0,0,390,119
org.pitest.mutationtest.engine.gregor.mutators.NonVoidMethodCallMutator,6187344,6691,0,0,0,0,0,495,800
org.mudebug.prapr.mutators.FieldNameMutator_2,6187841,1777,0,0,0,0,0,0,662
org.mudebug.prapr.mutators.FieldNameMutator_5,6187843,7058,0,0,0,0,0,2252,345
org.mudebug.prapr.mutators.RelationalOperatorReplacement_0,6190097,4415,0,0,1,1,1,5220,546
org.mudebug.prapr.mutators.RelationalOperatorReplacement_0,6195319,6706,0,0,0,1,1,0,965
org.mudebug.prapr.mutators.MethCallResultGuard_0,6195321,3710,0,0,0,0,0,0,67
org.mudebug.prapr.mutators.RelationalOperatorReplacement_2,6195323,5356,0,0,0,1,1,117,515
org.mudebug.prapr.mutators.FieldToLocalAccessMutator_0,6195442,633,0,0,0,0,0,0,37
org.mudebug.prapr.mutators.MethCallResultGuard_0,6195444,5356,0,0,0,0,0,0,88
org.pitest.mutationtest.engine.gregor.mutators.experimental.RemoveSwitchMutator_37,6195446,495,0,0,0,0,0,1024,119
org.mudebug.prapr.mutators.LocalToFieldAccessMutator_2,6196472,6728,0,0,1,1,1,2560,1420
org.mudebug.prapr.mutators.LocalNameMutator_1,6199034,5356,0,0,0,0,0,48,496
org.pitest.mutationtest.engine.gregor.mutators.InlineConstantMutator,6199087,4411,0,0,1,1,1,4269,472
org.mudebug.prapr.mutators.ArgumentListMutator_2,6203358,5362,0,0,1,1,1,2661,823
org.mudebug.prapr.mutators.NonVoidMethodCallGuardMutator_0,6206024,1106,0,0,0,0,0,0,1091
org.pitest.mutationtest.engine.gregor.mutators.RemoveConditionalMutator_EQUAL_ELSE,6206026,7205,0,0,0,0,0,9,141
org.mudebug.prapr.mutators.LocalNameMutator_0,6206037,5356,0,0,0,0,0,1086,336
org.mudebug.prapr.mutators.LocalNameMutator_1,6207125,7058,0,0,0,0,0,2250,385
org.mudebug.prapr.mutators.NonVoidMethodCallGuardMutator_0,6209377,348,0,0,0,0,0,0,557
org.mudebug.prapr.mutators.MethodNameMutator_0,6209379,1044,0,0,0,0,0,126,281
org.pitest.mutationtest.engine.gregor.mutators.RemoveConditionalMutator_EQUAL_IF,6209507,7064,0,0,0,0,0,1,617
org.mudebug.prapr.mutators.MethCallResultGuard_2,6209510,347,0,0,0,0,0,0,544
org.pitest.mutationtest.engine.gregor.mutators.ArgumentPropagationMutator,6209512,1040,0,0,0,0,0,0,209
org.mudebug.prapr.mutators.LocalToFieldAccessMutator_2,6209514,7064,0,0,0,0,0,11,619
org.mudebug.prapr.mutators.ArgumentListMutator_1,6209527,2967,0,0,0,0,0,0,596
org.pitest.mutationtest.engine.gregor.mutators.NonVoidMethodCallMutator,6209529,5356,0,0,1,1,1,2620,182
org.pitest.mutationtest.engine.gregor.mutators.ArgumentPropagationMutator,6212151,1245,0,0,0,0,0,2,719
org.pitest.mutationtest.engine.gregor.mutators.VoidMethodCallMutator,6212155,7058,0,0,0,0,0,2250,290
org.pitest.mutationtest.engine.gregor.mutators.experimental.MemberVariableMutator,6214407,1777,0,0,0,0,0,0,726
org.pitest.mutationtest.engine.gregor.mutators.RemoveConditionalMutator_EQUAL_ELSE,6214409,1554,0,0,0,0,0,4,139
org.mudebug.prapr.mutators.NonVoidMethodCallGuardMutator_0,6214415,3664,0,0,0,0,0,0,2181
org.mudebug.prapr.mutators.ReturningDereferenceGuardMutator_1,6214417,6652,0,0,0,0,0,5,395
org.mudebug.prapr.mutators.FieldNameMutator_2,6214424,1777,0,0,0,0,0,0,709
org.pitest.mutationtest.engine.gregor.mutators.NegateConditionalsMutator,6214426,5356,0,0,0,0,0,9,103
org.mudebug.prapr.mutators.FieldNameMutator_2,6214437,7064,0,0,0,0,0,7,619
org.mudebug.prapr.mutators.MethCallResultGuard_2,6214446,1234,0,0,0,0,0,0,271
org.pitest.mutationtest.engine.gregor.mutators.RemoveConditionalMutator_EQUAL_ELSE,6214448,3626,0,0,0,0,0,474,1516
org.pitest.mutationtest.engine.gregor.mutators.experimental.RemoveSwitchMutator_89,6214924,3584,0,0,0,0,0,26,901
org.mudebug.prapr.mutators.MethodNameMutator_1,6214952,7058,0,0,0,0,0,8,330
org.mudebug.prapr.mutators.DereferenceGuardMutator_0,6214962,1119,0,0,0,0,0,0,1439
org.mudebug.prapr.mutators.MethCallResultGuard_1,6214964,245,0,0,0,0,0,23,198
org.mudebug.prapr.mutators.DereferenceGuardMutator_3,6214989,1133,0,0,0,0,0,0,1633
org.mudebug.prapr.mutators.MethodNameMutator_0,6214991,1042,0,0,0,0,0,2,243
org.mudebug.prapr.mutators.DereferenceGuardMutator_0,6214995,7057,0,0,0,0,0,0,228
org.mudebug.prapr.mutators.MethodNameMutator_8,6214997,6931,0,0,0,0,0,495,844
org.mudebug.prapr.mutators.LocalToFieldAccessMutator_0,6215494,6713,0,0,0,1,1,112,1152
org.mudebug.prapr.mutators.FieldNameMutator_1,6215608,7063,0,0,0,0,0,146,609
org.pitest.mutationtest.engine.gregor.mutators.ConstructorCallMutator,6215756,543,0,0,1,1,1,5365,89
org.pitest.mutationtest.engine.gregor.mutators.NegateConditionalsMutator,6221123,1246,0,0,0,1,1,11,819
org.mudebug.prapr.mutators.MethodNameMutator_1,6221136,5356,0,0,1,1,1,981,499
org.pitest.mutationtest.engine.gregor.mutators.experimental.MemberVariableMutator,6222119,7215,0,0,0,0,0,7,142
org.mudebug.prapr.mutators.LocalToFieldAccessMutator_0,6222128,1040,0,0,1,1,1,5219,211
org.mudebug.prapr.mutators.LocalNameMutator_2,6227349,7058,0,0,0,0,0,97,314
org.mudebug.prapr.mutators.NonVoidMethodCallGuardMutator_0,6227448,333,0,0,0,0,0,0,364
org.pitest.mutationtest.engine.gregor.mutators.NegateConditionalsMutator,6227450,5362,0,0,0,1,1,206,816
org.mudebug.prapr.mutators.LocalNameMutator_0,6227658,5356,0,0,1,1,1,1491,92
org.mudebug.prapr.mutators.LocalToFieldAccessMutator_1,6229151,6707,0,0,0,1,1,16,1043
org.mudebug.prapr.mutators.FieldNameMutator_2,6229169,3711,0,0,0,0,0,0,72
org.mudebug.prapr.mutators.MethodNameMutator_6,6229171,3626,0,0,1,1,1,4269,1516
org.mudebug.prapr.mutators.MethCallResultGuard_1,6233442,3416,0,0,0,0,0,0,77
org.mudebug.prapr.mutators.LocalToFieldAccessMutator_0,6233444,6713,0,0,0,1,1,2703,1147
org.mudebug.prapr.mutators.ArgumentListMutator_2,6236149,6706,0,0,0,1,1,14,929
org.pitest.mutationtest.engine.gregor.mutators.NonVoidMethodCallMutator,6236165,6725,0,0,0,1,1,0,1369
org.pitest.mutationtest.engine.gregor.mutators.BooleanFalseReturnValsMutator,6236167,7351,0,0,0,0,0,943,54
org.pitest.mutationtest.engine.gregor.mutators.NonVoidMethodCallMutator,6237112,5356,0,0,0,1,1,232,76
org.mudebug.prapr.mutators.LocalNameMutator_0,6237346,5356,0,0,1,1,1,1491,110
org.pitest.mutationtest.engine.gregor.mutators.experimental.MemberVariableMutator,6238839,6174,0,0,0,0,0,4,549
org.pitest.mutationtest.engine.gregor.mutators.VoidMethodCallMutator,6238845,7355,0,0,0,0,0,1985,116
org.mudebug.prapr.mutators.NonVoidMethodCallGuardMutator_0,6240832,7058,0,0,0,0,0,0,337
org.mudebug.prapr.mutators.LocalToFieldAccessMutator_1,6240834,6699,0,0,1,1,1,5519,863
org.mudebug.prapr.mutators.ArgumentListMutator_1,6246355,1043,0,0,0,0,0,178,270
org.mudebug.prapr.mutators.ArgumentListMutator_3,6246535,6725,0,0,0,1,1,0,1369
org.mudebug.prapr.mutators.DereferenceGuardMutator_3,6246537,350,0,0,0,0,0,0,584
org.mudebug.prapr.mutators.FieldNameMutator_2,6246539,1777,0,0,0,0,0,0,644
org.mudebug.prapr.mutators.MethodNameMutator_5,6246541,6743,0,0,1,1,1,2794,1867
org.mudebug.prapr.mutators.RelationalOperatorReplacement_0,6249337,7108,0,0,1,1,1,5538,1154
org.pitest.mutationtest.engine.gregor.mutators.experimental.NakedReceiverMutator,6254879,6743,0,0,1,1,1,2929,1867
org.mudebug.prapr.mutators.ArgumentListMutator_0,6257810,1043,0,0,1,1,1,2889,270
org.mudebug.prapr.mutators.ArgumentListMutator_3,6260701,7058,0,0,1,1,1,5538,532
org.pitest.mutationtest.engine.gregor.mutators.NonVoidMethodCallMutator,6266241,5219,0,0,1,1,1,2695,181
org.mudebug.prapr.mutators.FieldNameMutator_3,6268938,7209,0,0,0,0,0,9,51
org.mudebug.prapr.mutators.MethCallResultGuard_2,6268949,7058,0,0,0,0,0,5,412
org.pitest.mutationtest.engine.gregor.mutators.experimental.MemberVariableMutator,6268956,5192,0,0,0,0,0,13,52
org.mudebug.prapr.mutators.FieldNameMutator_5,6268971,1777,0,0,0,0,0,76,655
org.mudebug.prapr.mutators.FieldNameMutator_4,6269049,1777,0,0,0,0,0,38,656
org.mudebug.prapr.mutators.FieldAccessToMethodCallMutator_0,6269089,1132,0,0,0,0,0,2480,1627
org.mudebug.prapr.mutators.ReturningDereferenceGuardMutator_1,6271571,5214,0,0,0,0,0,0,112
org.mudebug.prapr.mutators.LocalNameMutator_0,6271573,4410,0,0,0,0,0,2569,445
org.mudebug.prapr.mutators.VoidMethodCallGuardMutator,6274144,5356,0,0,0,0,0,0,522
org.pitest.mutationtest.engine.gregor.mutators.InlineConstantMutator,6274146,5358,0,0,0,0,0,39,724
org.mudebug.prapr.mutators.FieldNameMutator_1,6274187,1777,0,0,0,0,0,0,674
org.pitest.mutationtest.engine.gregor.mutators.InlineConstantMutator,6274189,7058,0,0,1,1,1,5538,482
org.mudebug.prapr.mutators.FieldNameMutator_1,6279729,4415,0,0,1,1,1,5220,549
org.mudebug.prapr.mutators.FieldNameMutator_5,6284951,1777,0,0,0,0,0,0,643
org.pitest.mutationtest.engine.gregor.mutators.NegateConditionalsMutator,6284953,5351,0,0,1,1,1,2826,48
org.mudebug.prapr.mutators.FieldAccessToMethodCallMutator_2,6287783,1777,0,0,0,0,0,0,687
org.mudebug.prapr.mutators.MethodNameMutator_6,6287785,4410,0,0,1,1,1,4693,456
org.pitest.mutationtest.engine.gregor.mutators.InlineConstantMutator,6292480,245,0,0,1,1,1,4269,197
org.mudebug.prapr.mutators.RelationalOperatorReplacement_1,6296751,1563,0,0,0,0,0,0,237
org.mudebug.prapr.mutators.RelationalOperatorReplacement_2,6296753,1562,0,0,0,0,0,15,209
org.mudebug.prapr.mutators.FieldToLocalAccessMutator_0,6296770,2071,0,0,0,0,0,19,39
org.pitest.mutationtest.engine.gregor.mutators.experimental.MemberVariableMutator,6296791,1777,0,0,0,0,0,0,716
org.pitest.mutationtest.engine.gregor.mutators.experimental.NakedReceiverMutator,6296793,4411,0,0,1,1,1,4269,494
org.mudebug.prapr.mutators.FieldAccessToMethodCallMutator_2,6301064,6673,0,0,1,1,1,5522,556
org.mudebug.prapr.mutators.MethodNameMutator_3,6306588,329,0,0,0,0,0,11,296
org.mudebug.prapr.mutators.NonVoidMethodCallGuardMutator_0,6306601,6744,0,0,0,0,0,4,1892
org.mudebug.prapr.mutators.LocalNameMutator_1,6306607,6743,0,0,0,0,0,2080,1874
org.mudebug.prapr.mutators.LocalToFieldAccessMutator_1,6308689,6684,0,0,1,1,1,757,705
org.mudebug.prapr.mutators.NonVoidMethodCallGuardMutator_0,6309448,7061,0,0,0,0,0,0,573
org.pitest.mutationtest.engine.gregor.mutators.NegateConditionalsMutator,6309450,4410,0,0,0,1,1,3883,453
org.pitest.mutationtest.engine.gregor.mutators.experimental.MemberVariableMutator,6313335,1777,0,0,0,0,0,0,706
org.mudebug.prapr.mutators.LocalNameMutator_0,6313337,6678,0,0,1,1,1,4701,611
org.mudebug.prapr.mutators.LocalNameMutator_0,6318040,6678,0,0,1,1,1,4862,611
org.mudebug.prapr.mutators.ArgumentListMutator_5,6322904,6652,0,0,0,0,0,0,389
org.mudebug.prapr.mutators.FieldAccessToMethodCallMutator_0,6322906,543,0,0,0,0,0,2,90
org.mudebug.prapr.mutators.MethodNameMutator_2,6322910,7233,0,0,0,0,0,18,297
org.mudebug.prapr.mutators.FieldAccessToMethodCallMutator_4,6322930,1777,0,0,0,0,0,0,683
org.mudebug.prapr.mutators.ReturningDereferenceGuardMutator_3,6322932,1106,0,0,0,0,0,0,1185
org.mudebug.prapr.mutators.FieldNameMutator_0,6322934,7059,0,0,0,0,0,2,557
org.mudebug.prapr.mutators.FieldNameMutator_5,6322938,4241,0,0,0,0,0,2,82
org.mudebug.prapr.mutators.ReturningDereferenceGuardMutator_2,6322942,6684,0,0,0,0,0,4,705
org.mudebug.prapr.mutators.FieldNameMutator_1,6322948,2306,0,0,0,0,0,2,41
org.mudebug.prapr.mutators.ReturningDereferenceGuardMutator_3,6322952,6686,0,0,0,0,0,5,741
org.mudebug.prapr.mutators.MethodNameMutator_3,6322959,547,0,0,1,1,1,254,167
org.mudebug.prapr.mutators.MethodNameMutator_1,6323215,6743,0,0,1,1,1,2693,1867
org.pitest.mutationtest.engine.gregor.mutators.experimental.MemberVariableMutator,6325910,1777,0,0,0,0,0,74,730
org.pitest.mutationtest.engine.gregor.mutators.experimental.RemoveSwitchMutator_24,6325986,5356,0,0,0,0,0,6,117
org.mudebug.prapr.mutators.FieldToLocalAccessMutator_0,6325994,4632,0,0,0,0,0,0,118
org.mudebug.prapr.mutators.LocalNameMutator_0,6325996,5356,0,0,0,1,1,87,110
org.mudebug.prapr.mutators.FieldNameMutator_3,6326085,7058,0,0,1,1,1,5538,250
org.mudebug.prapr.mutators.FieldNameMutator_4,6331625,1777,0,0,0,0,0,0,728
org.mudebug.prapr.mutators.MethCallResultGuard_2,6331627,3710,0,0,0,0,0,0,66
org.mudebug.prapr.mutators.ArgumentListMutator_0,6331629,5356,0,0,0,0,0,0,88
org.pitest.mutationtest.engine.gregor.mutators.ArgumentPropagationMutator,6331631,3388,0,0,0,1,1,148,71
org.mudebug.prapr.mutators.MethodNameMutator_3,6331781,7382,0,0,0,0,0,0,431
org.mudebug.prapr.mutators.LocalNameMutator_0,6331783,5358,0,0,0,0,0,0,759
org.mudebug.prapr.mutators.RelationalOperatorReplacement_2,6331785,5358,0,0,0,0,0,3,766
org.mudebug.prapr.mutators.DereferenceGuardMutator_1,6331790,6697,0,0,0,0,0,0,851
org.pitest.mutationtest.engine.gregor.mutators.VoidMethodCallMutator,6331792,347,0,0,0,0,0,34,542
org.mudebug.prapr.mutators.RelationalOperatorReplacement_3,6331828,6931,0,0,0,0,0,455,844
org.pitest.mutationtest.engine.gregor.mutators.experimental.RemoveSwitchMutator_36,6332285,5356,0,0,0,0,0,397,117
org.mudebug.prapr.mutators.ArithmeticOperatorReplacement_1,6332684,5356,0,0,0,0,0,12,110
org.mudebug.prapr.mutators.FieldNameMutator_5,6332698,7058,0,0,0,0,0,32,251
org.pitest.mutationtest.engine.gregor.mutators.RemoveConditionalMutator_EQUAL_IF,6332732,247,0,0,0,0,0,0,251
org.pitest.mutationtest.engine.gregor.mutators.RemoveConditionalMutator_EQUAL_ELSE,6332734,5356,0,0,0,0,0,87,515
org.pitest.mutationtest.engine.gregor.mutators.NonVoidMethodCallMutator,6332825,6988,0,0,1,1,1,5538,168
org.mudebug.prapr.mutators.RelationalOperatorReplacement_0,6338365,495,0,0,0,0,0,0,173
org.pitest.mutationtest.engine.gregor.mutators.experimental.MemberVariableMutator,6338367,1038,0,0,0,0,0,0,122
org.pitest.mutationtest.engine.gregor.mutators.experimental.MemberVariableMutator,6338369,1537,0,0,0,0,0,0,32
org.pitest.mutationtest.engine.gregor.mutators.InlineConstantMutator,6338371,7058,0,0,0,0,0,8,412
org.pitest.mutationtest.engine.gregor.mutators.experimental.RemoveSwitchMutator_90,6338381,3636,0,0,0,0,0,0,1649
org.pitest.mutationtest.engine.gregor.mutators.VoidMethodCallMutator,6338383,7059,0,0,0,0,0,2,552
org.mudebug.prapr.mutators.VoidMethodCallGuardMutator,6338387,6737,0,0,0,0,0,5,1783
org.mudebug.prapr.mutators.LocalNameMutator_0,6338394,1046,0,0,1,1,1,4559,328
org.mudebug.prapr.mutators.FieldToLocalAccessMutator_0,6342955,7785,0,0,0,1,1,2225,363
org.mudebug.prapr.mutators.ArgumentListMutator_0,6345182,7059,0,0,1,1,1,5538,555
org.mudebug.prapr.mutators.LocalToFieldAccessMutator_3,6350722,6697,0,0,1,1,1,44,849
org.mudebug.prapr.mutators.RelationalOperatorReplacement_2,6350768,7108,0,0,0,0,0,3,1154
org.pitest.mutationtest.engine.gregor.mutators.experimental.NakedReceiverMutator,6350773,5376,0,0,1,1,1,253,1045
org.pitest.mutationtest.engine.gregor.mutators.RemoveConditionalMutator_EQUAL_IF,6351028,5356,0,0,0,0,0,0,88
org.mudebug.prapr.mutators.ReturningDereferenceGuardMutator_4,6351030,1119,0,0,0,0,0,0,1435
org.mudebug.prapr.mutators.FieldNameMutator_2,6351032,7209,0,0,0,0,0,14,51
org.mudebug.prapr.mutators.DereferenceGuardMutator_4,6351048,6684,0,0,0,0,0,4,703
org.pitest.mutationtest.engine.gregor.mutators.BooleanFalseReturnValsMutator,6351054,1799,0,0,0,0,0,0,931
org.mudebug.prapr.mutators.FieldNameMutator_0,6351056,1777,0,0,0,0,0,74,730
org.pitest.mutationtest.engine.gregor.mutators.ReturnValsMutator,6351132,4720,0,0,0,0,0,1,42
org.pitest.mutationtest.engine.gregor.mutators.NonVoidMethodCallMutator,6351135,7247,0,0,0,0,0,103,598
org.pitest.mutationtest.engine.gregor.mutators.MathMutator,6351240,5356,0,0,0,0,0,8,110
org.pitest.mutationtest.engine.gregor.mutators.InlineConstantMutator,6351250,6711,0,0,0,0,0,9,1131
org.pitest.mutationtest.engine.gregor.mutators.InlineConstantMutator,6351261,553,0,0,0,0,0,45,262
org.mudebug.prapr.mutators.LocalNameMutator_0,6351308,7090,0,0,1,1,1,5538,931
org.mudebug.prapr.mutators.FieldToLocalAccessMutator_0,6356848,4466,0,0,0,0,0,1846,33
org.mudebug.prapr.mutators.FieldNameMutator_0,6358696,1047,0,0,0,0,0,33,339
org.mudebug.prapr.mutators.MethCallResultGuard_2,6358731,1086,0,0,0,0,0,5,871
org.pitest.mutationtest.engine.gregor.mutators.BooleanTrueReturnValsMutator,6358738,3611,0,0,0,0,0,636,1338
org.pitest.mutationtest.engine.gregor.mutators.RemoveConditionalMutator_EQUAL_IF,6359376,4411,0,0,0,0,0,0,500
org.pitest.mutationtest.engine.gregor.mutators.PrimitiveReturnsMutator,6359378,4241,0,0,0,0,0,2,82
org.mudebug.prapr.mutators.FieldNameMutator_1,6359382,1038,0,0,0,0,0,0,131
org.mudebug.prapr.mutators.RelationalOperatorReplacement_0,6359384,334,0,0,0,0,0,16,382
org.mudebug.prapr.mutators.NonVoidMethodCallGuardMutator_0,6359402,7507,0,0,0,0,0,0,479
org.mudebug.prapr.mutators.FieldNameMutator_3,6359404,7058,0,0,1,1,1,5068,466
org.mudebug.prapr.mutators.RelationalOperatorReplacement_0,6364474,7302,0,0,0,0,0,0,110
org.pitest.mutationtest.engine.gregor.mutators.experimental.MemberVariableMutator,6364476,503,0,0,0,0,0,2994,64
org.mudebug.prapr.mutators.MethodNameMutator_3,6367472,247,0,0,1,1,1,4255,239
org.pitest.mutationtest.engine.gregor.mutators.EmptyObjectReturnValsMutator,6371729,6705,0,0,0,1,1,14,918
org.mudebug.prapr.mutators.MethCallResultGuard_0,6371745,247,0,0,0,0,0,0,244
org.pitest.mutationtest.engine.gregor.mutators.VoidMethodCallMutator,6371747,7058,0,0,0,0,0,2250,354
org.mudebug.prapr.mutators.DereferenceGuardMutator_3,6373999,5219,0,0,0,0,0,0,181
org.mudebug.prapr.mutators.MethodNameMutator_2,6374001,6738,0,0,1,1,1,252,1796
org.pitest.mutationtest.engine.gregor.mutators.experimental.MemberVariableMutator,6374255,1928,0,0,0,0,0,94,47
org.mudebug.prapr.mutators.LocalToFieldAccessMutator_2,6374351,1562,0,0,0,0,0,31,223
org.mudebug.prapr.mutators.RelationalOperatorReplacement_0,6374384,5358,0,0,0,0,0,30,736
org.mudebug.prapr.mutators.MethCallResultGuard_0,6374416,7503,0,0,0,0,0,0,445
org.pitest.mutationtest.engine.gregor.mutators.ConstructorCallMutator,6374418,7058,0,0,1,1,1,5538,240
org.mudebug.prapr.mutators.FieldToLocalAccessMutator_1,6379958,1046,0,0,0,0,0,12,313
org.mudebug.prapr.mutators.RelationalOperatorReplacement_1,6379972,244,0,0,0,0,0,23,187
org.pitest.mutationtest.engine.gregor.mutators.EmptyObjectReturnValsMutator,6379997,3710,0,0,1,1,1,5298,67
org.pitest.mutationtest.engine.gregor.mutators.RemoveConditionalMutator_EQUAL_IF,6385297,334,0,0,0,0,0,68,382
org.mudebug.prapr.mutators.MethodNameMutator_1,6385367,244,0,0,1,1,1,2697,176
org.mudebug.prapr.mutators.RelationalOperatorReplacement_3,6388066,6713,0,0,0,0,0,1,1149
org.mudebug.prapr.mutators.LocalToFieldAccessMutator_2,6388069,6738,0,0,0,0,0,52,1796
org.mudebug.prapr.mutators.ArgumentListMutator_5,6388123,7764,0,0,1,1,1,5426,465
org.mudebug.prapr.mutators.FieldNameMutator_4,6393551,1777,0,0,0,0,0,0,697
org.mudebug.prapr.mutators.LocalNameMutator_0,6393553,7058,0,0,0,0,0,2250,395
org.pitest.mutationtest.engine.gregor.mutators.InlineConstantMutator,6395809,6726,0,0,0,0,0,1326,1383
org.pitest.mutationtest.engine.gregor.mutators.RemoveConditionalMutator_EQUAL_IF,6397137,7063,0,0,0,0,0,4,600
org.pitest.mutationtest.engine.gregor.mutators.VoidMethodCallMutator,6397143,7199,0,0,0,0,0,83,85
org.mudebug.prapr.mutators.LocalNameMutator_0,6397228,7058,0,0,0,0,0,0,310
org.mudebug.prapr.mutators.DereferenceGuardMutator_0,6397230,7063,0,0,0,0,0,0,599
org.mudebug.prapr.mutators.MethodNameMutator_2,6397232,3675,0,0,0,0,0,16,2362
org.mudebug.prapr.mutators.MethCallResultGuard_1,6397250,495,0,0,0,0,0,5,266
org.mudebug.prapr.mutators.FieldNameMutator_3,6397257,1777,0,0,0,0,0,76,637
org.mudebug.prapr.mutators.FieldAccessToMethodCallMutator_0,6397335,3243,0,0,1,1,1,5231,73
org.mudebug.prapr.mutators.ReturningDereferenceGuardMutator_2,6402568,5356,0,0,0,0,0,0,94
org.mudebug.prapr.mutators.LocalNameMutator_0,6402570,5356,0,0,1,1,1,251,512
org.mudebug.prapr.mutators.MethodNameMutator_2,6402823,5376,0,0,0,0,0,1,1051
org.mudebug.prapr.mutators.LocalNameMutator_0,6402826,347,0,0,1,1,1,4283,550
org.mudebug.prapr.mutators.RelationalOperatorReplacement_0,6407111,7382,0,0,0,0,0,0,442
org.pitest.mutationtest.engine.gregor.mutators.RemoveConditionalMutator_EQUAL_ELSE,6407113,5212,0,0,1,1,1,2868,60
org.pitest.mutationtest.engine.gregor.mutators.InlineConstantMutator,6409983,3675,0,0,0,0,0,23,2354
org.mudebug.prapr.mutators.MethodNameMutator_0,6410008,5375,0,0,0,1,1,6,1033
org.mudebug.prapr.mutators.MethodNameMutator_1,6410019,1049,0,0,0,0,0,126,368
org.mudebug.prapr.mutators.ArgumentListMutator_5,6410147,5192,0,0,1,1,1,5173,52
org.mudebug.prapr.mutators.LocalToFieldAccessMutator_0,6415322,4423,0,0,0,0,0,145,615
org.mudebug.prapr.mutators.VoidMethodCallGuardMutator,6415469,7490,0,0,0,0,0,0,252
org.mudebug.prapr.mutators.LocalToFieldAccessMutator_2,6415471,6742,0,0,1,1,1,2939,1855
org.mudebug.prapr.mutators.LocalNameMutator_0,6418412,7058,0,0,0,0,0,29,436
org.mudebug.prapr.mutators.LocalToFieldAccessMutator_4,6418443,6696,0,0,0,1,1,580,837
org.mudebug.prapr.mutators.RelationalOperatorReplacement_2,6419025,1049,0,0,0,0,0,23,368
org.mudebug.prapr.mutators.LocalNameMutator_0,6419050,5356,0,0,0,0,0,9,507
org.mudebug.prapr.mutators.FieldNameMutator_1,6419061,7058,0,0,0,0,0,2283,514
org.pitest.mutationtest.engine.gregor.mutators.RemoveConditionalMutator_EQUAL_IF,6421346,4411,0,0,0,0,0,167,476
org.mudebug.prapr.mutators.MethCallResultGuard_2,6421515,7090,0,0,0,0,0,0,932
org.mudebug.prapr.mutators.FieldAccessToMethodCallMutator_4,6421517,6652,0,0,1,1,1,5084,397
org.mudebug.prapr.mutators.MethCallResultGuard_2,6426603,1231,0,0,0,0,0,0,68
org.mudebug.prapr.mutators.LocalNameMutator_0,6426605,1562,0,0,0,0,0,32,209
org.mudebug.prapr.mutators.NonVoidMethodCallGuardMutator_0,6426639,7490,0,0,0,0,0,0,246
org.mudebug.prapr.mutators.FieldToLocalAccessMutator_0,6426641,1244,0,0,0,0,0,0,654
org.mudebug.prapr.mutators.VoidMethodCallGuardMutator,6426643,5356,0,0,0,0,0,0,182
org.mudebug.prapr.mutators.RelationalOperatorReplacement_0,6426645,5358,0,0,0,0,0,23,766
org.mudebug.prapr.mutators.ReturningDereferenceGuardMutator_0,6426670,3497,0,0,0,0,0,5,421
org.mudebug.prapr.mutators.MethodNameMutator_2,6426677,3675,0,0,0,0,0,0,2356
org.mudebug.prapr.mutators.RelationalOperatorReplacement_0,6426679,6706,0,0,1,1,1,45,959
org.mudebug.prapr.mutators.FieldToLocalAccessMutator_0,6426726,6168,0,0,1,1,1,2868,492
org.mudebug.prapr.mutators.ArgumentListMutator_0,6429596,556,0,0,1,1,1,5365,1186
org.pitest.mutationtest.engine.gregor.mutators.VoidMethodCallMutator,6434963,7058,0,0,0,0,0,4,490
org.mudebug.prapr.mutators.FieldNameMutator_2,6434969,1777,0,0,0,0,0,0,672
org.mudebug.prapr.mutators.MethodNameMutator_7,6434971,1135,0,0,0,0,0,0,1644
org.mudebug.prapr.mutators.FieldAccessToMethodCallMutator_4,6434973,4627,0,0,0,1,1,4455,94
org.pitest.mutationtest.engine.gregor.mutators.NegateConditionalsMutator,6439430,1042,0,0,0,0,0,15,230
org.pitest.mutationtest.engine.gregor.mutators.NegateConditionalsMutator,6439447,551,0,0,0,0,0,1399,207
org.pitest.mutationtest.engine.gregor.mutators.experimental.RemoveSwitchMutator_63,6440848,6415,0,0,0,0,0,0,273
org.mudebug.prapr.mutators.MethodNameMutator_2,6440850,7205,0,0,0,0,0,9,141
org.mudebug.prapr.mutators.ArgumentListMutator_3,6440861,1053,0,0,1,1,1,4574,430
org.pitest.mutationtest.engine.gregor.mutators.InlineConstantMutator,6445437,5356,0,0,1,1,1,1491,88
org.pitest.mutationtest.engine.gregor.mutators.ReturnValsMutator,6446930,553,0,0,0,0,0,44,267
org.mudebug.prapr.mutators.FieldNameMutator_0,6446976,6652,0,0,0,0,0,0,393
org.pitest.mutationtest.engine.gregor.mutators.NegateConditionalsMutator,6446978,4423,0,0,0,0,0,216,615
org.mudebug.prapr.mutators.MethodNameMutator_2,6447196,5356,0,0,1,1,1,2868,83
org.pitest.mutationtest.engine.gregor.mutators.EmptyObjectReturnValsMutator,6450066,6415,0,0,0,1,1,2,384
org.mudebug.prapr.mutators.MethodNameMutator_4,6450070,7302,0,0,0,0,0,15,127
org.mudebug.prapr.mutators.LocalToFieldAccessMutator_1,6450087,547,0,0,0,0,0,127,166
org.mudebug.prapr.mutators.DereferenceGuardMutator_3,6450216,1119,0,0,0,0,0,0,1435
org.mudebug.prapr.mutators.ArgumentListMutator_2,6450218,5356,0,0,1,1,1,1504,498
org.pitest.mutationtest.engine.gregor.mutators.RemoveConditionalMutator_EQUAL_IF,6451724,1246,0,0,0,0,0,1,819
org.mudebug.prapr.mutators.MethCallResultGuard_2,6451727,1311,0,0,0,0,0,0,62
org.mudebug.prapr.mutators.MethCallResultGuard_0,6451729,6974,0,0,0,0,0,0,76
org.mudebug.prapr.mutators.DereferenceGuardMutator_3,6451731,7304,0,0,0,0,0,0,192
org.mudebug.prapr.mutators.ArgumentListMutator_0,6451733,347,0,0,0,0,0,778,509
org.mudebug.prapr.mutators.DereferenceGuardMutator_1,6452513,6683,0,0,0,0,0,1,683
org.pitest.mutationtest.engine.gregor.mutators.NullReturnValsMutator,6452516,3514,0,0,1,1,1,5204,973
org.mudebug.prapr.mutators.FieldAccessToMethodCallMutator_0,6457722,1777,0,0,0,0,0,41,720
org.mudebug.prapr.mutators.LocalToFieldAccessMutator_0,6457765,6674,0,0,1,1,1,2772,560
org.pitest.mutationtest.engine.gregor.mutators.NonVoidMethodCallMutator,6460539,370,0,0,1,1,1,3117,816
org.mudebug.prapr.mutators.LocalNameMutator_1,6463658,4410,0,0,1,1,1,5211,457
org.mudebug.prapr.mutators.DereferenceGuardMutator_0,6468871,7219,0,0,0,0,0,0,172
org.pitest.mutationtest.engine.gregor.mutators.NegateConditionalsMutator,6468873,4392,0,0,1,1,1,5218,206
org.pitest.mutationtest.engine.gregor.mutators.InlineConstantMutator,6474093,1777,0,0,0,0,0,1,662
org.mudebug.prapr.mutators.LocalNameMutator_0,6474096,5356,0,0,0,0,0,2,103
org.mudebug.prapr.mutators.ArgumentListMutator_2,6474100,4392,0,0,1,1,1,5221,68
org.mudebug.prapr.mutators.ArgumentListMutator_2,6479323,1311,0,0,0,0,0,0,62
org.mudebug.prapr.mutators.NonVoidMethodCallGuardMutator_0,6479325,3416,0,0,0,0,0,0,77
org.mudebug.prapr.mutators.MethodNameMutator_0,6479327,1052,0,1,1,1,1,2499,412
org.mudebug.prapr.mutators.DereferenceGuardMutator_0,6481827,1313,0,0,0,0,0,0,86
org.mudebug.prapr.mutators.RelationalOperatorReplacement_0,6481829,5214,0,0,0,0,0,4,112
org.pitest.mutationtest.engine.gregor.mutators.InlineConstantMutator,6481835,7058,0,0,0,0,0,10,439
org.pitest.mutationtest.engine.gregor.mutators.InlineConstantMutator,6481847,1777,0,0,0,0,0,0,642
org.mudebug.prapr.mutators.FieldNameMutator_0,6481849,1106,0,0,1,1,1,2901,1202
org.pitest.mutationtest.engine.gregor.mutators.RemoveConditionalMutator_EQUAL_ELSE,6484752,551,0,0,0,0,0,17,212
org.mudebug.prapr.mutators.MethodNameMutator_2,6484773,7302,0,0,0,0,0,15,127
org.pitest.mutationtest.engine.gregor.mutators.NonVoidMethodCallMutator,6484790,5375,0,0,0,0,0,1,1036
org.mudebug.prapr.mutators.VoidMethodCallGuardMutator,6484793,346,0,0,0,0,0,23,497
org.pitest.mutationtest.engine.gregor.mutators.RemoveConditionalMutator_EQUAL_ELSE,6484818,6706,0,0,0,0,0,0,1030
org.mudebug.prapr.mutators.FieldNameMutator_2,6484823,5356,0,0,0,0,0,141,339
org.mudebug.prapr.mutators.LocalToFieldAccessMutator_2,6484966,1046,0,0,0,0,0,17,313
org.mudebug.prapr.mutators.FieldNameMutator_1,6484985,7059,0,0,0,0,0,2,555
org.mudebug.prapr.mutators.ReturningDereferenceGuardMutator_1,6484989,6673,0,0,0,0,0,0,556
org.mudebug.prapr.mutators.LocalToFieldAccessMutator_0,6484991,6689,0,0,1,1,1,5270,781
org.pitest.mutationtest.engine.gregor.mutators.NonVoidMethodCallMutator,6490263,348,0,0,1,1,1,494,557
org.mudebug.prapr.mutators.DereferenceGuardMutator_3,6490759,6674,0,0,0,0,0,0,564
org.mudebug.prapr.mutators.LocalNameMutator_0,6490761,558,0,0,1,1,1,3321,1194
org.mudebug.prapr.mutators.ArgumentListMutator_3,6494084,543,0,0,1,1,1,5365,89
org.mudebug.prapr.mutators.FieldNameMutator_4,6499451,7059,0,0,0,0,0,1710,550
org.mudebug.prapr.mutators.ArgumentListMutator_1,6501163,7783,0,0,0,1,1,580,351
org.mudebug.prapr.mutators.MethodNameMutator_7,6501745,5356,0,0,1,1,1,2432,84
org.mudebug.prapr.mutators.DereferenceGuardMutator_1,6504179,6683,0,0,0,0,0,0,683
org.mudebug.prapr.mutators.FieldNameMutator_1,6504181,1777,0,0,0,0,0,0,692
org.mudebug.prapr.mutators.LocalToFieldAccessMutator_0,6504183,6689,0,0,0,1,1,0,783
org.pitest.mutationtest.engine.gregor.mutators.BooleanFalseReturnValsMutator,6504185,7557,0,0,0,0,0,75,76
org.pitest.mutationtest.engine.gregor.mutators.experimental.RemoveSwitchMutator_43,6504262,6649,0,0,0,0,0,0,175
org.pitest.mutationtest.engine.gregor.mutators.NegateConditionalsMutator,6504264,6744,0,0,0,0,0,0,1888
org.mudebug.prapr.mutators.ReturningDereferenceGuardMutator_0,6504266,7385,0,0,0,0,0,5,501
org.mudebug.prapr.mutators.RelationalOperatorReplacement_3,6504273,3558,0,0,0,0,0,2,123
org.mudebug.prapr.mutators.LocalToFieldAccessMutator_2,6504277,6728,0,0,1,1,1,2809,1407
org.pitest.mutationtest.engine.gregor.mutators.InlineConstantMutator,6507088,6697,0,0,1,1,1,49,843
org.pitest.mutationtest.engine.gregor.mutators.RemoveConditionalMutator_EQUAL_IF,6507139,6987,0,0,0,0,0,3,152
org.pitest.mutationtest.engine.gregor.mutators.NonVoidMethodCallMutator,6507144,7263,0,0,1,1,1,5538,851
org.mudebug.prapr.mutators.ReturningDereferenceGuardMutator_0,6512684,1041,0,0,0,0,0,5,220
org.pitest.mutationtest.engine.gregor.mutators.RemoveConditionalMutator_EQUAL_IF,6512691,3558,0,0,0,0,0,9,123
org.mudebug.prapr.mutators.RelationalOperatorReplacement_0,6512702,5358,0,0,0,0,0,1,724
org.mudebug.prapr.mutators.MethodNameMutator_0,6512705,6799,0,0,1,1,1,5543,104
org.mudebug.prapr.mutators.MethodNameMutator_0,6518250,7058,0,0,0,0,0,0,420
org.mudebug.prapr.mutators.MethCallResultGuard_0,6518252,329,0,0,0,0,0,0,295
org.mudebug.prapr.mutators.LocalToFieldAccessMutator_0,6518254,6867,0,0,1,1,1,5538,159
org.mudebug.prapr.mutators.LocalNameMutator_0,6523794,1048,0,0,1,1,1,4554,348
org.mudebug.prapr.mutators.RelationalOperatorReplacement_1,6528350,347,0,0,0,0,0,23,513
org.mudebug.prapr.mutators.LocalNameMutator_2,6528375,7058,0,0,0,0,0,12,420
org.mudebug.prapr.mutators.MethodNameMutator_6,6528389,3664,0,0,1,1,1,420,2189
org.mudebug.prapr.mutators.VoidMethodCallGuardMutator,6528811,5356,0,0,0,0,0,0,94
org.mudebug.prapr.mutators.ReturningDereferenceGuardMutator_0,6528813,6723,0,0,0,0,0,0,1346
org.mudebug.prapr.mutators.FieldNameMutator_2,6528815,1777,0,0,0,0,0,0,669
org.mudebug.prapr.mutators.MethodNameMutator_2,6528817,347,0,0,0,0,0,2,544
org.mudebug.prapr.mutators.MethodNameMutator_7,6528823,7233,0,0,0,0,0,5,297
org.mudebug.prapr.mutators.ArithmeticOperatorReplacement_7,6528830,553,0,0,0,0,0,302,267
org.mudebug.prapr.mutators.FieldAccessToMethodCallMutator_1,6529134,1777,0,0,0,0,0,0,739
org.mudebug.prapr.mutators.RelationalOperatorReplacement_1,6529136,1053,0,0,0,1,1,4558,433
org.mudebug.prapr.mutators.FieldAccessToMethodCallMutator_0,6533696,6732,0,0,0,0,0,0,1618
org.mudebug.prapr.mutators.FieldNameMutator_1,6533698,6684,0,0,1,1,1,595,697
org.mudebug.prapr.mutators.LocalNameMutator_0,6534295,7058,0,0,0,0,0,102,281
org.pitest.mutationtest.engine.gregor.mutators.InlineConstantMutator,6534399,7058,0,0,1,1,1,5538,317
org.mudebug.prapr.mutators.MethCallResultGuard_2,6539939,7112,0,0,0,0,0,0,1216
org.pitest.mutationtest.engine.gregor.mutators.NonVoidMethodCallMutator,6539941,7059,0,0,0,0,0,53,564
org.mudebug.prapr.mutators.ReturningDereferenceGuardMutator_3,6539996,6737,0,0,0,0,0,0,1782
org.mudebug.prapr.mutators.ReturningDereferenceGuardMutator_0,6539998,1313,0,0,0,0,0,0,83
org.mudebug.prapr.mutators.ArgumentListMutator_3,6540000,5362,0,0,0,0,0,33,823
org.mudebug.prapr.mutators.MethodNameMutator_0,6540035,1234,0,0,1,1,1,5,276
org.pitest.mutationtest.engine.gregor.mutators.RemoveConditionalMutator_EQUAL_ELSE,6540042,6651,0,0,1,1,1,4611,375
org.mudebug.prapr.mutators.LocalToFieldAccessMutator_2,6544655,6723,0,0,1,1,1,5017,1349
org.mudebug.prapr.mutators.RelationalOperatorReplacement_3,6549674,7501,0,0,0,0,0,198,424
org.mudebug.prapr.mutators.MethodNameMutator_1,6549874,4410,0,0,0,0,0,1264,439
org.pitest.mutationtest.engine.gregor.mutators.experimental.RemoveSwitchMutator_0,6551140,5356,0,0,0,0,0,476,117
org.mudebug.prapr.mutators.NonVoidMethodCallGuardMutator_0,6551618,7108,0,0,0,0,0,0,1161
org.mudebug.prapr.mutators.FieldAccessToMethodCallMutator_1,6551620,1777,0,0,0,0,0,0,734
org.mudebug.prapr.mutators.ArgumentListMutator_5,6551622,245,0,0,0,0,0,0,197
org.mudebug.prapr.mutators.ReturningDereferenceGuardMutator_0,6551624,6696,0,0,0,0,0,0,837
org.mudebug.prapr.mutators.MethCallResultGuard_2,6551626,1042,0,0,0,0,0,5,243
org.mudebug.prapr.mutators.FieldNameMutator_5,6551633,1777,0,0,0,0,0,0,682
org.mudebug.prapr.mutators.LocalNameMutator_1,6551635,6743,0,0,0,0,0,2063,1876
org.mudebug.prapr.mutators.FieldAccessToMethodCallMutator_1,6553700,1777,0,0,0,0,0,0,717
org.mudebug.prapr.mutators.FieldNameMutator_4,6553702,7058,0,0,1,1,1,5538,258
org.pitest.mutationtest.engine.gregor.mutators.InlineConstantMutator,6559242,1777,0,0,0,0,0,55,82
org.mudebug.prapr.mutators.ArgumentListMutator_2,6559299,7059,0,0,0,0,0,11,548
org.mudebug.prapr.mutators.LocalToFieldAccessMutator_2,6559312,1127,0,0,0,0,0,8,1582
org.mudebug.prapr.mutators.MethodNameMutator_4,6559322,3664,0,0,1,1,1,878,2189
org.pitest.mutationtest.engine.gregor.mutators.ArgumentPropagationMutator,6560202,3569,0,0,1,1,1,214,494
org.pitest.mutationtest.engine.gregor.mutators.NegateConditionalsMutator,6560418,2967,0,0,1,1,1,2868,596
org.mudebug.prapr.mutators.FieldAccessToMethodCallMutator_4,6563288,1777,0,0,0,0,0,0,705
org.mudebug.prapr.mutators.LocalNameMutator_0,6563290,6684,0,0,0,0,0,241,712
org.mudebug.prapr.mutators.LocalNameMutator_0,6563533,7058,0,0,0,0,0,49,293
org.mudebug.prapr.mutators.FieldNameMutator_4,6563584,5378,0,0,0,0,0,1,1083
org.pitest.mutationtest.engine.gregor.mutators.RemoveConditionalMutator_EQUAL_ELSE,6563587,1562,0,0,0,0,0,22,213
org.mudebug.prapr.mutators.RelationalOperatorReplacement_0,6563611,3563,0,0,0,0,0,11,307
org.pitest.mutationtest.engine.gregor.mutators.NonVoidMethodCallMutator,6563624,5356,0,0,0,0,0,6,431
org.mudebug.prapr.mutators.FieldNameMutator_1,6563632,6678,0,0,1,1,1,4559,610
org.mudebug.prapr.mutators.MethodNameMutator_4,6568193,1234,0,0,1,1,1,33,262
org.pitest.mutationtest.engine.gregor.mutators.ConstructorCallMutator,6568228,3387,0,0,1,1,1,214,56
org.mudebug.prapr.mutators.MethodNameMutator_3,6568444,1234,0,0,0,0,0,0,277
org.mudebug.prapr.mutators.RelationalOperatorReplacement_0,6568446,5357,0,0,0,0,0,68,703
org.mudebug.prapr.mutators.MethCallResultGuard_2,6568516,4410,0,0,0,0,0,1790,453
org.mudebug.prapr.mutators.FieldNameMutator_0,6570308,1777,0,0,0,0,0,0,692
org.mudebug.prapr.mutators.ReturningDereferenceGuardMutator_1,6570310,4413,0,0,0,0,0,0,525
org.mudebug.prapr.mutators.FieldAccessToMethodCallMutator_0,6570312,1777,0,0,0,0,0,41,737
org.mudebug.prapr.mutators.LocalNameMutator_0,6570355,1234,0,0,1,1,1,31,271
org.pitest.mutationtest.engine.gregor.mutators.RemoveConditionalMutator_EQUAL_ELSE,6570388,6727,0,0,0,0,0,58,1393
org.pitest.mutationtest.engine.gregor.mutators.BooleanFalseReturnValsMutator,6570448,1927,0,0,0,1,1,1471,43
org.mudebug.prapr.mutators.FieldNameMutator_1,6571921,6651,0,0,1,1,1,2003,377
org.mudebug.prapr.mutators.FieldNameMutator_2,6573926,6652,0,0,0,0,0,4034,402
org.mudebug.prapr.mutators.FieldNameMutator_0,6577962,7627,0,0,1,1,1,5538,159
org.mudebug.prapr.mutators.FieldNameMutator_5,6583502,1777,0,0,0,0,0,0,707
org.mudebug.prapr.mutators.ArithmeticOperatorReplacement_6,6583504,6714,0,0,0,1,1,133,1164
org.mudebug.prapr.mutators.LocalNameMutator_0,6583639,6743,0,0,0,1,1,2898,1874
org.mudebug.prapr.mutators.FieldNameMutator_3,6586539,7058,0,0,1,1,1,5538,389
org.pitest.mutationtest.engine.gregor.mutators.RemoveConditionalMutator_EQUAL_ELSE,6592079,4392,0,0,0,0,0,1938,206
org.mudebug.prapr.mutators.VoidMethodCallGuardMutator,6594019,347,0,0,0,0,0,0,516
org.mudebug.prapr.mutators.MethCallResultGuard_2,6594021,7108,0,0,0,0,0,0,1161
org.mudebug.prapr.mutators.FieldToLocalAccessMutator_0,6594023,5356,0,0,0,1,1,37,505
org.mudebug.prapr.mutators.MethodNameMutator_4,6594062,6743,0,0,1,1,1,2924,1867
org.mudebug.prapr.mutators.FieldNameMutator_4,6596988,7059,0,0,0,0,0,2,553
org.mudebug.prapr.mutators.RelationalOperatorReplacement_3,6596992,7064,0,0,0,0,0,7,614
org.mudebug.prapr.mutators.ArgumentListMutator_2,6597001,7300,0,0,1,1,1,5538,71
org.mudebug.prapr.mutators.LocalToFieldAccessMutator_2,6602541,1106,0,0,1,1,1,2977,1102
org.pitest.mutationtest.engine.gregor.mutators.RemoveConditionalMutator_EQUAL_ELSE,6605520,6714,0,0,0,1,1,170,1161
org.pitest.mutationtest.engine.gregor.mutators.experimental.MemberVariableMutator,6605692,543,0,0,0,0,0,21,85
org.pitest.mutationtest.engine.gregor.mutators.RemoveConditionalMutator_EQUAL_IF,6605715,1106,0,0,1,1,1,2972,1146
org.mudebug.prapr.mutators.MethodNameMutator_4,6608691,4415,0,0,0,0,0,1,551
org.mudebug.prapr.mutators.MethodNameMutator_4,6608694,333,0,0,1,1,1,5365,364
org.mudebug.prapr.mutators.LocalToFieldAccessMutator_3,6614061,6689,0,0,1,1,1,5267,781
org.mudebug.prapr.mutators.FieldAccessToMethodCallMutator_0,6619330,2459,0,0,1,1,1,5296,60
org.mudebug.prapr.mutators.VoidMethodCallGuardMutator,6624628,7058,0,0,0,0,0,5,300
org.pitest.mutationtest.engine.gregor.mutators.ConditionalsBoundaryMutator,6624635,1046,0,0,0,0,0,1,314
org.pitest.mutationtest.engine.gregor.mutators.NonVoidMethodCallMutator,6624638,2306,0,0,0,0,0,7,41
org.mudebug.prapr.mutators.LocalToFieldAccessMutator_0,6624647,6684,0,0,1,1,1,757,706
org.mudebug.prapr.mutators.ArgumentListMutator_5,6625406,7052,0,0,1,1,1,5538,112
org.pitest.mutationtest.engine.gregor.mutators.BooleanFalseReturnValsMutator,6630946,7365,0,0,0,0,0,6,233
org.mudebug.prapr.mutators.ReturningDereferenceGuardMutator_0,6630954,7202,0,0,0,0,0,0,125
org.pitest.mutationtest.engine.gregor.mutators.RemoveConditionalMutator_EQUAL_IF,6630956,7263,0,0,0,0,0,5,850
org.mudebug.prapr.mutators.FieldAccessToMethodCallMutator_0,6630963,6699,0,0,0,0,0,77,863
org.pitest.mutationtest.engine.gregor.mutators.InlineConstantMutator,6631042,1777,0,0,0,0,0,0,717
org.mudebug.prapr.mutators.ArgumentListMutator_2,6631047,6725,0,0,0,1,1,0,1369
org.mudebug.prapr.mutators.MethCallResultGuard_2,6631049,7199,0,0,0,0,0,0,85
org.mudebug.prapr.mutators.MethCallResultGuard_2,6631051,5356,0,0,0,0,0,112,350
org.mudebug.prapr.mutators.RelationalOperatorReplacement_2,6631165,334,0,0,0,0,0,1049,382
org.mudebug.prapr.mutators.FieldNameMutator_5,6632216,7059,0,0,0,0,0,2,556
org.mudebug.prapr.mutators.LocalNameMutator_0,6632220,1052,0,0,1,1,1,4574,412
org.mudebug.prapr.mutators.MethodNameMutator_2,6636796,3675,0,0,1,1,1,1935,2358
org.mudebug.prapr.mutators.ReturningDereferenceGuardMutator_1,6638733,1042,0,0,0,0,0,0,230
org.mudebug.prapr.mutators.ArgumentListMutator_2,6638735,562,0,0,0,0,0,10,1210
org.mudebug.prapr.mutators.NonVoidMethodCallGuardMutator_0,6638747,1042,0,0,0,0,0,5,243
org.mudebug.prapr.mutators.LocalToFieldAccessMutator_1,6638754,6684,0,0,1,1,1,740,703
org.mudebug.prapr.mutators.FieldNameMutator_5,6639496,1777,0,0,0,0,0,0,692
org.mudebug.prapr.mutators.MethCallResultGuard_0,6639498,6706,0,0,0,0,0,0,972
org.mudebug.prapr.mutators.LocalNameMutator_1,6639500,1234,0,0,0,1,1,10,275
org.mudebug.prapr.mutators.ArgumentListMutator_1,6639512,7052,0,0,1,1,1,5538,107
org.pitest.mutationtest.engine.gregor.mutators.experimental.MemberVariableMutator,6645052,503,0,0,0,0,0,37,68
org.mudebug.prapr.mutators.FieldNameMutator_0,6645091,6743,0,0,0,0,0,1634,1873
org.mudebug.prapr.mutators.MethodNameMutator_2,6646727,5375,0,0,0,0,0,1,1036
org.mudebug.prapr.mutators.DereferenceGuardMutator_3,6646730,6738,0,0,0,0,0,0,1794
org.pitest.mutationtest.engine.gregor.mutators.InlineConstantMutator,6646732,7108,0,0,1,1,1,5538,1158
org.mudebug.prapr.mutators.FieldAccessToMethodCallMutator_4,6652272,1777,0,0,0,0,0,0,673
org.mudebug.prapr.mutators.MethodNameMutator_2,6652274,5359,0,0,0,0,0,1,794
org.mudebug.prapr.mutators.ReturningDereferenceGuardMutator_1,6652277,6860,0,0,0,0,0,0,110
org.pitest.mutationtest.engine.gregor.mutators.RemoveConditionalMutator_EQUAL_IF,6657348,5356,0,0,0,0,0,58,354
org.pitest.mutationtest.engine.gregor.mutators.experimental.NakedReceiverMutator,6657408,6725,0,0,0,1,1,0,1369
org.mudebug.prapr.mutators.MethCallResultGuard_1,6657418,7058,0,0,0,0,0,0,284
org.mudebug.prapr.mutators.FieldNameMutator_5,6657420,7058,0,0,1,1,1,5538,436
org.mudebug.prapr.mutators.LocalToFieldAccessMutator_0,6662960,1043,0,0,1,1,1,2889,270
org.pitest.mutationtest.engine.gregor.mutators.NegateConditionalsMutator,6665851,5356,0,0,0,1,1,72,431
org.mudebug.prapr.mutators.MethodNameMutator_3,6665925,7302,0,0,0,0,0,111,98
org.mudebug.prapr.mutators.FieldNameMutator_5,6666038,1777,0,0,0,0,0,0,651
org.mudebug.prapr.mutators.RelationalOperatorReplacement_3,6666040,3489,0,0,0,0,0,0,255
org.mudebug.prapr.mutators.LocalToFieldAccessMutator_2,6666042,6706,0,0,0,0,0,32,959
org.mudebug.prapr.mutators.ReturningDereferenceGuardMutator_3,6666079,3388,0,0,0,0,0,0,70
org.mudebug.prapr.mutators.DereferenceGuardMutator_1,6666081,6721,0,0,0,0,0,1,1331
org.pitest.mutationtest.engine.gregor.mutators.experimental.RemoveSwitchMutator_21,6666084,495,0,0,0,0,0,3,119
org.mudebug.prapr.mutators.MethCallResultGuard_1,6666089,328,0,0,0,0,0,0,280
org.mudebug.prapr.mutators.ArgumentListMutator_4,6666091,6384,0,0,1,1,1,2403,244
org.mudebug.prapr.mutators.NonVoidMethodCallGuardMutator_0,6668496,5357,0,0,0,0,0,0,703
org.pitest.mutationtest.engine.gregor.mutators.RemoveConditionalMutator_EQUAL_IF,6668498,5375,0,0,0,0,0,1,1036
org.mudebug.prapr.mutators.FieldAccessToMethodCallMutator_0,6668501,6652,0,0,0,0,0,0,399
org.pitest.mutationtest.engine.gregor.mutators.RemoveConditionalMutator_ORDER_IF,6668503,1143,0,0,0,1,1,4424,1727
org.mudebug.prapr.mutators.RelationalOperatorReplacement_3,6672929,5357,0,0,1,1,1,469,703
org.mudebug.prapr.mutators.FieldToLocalAccessMutator_0,6673400,5192,0,0,0,0,0,1632,54
org.mudebug.prapr.mutators.LocalToFieldAccessMutator_0,6675034,7365,0,0,1,1,1,5136,229
org.pitest.mutationtest.engine.gregor.mutators.VoidMethodCallMutator,6680172,347,0,0,1,1,1,4283,550
org.mudebug.prapr.mutators.DereferenceGuardMutator_3,6684457,4635,0,0,0,0,0,0,136
org.mudebug.prapr.mutators.NonVoidMethodCallGuardMutator_0,6684459,7058,0,0,0,0,0,5,420
org.mudebug.prapr.mutators.NonVoidMethodCallGuardMutator_0,6684466,346,0,0,0,0,0,0,490
org.mudebug.prapr.mutators.DereferenceGuardMutator_0,6684470,7627,0,0,0,0,0,0,159
org.mudebug.prapr.mutators.LocalToFieldAccessMutator_1,6684472,6743,0,0,1,1,1,2912,1867
org.mudebug.prapr.mutators.MethCallResultGuard_2,6687386,6743,0,0,0,0,0,0,1866
org.pitest.mutationtest.engine.gregor.mutators.NegateConditionalsMutator,6687388,1562,0,0,0,0,0,33,209
org.mudebug.prapr.mutators.DereferenceGuardMutator_3,6687423,705,0,0,0,0,0,0,69
org.mudebug.prapr.mutators.DereferenceGuardMutator_0,6687428,346,0,0,0,0,0,0,498
org.mudebug.prapr.mutators.ArgumentListMutator_5,6687430,6706,0,0,0,1,1,9,931
org.mudebug.prapr.mutators.FieldNameMutator_1,6687441,7058,0,0,1,1,1,5226,484
org.mudebug.prapr.mutators.MethodNameMutator_3,6692669,7057,0,0,1,1,1,5538,229
org.mudebug.prapr.mutators.FieldNameMutator_5,6698212,1777,0,0,0,0,0,0,559
org.mudebug.prapr.mutators.ArgumentListMutator_2,6698214,6710,0,0,0,1,1,8,1066
org.mudebug.prapr.mutators.DereferenceGuardMutator_3,6698224,5356,0,0,0,0,0,0,365
org.mudebug.prapr.mutators.DereferenceGuardMutator_3,6698226,6732,0,0,0,0,0,0,1624
org.pitest.mutationtest.engine.gregor.mutators.BooleanTrueReturnValsMutator,6698228,3564,0,0,0,1,1,86,364
org.mudebug.prapr.mutators.FieldAccessToMethodCallMutator_4,6698316,6721,0,0,0,0,0,19,1331
org.mudebug.prapr.mutators.LocalToFieldAccessMutator_2,6703403,6706,0,0,1,1,1,27,975
org.pitest.mutationtest.engine.gregor.mutators.InlineConstantMutator,6703432,7090,0,0,0,0,0,1942,931
org.mudebug.prapr.mutators.LocalToFieldAccessMutator_1,6705376,4630,0,0,0,1,1,4455,110
org.mudebug.prapr.mutators.ArgumentListMutator_5,6709833,1118,0,0,1,1,1,2730,1426
org.pitest.mutationtest.engine.gregor.mutators.ReturnValsMutator,6712565,3558,0,0,1,1,1,28,137
org.mudebug.prapr.mutators.ArgumentListMutator_2,6712595,4257,0,0,0,1,1,163,408
org.mudebug.prapr.mutators.ArgumentListMutator_3,6712760,7247,0,0,0,0,0,5,597
org.mudebug.prapr.mutators.FieldToLocalAccessMutator_2,6712767,6743,0,0,1,1,1,2670,1876
org.pitest.mutationtest.engine.gregor.mutators.RemoveConditionalMutator_EQUAL_IF,6715439,7205,0,0,1,1,1,5538,141
org.mudebug.prapr.mutators.LocalNameMutator_0,6720979,7233,0,0,1,1,1,5538,299
org.mudebug.prapr.mutators.LocalToFieldAccessMutator_0,6726519,551,0,0,0,0,0,1394,207
org.mudebug.prapr.mutators.RelationalOperatorReplacement_3,6727915,4411,0,0,0,0,0,33,487
org.pitest.mutationtest.engine.gregor.mutators.RemoveConditionalMutator_EQUAL_ELSE,6727950,4411,0,0,1,1,1,4269,500
org.mudebug.prapr.mutators.MethCallResultGuard_1,6732221,1135,0,0,0,0,0,5,1644
org.mudebug.prapr.mutators.LocalToFieldAccessMutator_0,6732228,7205,0,0,0,0,0,9,141
org.mudebug.prapr.mutators.ArgumentListMutator_5,6732239,3249,0,0,0,0,0,5,97
org.mudebug.prapr.mutators.LocalToFieldAccessMutator_2,6732246,1554,0,0,0,0,0,96,139
org.mudebug.prapr.mutators.DereferenceGuardMutator_4,6732344,6689,0,0,0,0,0,0,778
org.mudebug.prapr.mutators.FieldAccessToMethodCallMutator_2,6732346,1777,0,0,0,0,0,0,726
org.mudebug.prapr.mutators.LocalToFieldAccessMutator_2,6732348,6744,0,0,1,1,1,695,1894
org.pitest.mutationtest.engine.gregor.mutators.NonVoidMethodCallMutator,6733045,1777,0,0,0,0,0,74,731
org.mudebug.prapr.mutators.FieldNameMutator_2,6733121,7058,0,0,0,0,0,299,484
org.mudebug.prapr.mutators.LocalNameMutator_1,6733422,6684,0,0,1,1,1,761,705
org.mudebug.prapr.mutators.ArgumentListMutator_0,6734185,6684,0,0,0,0,0,0,695
org.mudebug.prapr.mutators.NonVoidMethodCallGuardMutator_0,6734187,495,0,0,0,0,0,0,247
org.mudebug.prapr.mutators.RelationalOperatorReplacement_3,6734189,1562,0,0,0,0,0,1,209
org.pitest.mutationtest.engine.gregor.mutators.InlineConstantMutator,6734192,5356,0,0,0,0,0,5,428
org.mudebug.prapr.mutators.MethodNameMutator_1,6734199,556,0,0,1,1,1,5365,1186
org.mudebug.prapr.mutators.MethodNameMutator_0,6739566,6987,0,0,0,0,0,0,155
org.pitest.mutationtest.engine.gregor.mutators.NonVoidMethodCallMutator,6739568,245,0,0,1,1,1,4269,197
org.pitest.mutationtest.engine.gregor.mutators.experimental.RemoveSwitchMutator_47,6743839,3584,0,0,0,0,0,3,901
org.pitest.mutationtest.engine.gregor.mutators.RemoveConditionalMutator_EQUAL_IF,6743844,247,0,0,1,1,1,1256,251
org.mudebug.prapr.mutators.MethCallResultGuard_0,6745102,495,0,0,0,0,0,0,268
org.pitest.mutationtest.engine.gregor.mutators.NullReturnValsMutator,6745104,4643,0,1,1,1,1,2319,257
org.pitest.mutationtest.engine.gregor.mutators.ReturnValsMutator,6747424,561,0,0,1,1,1,5320,1206
org.mudebug.prapr.mutators.ArgumentListMutator_0,6752746,6384,0,0,1,1,1,2403,244
org.mudebug.prapr.mutators.ReturningDereferenceGuardMutator_0,6755151,1787,0,0,0,0,0,0,849
org.mudebug.prapr.mutators.FieldAccessToMethodCallMutator_4,6755153,6742,0,0,1,1,1,2939,1855
org.mudebug.prapr.mutators.MethodNameMutator_0,6758094,7507,0,0,1,1,1,5543,479
org.pitest.mutationtest.engine.gregor.mutators.experimental.RemoveSwitchMutator_24,6763639,6649,0,0,0,0,0,0,175
org.mudebug.prapr.mutators.LocalToFieldAccessMutator_0,6763641,6696,0,0,0,1,1,84,837
org.mudebug.prapr.mutators.FieldToLocalAccessMutator_0,6763727,6651,0,0,1,1,1,4611,383
org.mudebug.prapr.mutators.MethodNameMutator_0,6768340,1553,0,0,0,1,1,189,135
org.mudebug.prapr.mutators.FieldNameMutator_1,6768531,1777,0,0,0,0,0,1,656
org.mudebug.prapr.mutators.MethodNameMutator_1,6768534,347,0,0,0,0,0,778,516
org.mudebug.prapr.mutators.FieldAccessToMethodCallMutator_0,6769318,1106,0,0,0,0,0,0,1077
org.mudebug.prapr.mutators.MethCallResultGuard_2,6769320,332,0,0,0,0,0,0,346
org.mudebug.prapr.mutators.MethCallResultGuard_0,6769322,1118,0,0,0,0,0,0,1426
org.mudebug.prapr.mutators.MethodNameMutator_0,6769324,6725,0,0,1,1,1,1,1369
org.mudebug.prapr.mutators.FieldAccessToMethodCallMutator_1,6769327,1777,0,0,0,0,0,0,758
org.mudebug.prapr.mutators.RelationalOperatorReplacement_3,6769329,7302,0,0,0,0,0,16,105
org.mudebug.prapr.mutators.LocalNameMutator_1,6769347,1234,0,0,1,1,1,3,313
org.mudebug.prapr.mutators.MethodNameMutator_0,6769356,347,0,0,0,0,0,1598,516
org.mudebug.prapr.mutators.ArgumentListMutator_4,6770958,7052,0,0,1,1,1,5538,140
org.mudebug.prapr.mutators.ReturningDereferenceGuardMutator_1,6776498,1106,0,0,0,0,0,0,1185
org.mudebug.prapr.mutators.ArithmeticOperatorReplacement_4,6776500,4720,0,0,0,0,0,1,42
org.mudebug.prapr.mutators.FieldNameMutator_4,6776503,1777,0,0,0,0,0,0,748
org.pitest.mutationtest.engine.gregor.mutators.RemoveConditionalMutator_EQUAL_IF,6776505,7382,0,0,0,0,0,0,442
org.mudebug.prapr.mutators.MethodNameMutator_0,6776507,5354,0,0,0,1,1,197,68
org.mudebug.prapr.mutators.LocalNameMutator_2,6776708,6728,0,0,0,0,0,5,1419
org.mudebug.prapr.mutators.MethCallResultGuard_2,6776715,1231,0,0,0,0,0,0,98
org.mudebug.prapr.mutators.FieldAccessToMethodCallMutator_1,6776717,1053,0,0,1,1,1,4579,431
org.pitest.mutationtest.engine.gregor.mutators.NonVoidMethodCallMutator,6781298,332,0,0,1,1,1,5365,344
org.pitest.mutationtest.engine.gregor.mutators.experimental.MemberVariableMutator,6786665,1777,0,0,0,0,0,0,681
org.pitest.mutationtest.engine.gregor.mutators.RemoveConditionalMutator_ORDER_IF,6786667,7199,0,0,1,1,1,5538,84
org.mudebug.prapr.mutators.FieldNameMutator_2,6792207,6684,0,0,1,1,1,761,705
org.mudebug.prapr.mutators.FieldNameMutator_5,6792970,7058,0,0,0,0,0,43,471
org.mudebug.prapr.mutators.MethodNameMutator_3,6793015,4411,0,0,1,1,1,4269,500
org.mudebug.prapr.mutators.MethodNameMutator_1,6797286,6976,0,0,0,0,0,6,88
org.mudebug.prapr.mutators.ArgumentListMutator_2,6797294,6652,0,0,0,0,0,0,389
org.pitest.mutationtest.engine.gregor.mutators.experimental.RemoveSwitchMutator_55,6797296,3636,0,0,0,0,0,0,1649
org.mudebug.prapr.mutators.NonVoidMethodCallGuardMutator_0,6797300,1132,0,0,0,0,0,0,1626
org.pitest.mutationtest.engine.gregor.mutators.experimental.MemberVariableMutator,6797302,2911,0,0,0,0,0,37,57
org.pitest.mutationtest.engine.gregor.mutators.RemoveConditionalMutator_EQUAL_IF,6797341,5356,0,0,0,0,0,0,215
org.pitest.mutationtest.engine.gregor.mutators.NonVoidMethodCallMutator,6797343,7108,0,0,0,0,0,1611,1158
org.pitest.mutationtest.engine.gregor.mutators.experimental.NakedReceiverMutator,6798956,6725,0,0,0,1,1,0,1369
org.mudebug.prapr.mutators.LocalToFieldAccessMutator_0,6798958,1048,0,0,1,1,1,4554,348
org.mudebug.prapr.mutators.ArgumentListMutator_0,6803514,1044,0,0,1,1,1,4566,284
org.mudebug.prapr.mutators.MethodNameMutator_0,6808082,517,0,0,1,1,1,5288,90
org.mudebug.prapr.mutators.ArithmeticOperatorReplacement_3,6813372,346,0,0,0,0,0,2,496
org.mudebug.prapr.mutators.ReturningDereferenceGuardMutator_3,6813376,6674,0,0,0,0,0,0,560
org.mudebug.prapr.mutators.LocalNameMutator_1,6813378,7058,0,0,0,0,0,6,373
org.mudebug.prapr.mutators.VoidMethodCallGuardMutator,6813386,1562,0,0,0,0,0,0,223
org.mudebug.prapr.mutators.MethCallResultGuard_1,6813388,7059,0,0,0,0,0,0,565
org.mudebug.prapr.mutators.MethodNameMutator_3,6813390,329,0,0,1,1,1,1397,298
org.pitest.mutationtest.engine.gregor.mutators.InlineConstantMutator,6814789,5356,0,0,0,0,0,0,522
org.mudebug.prapr.mutators.LocalToFieldAccessMutator_0,6814791,6706,0,0,1,1,1,50,933
org.mudebug.prapr.mutators.FieldNameMutator_2,6814843,7058,0,0,1,1,1,5231,338
org.pitest.mutationtest.engine.gregor.mutators.InlineConstantMutator,6820076,7058,0,0,1,1,1,5538,488
org.pitest.mutationtest.engine.gregor.mutators.NonVoidMethodCallMutator,6825616,6931,0,0,0,0,0,455,844
org.mudebug.prapr.mutators.FieldAccessToMethodCallMutator_3,6826073,6684,0,0,0,0,0,108,711
org.mudebug.prapr.mutators.FieldAccessToMethodCallMutator_2,6826183,6743,0,0,0,0,0,1692,1870
org.mudebug.prapr.mutators.ArgumentListMutator_5,6827877,5209,0,0,0,0,0,5,288
org.pitest.mutationtest.engine.gregor.mutators.BooleanTrueReturnValsMutator,6827884,7250,0,0,0,0,0,54,664
org.mudebug.prapr.mutators.VoidMethodCallGuardMutator,6827940,7060,0,0,0,0,0,0,569
org.mudebug.prapr.mutators.FieldNameMutator_1,6827942,6684,0,0,0,0,0,108,713
org.mudebug.prapr.mutators.FieldToLocalAccessMutator_1,6828052,6684,0,0,0,0,0,496,712
org.mudebug.prapr.mutators.DereferenceGuardMutator_4,6828550,4635,0,0,0,0,0,5,136
org.pitest.mutationtest.engine.gregor.mutators.NonVoidMethodCallMutator,6828557,346,0,0,1,1,1,3106,490
org.mudebug.prapr.mutators.LocalToFieldAccessMutator_0,6831665,6687,0,0,1,1,1,5365,758
org.mudebug.prapr.mutators.FieldToLocalAccessMutator_0,6837032,6743,0,0,1,1,1,2670,1876
org.pitest.mutationtest.engine.gregor.mutators.InlineConstantMutator,6839704,6678,0,0,0,0,0,0,602
org.mudebug.prapr.mutators.DereferenceGuardMutator_3,6839706,359,0,0,0,0,0,0,674
org.mudebug.prapr.mutators.MethodNameMutator_2,6839708,6972,0,0,1,1,1,5543,66
org.mudebug.prapr.mutators.LocalNameMutator_0,6845253,7058,0,0,0,0,0,0,321
org.mudebug.prapr.mutators.MethCallResultGuard_1,6845255,2967,0,0,0,0,0,0,612
org.mudebug.prapr.mutators.MethodNameMutator_6,6845257,6710,0,0,0,1,1,17,1068
org.mudebug.prapr.mutators.MethodNameMutator_5,6845276,1564,0,0,0,0,0,90,262
org.pitest.mutationtest.engine.gregor.mutators.experimental.SwitchMutator,6845368,3558,0,0,1,1,1,107,109
org.pitest.mutationtest.engine.gregor.mutators.RemoveConditionalMutator_EQUAL_ELSE,6845477,6696,0,0,0,1,1,585,836
org.mudebug.prapr.mutators.ArgumentListMutator_4,6846064,5356,0,0,1,1,1,1504,500
org.mudebug.prapr.mutators.MethodNameMutator_2,6847570,5356,0,0,1,1,1,2181,84
org.mudebug.prapr.mutators.LocalToFieldAccessMutator_1,6849753,1049,0,0,1,1,1,4574,366
org.mudebug.prapr.mutators.NonVoidMethodCallGuardMutator_0,6854329,247,0,0,0,0,0,0,239
org.mudebug.prapr.mutators.LocalToFieldAccessMutator_1,6854331,1118,0,0,0,1,1,105,1426
org.mudebug.prapr.mutators.MethodNameMutator_3,6854438,247,0,0,1,1,1,4269,239
org.mudebug.prapr.mutators.MethodNameMutator_1,6858709,1237,0,0,1,1,1,18,544
org.pitest.mutationtest.engine.gregor.mutators.InlineConstantMutator,6858729,544,0,0,0,0,0,0,118
org.pitest.mutationtest.engine.gregor.mutators.NegateConditionalsMutator,6858731,7790,0,0,0,1,1,2652,315
org.mudebug.prapr.mutators.NonVoidMethodCallGuardMutator_0,6861385,4411,0,0,0,0,0,0,494
org.pitest.mutationtest.engine.gregor.mutators.ReturnValsMutator,6861387,7476,0,0,1,1,1,40,202
org.mudebug.prapr.mutators.MethCallResultGuard_1,6861429,517,0,0,0,0,0,0,114
org.pitest.mutationtest.engine.gregor.mutators.InlineConstantMutator,6861435,6174,0,0,0,0,0,0,548
org.mudebug.prapr.mutators.MethodNameMutator_0,6861437,551,0,0,1,1,1,5370,206
org.mudebug.prapr.mutators.MethodNameMutator_3,6866809,7250,0,0,0,0,0,31,662
org.mudebug.prapr.mutators.ReturningDereferenceGuardMutator_0,6866842,1133,0,0,0,0,0,0,1633
org.mudebug.prapr.mutators.MethCallResultGuard_0,6866844,348,0,0,0,0,0,0,557
org.mudebug.prapr.mutators.MethodNameMutator_2,6866846,334,0,0,0,0,0,21,382
org.mudebug.prapr.mutators.MethCallResultGuard_1,6866869,547,0,0,0,0,0,0,165
org.mudebug.prapr.mutators.LocalToFieldAccessMutator_3,6866871,6706,0,0,1,1,1,44,1030
org.mudebug.prapr.mutators.LocalToFieldAccessMutator_3,6866917,6706,0,0,1,1,1,27,973
org.pitest.mutationtest.engine.gregor.mutators.ConditionalsBoundaryMutator,6866946,7303,0,0,0,0,0,1849,170
org.pitest.mutationtest.engine.gregor.mutators.RemoveConditionalMutator_EQUAL_ELSE,6868797,7247,0,0,0,0,0,0,597
org.mudebug.prapr.mutators.RelationalOperatorReplacement_1,6868799,6691,0,0,0,0,0,0,800
org.mudebug.prapr.mutators.DereferenceGuardMutator_0,6868801,5218,0,0,0,0,0,5,176
org.mudebug.prapr.mutators.MethCallResultGuard_0,6868808,7058,0,0,0,0,0,0,408
org.mudebug.prapr.mutators.ArgumentListMutator_0,6868810,6971,0,0,0,0,0,0,60
org.mudebug.prapr.mutators.MethodNameMutator_1,6868812,7205,0,0,0,0,0,9,140
org.mudebug.prapr.mutators.MethCallResultGuard_1,6868823,332,0,0,0,0,0,0,346
org.mudebug.prapr.mutators.FieldAccessToMethodCallMutator_3,6868825,6652,0,0,1,1,1,4167,397
org.mudebug.prapr.mutators.LocalNameMutator_0,6872994,3675,0,0,0,0,0,0,2362
org.mudebug.prapr.mutators.ReturningDereferenceGuardMutator_3,6872996,5358,0,0,0,0,0,0,741
org.mudebug.prapr.mutators.FieldNameMutator_2,6872998,1777,0,0,0,0,0,0,760
org.mudebug.prapr.mutators.ArgumentListMutator_4,6873000,7058,0,0,1,1,1,5538,453
org.pitest.mutationtest.engine.gregor.mutators.experimental.RemoveSwitchMutator_55,6878540,555,0,0,0,0,0,0,872
org.mudebug.prapr.mutators.MethodNameMutator_8,6878542,3675,0,0,0,0,0,0,2358
org.mudebug.prapr.mutators.RelationalOperatorReplacement_1,6878544,6931,0,0,0,0,0,0,848
org.mudebug.prapr.mutators.FieldToLocalAccessMutator_1,6878546,6684,0,0,0,0,0,530,705
org.mudebug.prapr.mutators.FieldNameMutator_1,6879078,1777,0,0,0,0,0,0,720
org.mudebug.prapr.mutators.FieldNameMutator_1,6879080,6672,0,0,1,1,1,4904,552
org.mudebug.prapr.mutators.LocalToFieldAccessMutator_4,6883986,6697,0,0,1,1,1,27,851
org.mudebug.prapr.mutators.RelationalOperatorReplacement_0,6884015,4411,0,0,0,0,0,47,476
org.mudebug.prapr.mutators.FieldAccessToMethodCallMutator_4,6884064,6678,0,0,1,1,1,5950,610
org.mudebug.prapr.mutators.ArgumentListMutator_1,6890016,5356,0,0,0,0,0,0,428
org.pitest.mutationtest.engine.gregor.mutators.EmptyObjectReturnValsMutator,6890018,6415,0,0,0,1,1,9,316
org.pitest.mutationtest.engine.gregor.mutators.IncrementsMutator,6890029,7090,0,0,1,1,1,5538,931
org.mudebug.prapr.mutators.FieldAccessToMethodCallMutator_4,6895572,6706,0,0,0,0,0,2,933
org.mudebug.prapr.mutators.MethCallResultGuard_1,6895576,7058,0,0,0,0,0,0,303
org.pitest.mutationtest.engine.gregor.mutators.RemoveConditionalMutator_EQUAL_IF,6895578,553,0,0,0,0,0,40,263
org.mudebug.prapr.mutators.FieldNameMutator_0,6895620,7058,0,0,0,0,0,1751,294
org.pitest.mutationtest.engine.gregor.mutators.VoidMethodCallMutator,6897373,7058,0,0,0,0,0,37,251
org.mudebug.prapr.mutators.FieldNameMutator_1,6897412,1777,0,0,0,0,0,0,683
org.mudebug.prapr.mutators.MethCallResultGuard_0,6897414,504,0,0,0,0,0,0,83
org.mudebug.prapr.mutators.MethodNameMutator_3,6897416,3564,0,0,0,0,0,15,338
org.pitest.mutationtest.engine.gregor.mutators.VoidMethodCallMutator,6897433,2459,0,0,0,0,0,100,64
org.mudebug.prapr.mutators.MethodNameMutator_5,6897535,6867,0,0,0,0,0,28,159
org.mudebug.prapr.mutators.LocalToFieldAccessMutator_3,6897565,6684,0,0,0,0,0,232,712
org.pitest.mutationtest.engine.gregor.mutators.VoidMethodCallMutator,6897799,7059,0,0,0,0,0,2,553
org.mudebug.prapr.mutators.MethodNameMutator_0,6897803,547,0,0,1,1,1,247,166
org.pitest.mutationtest.engine.gregor.mutators.NegateConditionalsMutator,6898052,3412,0,0,1,1,1,5201,49
org.pitest.mutationtest.engine.gregor.mutators.ReturnValsMutator,6903255,7557,0,0,0,0,0,75,76
org.mudebug.prapr.mutators.FieldAccessToMethodCallMutator_3,6903332,6683,0,0,1,1,1,2718,687
org.mudebug.prapr.mutators.MethodNameMutator_1,6906052,547,0,0,0,1,1,374,159
org.pitest.mutationtest.engine.gregor.mutators.NullReturnValsMutator,6906428,7618,0,0,1,1,1,5538,97
org.mudebug.prapr.mutators.MethodNameMutator_3,6911968,3558,0,0,0,1,1,46,109
org.mudebug.prapr.mutators.ArgumentListMutator_4,6912016,6706,0,0,0,1,1,14,929
org.pitest.mutationtest.engine.gregor.mutators.ReturnValsMutator,6912032,3244,0,0,0,1,1,2688,77
org.mudebug.prapr.mutators.ArgumentListMutator_3,6914722,1038,0,0,1,1,1,5303,1599
org.mudebug.prapr.mutators.DereferenceGuardMutator_3,6920027,348,0,0,0,0,0,0,557
org.mudebug.prapr.mutators.MethodNameMutator_5,6920029,4411,0,0,1,1,1,4269,494
org.pitest.mutationtest.engine.gregor.mutators.NegateConditionalsMutator,6924300,3417,0,1,1,1,1,2512,96
org.mudebug.prapr.mutators.FieldToLocalAccessMutator_2,6926813,6684,0,0,1,1,1,1005,703
org.pitest.mutationtest.engine.gregor.mutators.InlineConstantMutator,6927820,6691,0,0,0,0,0,517,800
org.mudebug.prapr.mutators.FieldAccessToMethodCallMutator_1,6928339,1777,0,0,0,0,0,0,725
org.mudebug.prapr.mutators.FieldNameMutator_1,6928341,1777,0,0,0,0,0,0,715
org.mudebug.prapr.mutators.ArgumentListMutator_4,6928343,1052,0,0,1,1,1,4574,404
org.mudebug.prapr.mutators.FieldNameMutator_4,6932919,7058,0,0,1,1,1,5229,466
org.mudebug.prapr.mutators.ArgumentListMutator_2,6938150,7305,0,0,1,1,1,5538,208
org.mudebug.prapr.mutators.DereferenceGuardMutator_3,6943690,6176,0,0,0,0,0,0,577
org.mudebug.prapr.mutators.FieldAccessToMethodCallMutator_3,6943692,6744,0,0,0,1,1,0,1894
org.mudebug.prapr.mutators.ArgumentListMutator_5,6943694,347,0,0,1,1,1,1985,507
org.mudebug.prapr.mutators.MethCallResultGuard_0,6945681,551,0,0,0,0,0,0,206
org.mudebug.prapr.mutators.LocalToFieldAccessMutator_1,6945683,6684,0,0,0,0,0,530,705
org.mudebug.prapr.mutators.FieldAccessToMethodCallMutator_0,6946215,543,0,0,1,1,1,5365,110
org.mudebug.prapr.mutators.MethodNameMutator_0,6951582,551,0,0,1,1,1,5273,224
org.mudebug.prapr.mutators.ArgumentListMutator_2,6956857,517,0,0,1,1,1,5288,106
org.mudebug.prapr.mutators.ReturningDereferenceGuardMutator_0,6962147,4706,0,0,0,0,0,0,757
org.mudebug.prapr.mutators.ArithmeticOperatorDeletion_1,6962149,5356,0,0,0,0,0,8,110
org.pitest.mutationtest.engine.gregor.mutators.VoidMethodCallMutator,6962159,7058,0,0,0,0,0,97,460
org.mudebug.prapr.mutators.LocalNameMutator_1,6962258,6652,0,0,0,0,0,5,398
org.mudebug.prapr.mutators.LocalToFieldAccessMutator_0,6962265,6669,0,0,1,1,1,3119,540
org.pitest.mutationtest.engine.gregor.mutators.NonVoidMethodCallMutator,6965386,1245,0,0,0,0,0,10,675
org.pitest.mutationtest.engine.gregor.mutators.NonVoidMethodCallMutator,6965398,7108,0,0,0,0,0,1617,1156
org.mudebug.prapr.mutators.LocalNameMutator_0,6967017,1234,0,0,1,1,1,3,313
org.mudebug.prapr.mutators.MethodNameMutator_6,6967022,5356,0,0,1,1,1,1316,215
org.mudebug.prapr.mutators.ArgumentListMutator_4,6968340,7215,0,0,0,0,0,0,128
org.pitest.mutationtest.engine.gregor.mutators.RemoveConditionalMutator_ORDER_ELSE,6968342,5219,0,0,0,0,0,83,181
org.mudebug.prapr.mutators.MethodNameMutator_0,6968427,1086,0,0,0,0,0,1122,871
org.mudebug.prapr.mutators.RelationalOperatorReplacement_2,6969551,5375,0,0,0,0,0,28,1034
org.pitest.mutationtest.engine.gregor.mutators.NegateConditionalsMutator,6969581,247,0,0,1,1,1,1179,244
org.mudebug.prapr.mutators.RelationalOperatorReplacement_0,6970762,6691,0,0,0,1,1,2058,800
org.mudebug.prapr.mutators.ReturningDereferenceGuardMutator_1,6972822,6728,0,0,0,0,0,5,1420
org.mudebug.prapr.mutators.ArgumentListMutator_4,6972829,1082,0,0,0,0,0,0,834
org.pitest.mutationtest.engine.gregor.mutators.InlineConstantMutator,6972831,4411,0,0,1,1,1,4269,471
org.mudebug.prapr.mutators.FieldAccessToMethodCallMutator_0,6977102,6384,0,0,0,0,0,0,245
org.mudebug.prapr.mutators.FieldNameMutator_3,6977104,1777,0,0,0,0,0,0,712
org.mudebug.prapr.mutators.FieldAccessToMethodCallMutator_0,6977106,6721,0,0,0,0,0,1,1331
org.mudebug.prapr.mutators.FieldAccessToMethodCallMutator_4,6977109,1777,0,0,0,0,0,0,685
org.pitest.mutationtest.engine.gregor.mutators.NonVoidMethodCallMutator,6977111,3711,0,0,1,1,1,5303,72
org.pitest.mutationtest.engine.gregor.mutators.experimental.RemoveSwitchMutator_42,6982416,3636,0,0,0,0,0,3,1649
org.mudebug.prapr.mutators.NonVoidMethodCallGuardMutator_0,6982421,547,0,0,0,0,0,0,165
org.pitest.mutationtest.engine.gregor.mutators.BooleanFalseReturnValsMutator,6982423,3563,0,0,0,0,0,11,307
org.mudebug.prapr.mutators.MethodNameMutator_3,6982436,347,0,0,1,1,1,4299,542
org.pitest.mutationtest.engine.gregor.mutators.ConstructorCallMutator,6986737,7058,0,0,0,0,0,1726,299
org.mudebug.prapr.mutators.FieldAccessToMethodCallMutator_0,6988465,1777,0,0,0,0,0,0,677
org.mudebug.prapr.mutators.ReturningDereferenceGuardMutator_0,6988467,1141,0,0,0,0,0,0,1715
org.pitest.mutationtest.engine.gregor.mutators.experimental.RemoveSwitchMutator_48,6988469,3584,0,0,0,0,0,30,901
org.mudebug.prapr.mutators.ArgumentListMutator_0,6988501,7059,0,0,1,1,1,5538,556
org.mudebug.prapr.mutators.LocalNameMutator_2,6994041,7058,0,0,0,0,0,0,337
org.pitest.mutationtest.engine.gregor.mutators.RemoveConditionalMutator_EQUAL_IF,6994043,5351,0,0,1,1,1,2826,48
org.mudebug.prapr.mutators.FieldAccessToMethodCallMutator_0,6996871,633,0,0,1,1,1,5319,37
org.mudebug.prapr.mutators.RelationalOperatorReplacement_2,7002192,4410,0,0,0,0,0,0,445
org.mudebug.prapr.mutators.MethodNameMutator_1,7002194,7098,0,0,0,0,0,6,1022
org.mudebug.prapr.mutators.MethodNameMutator_0,7002202,7063,0,0,0,0,0,112,599
org.mudebug.prapr.mutators.RelationalOperatorReplacement_0,7002316,1554,0,0,0,1,1,184,139
org.mudebug.prapr.mutators.ArgumentListMutator_0,7002502,6678,0,0,0,0,0,0,602
org.pitest.mutationtest.engine.gregor.mutators.RemoveConditionalMutator_EQUAL_IF,7002504,6713,0,0,0,0,0,75,1149
org.mudebug.prapr.mutators.LocalNameMutator_0,7002581,4411,0,0,1,1,1,4269,493
org.mudebug.prapr.mutators.ArgumentListMutator_0,7006852,6706,0,0,0,1,1,0,1020
org.mudebug.prapr.mutators.FieldNameMutator_0,7006854,1777,0,0,0,0,0,0,641
org.mudebug.prapr.mutators.MethCallResultGuard_1,7006856,347,0,0,0,0,0,23,505
org.mudebug.prapr.mutators.MethodNameMutator_9,7006881,7250,0,0,0,0,0,0,662
org.pitest.mutationtest.engine.gregor.mutators.ReturnValsMutator,7006883,495,0,0,1,1,1,2371,247
org.mudebug.prapr.mutators.NonVoidMethodCallGuardMutator_0,7009256,3711,0,0,0,0,0,0,72
org.pitest.mutationtest.engine.gregor.mutators.ReturnValsMutator,7009258,7183,0,0,1,1,1,5538,103
org.pitest.mutationtest.engine.gregor.mutators.experimental.RemoveSwitchMutator_1,7014798,5356,0,0,0,0,0,5,117
org.mudebug.prapr.mutators.VoidMethodCallGuardMutator,7014805,5356,0,0,0,0,0,0,439
org.pitest.mutationtest.engine.gregor.mutators.NonVoidMethodCallMutator,7014807,347,0,0,1,1,1,4299,543
org.mudebug.prapr.mutators.RelationalOperatorReplacement_0,7019108,5212,0,0,0,0,0,5,64
org.pitest.mutationtest.engine.gregor.mutators.experimental.NakedReceiverMutator,7019115,5356,0,0,0,0,0,8,215
org.pitest.mutationtest.engine.gregor.mutators.experimental.RemoveSwitchMutator_59,7019125,495,0,0,0,0,0,5,119
org.pitest.mutationtest.engine.gregor.mutators.ReturnValsMutator,7019132,350,0,0,1,1,1,1082,584
org.mudebug.prapr.mutators.MethCallResultGuard_0,7020216,561,0,0,0,0,0,0,1206
org.mudebug.prapr.mutators.NonVoidMethodCallGuardMutator_0,7020218,1246,0,0,0,0,0,0,819
org.pitest.mutationtest.engine.gregor.mutators.NonVoidMethodCallMutator,7020220,551,0,0,0,0,0,17,214
org.mudebug.prapr.mutators.ArithmeticOperatorReplacement_4,7020239,347,0,0,0,0,0,14,539
org.pitest.mutationtest.engine.gregor.mutators.InlineConstantMutator,7020255,7058,0,0,1,1,1,5538,330
org.pitest.mutationtest.engine.gregor.mutators.InlineConstantMutator,7025795,3240,0,0,0,1,1,5175,40
org.mudebug.prapr.mutators.DereferenceGuardMutator_3,7030972,6176,0,0,0,0,0,0,571
org.mudebug.prapr.mutators.MethodNameMutator_6,7030974,517,0,0,0,0,0,1626,96
org.mudebug.prapr.mutators.RelationalOperatorReplacement_2,7032602,247,0,0,0,0,0,0,247
org.mudebug.prapr.mutators.MethodNameMutator_9,7032607,1231,0,0,0,1,1,17,69
org.pitest.mutationtest.engine.gregor.mutators.NonVoidMethodCallMutator,7032626,5357,0,0,0,0,0,3,703
org.pitest.mutationtest.engine.gregor.mutators.experimental.MemberVariableMutator,7032631,1777,0,0,0,0,0,0,642
org.pitest.mutationtest.engine.gregor.mutators.NegateConditionalsMutator,7032633,7304,0,0,0,0,0,2198,188
org.mudebug.prapr.mutators.RelationalOperatorReplacement_1,7034833,1554,0,0,0,0,0,0,143
org.pitest.mutationtest.engine.gregor.mutators.experimental.MemberVariableMutator,7034835,5209,0,0,0,0,0,89,290
org.mudebug.prapr.mutators.FieldNameMutator_2,7034926,6742,0,0,0,0,0,146,1852
org.pitest.mutationtest.engine.gregor.mutators.ConstructorCallMutator,7035074,6705,0,0,1,1,1,62,916
org.pitest.mutationtest.engine.gregor.mutators.NonVoidMethodCallMutator,7035138,7241,0,0,0,0,0,7,432
org.mudebug.prapr.mutators.FieldAccessToMethodCallMutator_3,7035147,6652,0,0,0,0,0,5,400
org.mudebug.prapr.mutators.MethodNameMutator_2,7035154,3664,0,0,1,1,1,874,2189
org.mudebug.prapr.mutators.FieldToLocalAccessMutator_0,7036030,5356,0,0,0,0,0,0,522
org.mudebug.prapr.mutators.LocalNameMutator_0,7036032,7263,0,0,0,0,0,10,850
org.mudebug.prapr.mutators.LocalToFieldAccessMutator_1,7036044,6747,0,0,1,1,1,5538,1923
org.mudebug.prapr.mutators.FieldNameMutator_2,7041584,7058,0,0,0,0,0,2174,297
org.pitest.mutationtest.engine.gregor.mutators.RemoveConditionalMutator_EQUAL_IF,7043760,7302,0,0,0,0,0,0,110
org.mudebug.prapr.mutators.ReturningDereferenceGuardMutator_3,7043762,1554,0,0,0,0,0,0,143
org.mudebug.prapr.mutators.ArgumentListMutator_0,7043764,7058,0,0,1,1,1,5538,482
org.mudebug.prapr.mutators.FieldToLocalAccessMutator_2,7049304,6652,0,0,1,1,1,4996,399
org.mudebug.prapr.mutators.MethCallResultGuard_1,7054302,7059,0,0,0,0,0,5,562
org.pitest.mutationtest.engine.gregor.mutators.NonVoidMethodCallMutator,7054309,3711,0,0,1,1,1,5303,72
org.mudebug.prapr.mutators.NonVoidMethodCallGuardMutator_0,7059614,6987,0,0,0,0,0,0,155
org.mudebug.prapr.mutators.LocalNameMutator_1,7059616,7058,0,0,0,0,0,5,388
org.mudebug.prapr.mutators.FieldNameMutator_3,7059623,1777,0,0,0,0,0,0,648
org.mudebug.prapr.mutators.LocalToFieldAccessMutator_0,7059625,6744,0,0,1,1,1,905,1894
org.pitest.mutationtest.engine.gregor.mutators.RemoveConditionalMutator_EQUAL_IF,7060532,515,0,0,0,0,0,5,57
org.mudebug.prapr.mutators.MethodNameMutator_3,7060539,1248,0,0,0,0,0,0,867
org.pitest.mutationtest.engine.gregor.mutators.NonVoidMethodCallMutator,7060541,6688,0,0,0,1,1,2230,763
org.mudebug.prapr.mutators.DereferenceGuardMutator_3,7062773,6674,0,0,0,0,0,0,560
org.mudebug.prapr.mutators.LocalNameMutator_0,7062775,553,0,0,0,0,0,0,263
org.mudebug.prapr.mutators.LocalNameMutator_1,7062777,7058,0,0,0,0,0,7,435
org.mudebug.prapr.mutators.ArgumentListMutator_4,7062786,7130,0,0,1,1,1,5543,64
org.mudebug.prapr.mutators.DereferenceGuardMutator_3,7068331,6689,0,0,0,0,0,0,783
org.mudebug.prapr.mutators.LocalNameMutator_1,7068333,5356,0,0,0,1,1,115,93
org.pitest.mutationtest.engine.gregor.mutators.InlineConstantMutator,7068450,1777,0,0,0,0,0,0,680
org.mudebug.prapr.mutators.FieldAccessToMethodCallMutator_0,7068452,1777,0,0,0,0,0,0,663
org.mudebug.prapr.mutators.ReturningDereferenceGuardMutator_3,7068454,1106,0,0,0,0,0,0,1199
org.pitest.mutationtest.engine.gregor.mutators.NonVoidMethodCallMutator,7068456,6987,0,0,1,1,1,5105,155
org.mudebug.prapr.mutators.ArgumentListMutator_4,7073563,6710,0,0,0,1,1,8,1064
org.mudebug.prapr.mutators.FieldToLocalAccessMutator_0,7073573,6674,0,0,1,1,1,1029,560
org.pitest.mutationtest.engine.gregor.mutators.RemoveConditionalMutator_EQUAL_IF,7074604,1106,0,0,0,1,1,2981,1099
org.mudebug.prapr.mutators.MethodNameMutator_5,7077587,551,0,0,1,1,1,4283,214
org.mudebug.prapr.mutators.LocalToFieldAccessMutator_2,7081872,1046,0,0,1,1,1,4574,307
org.mudebug.prapr.mutators.LocalToFieldAccessMutator_0,7086448,4411,0,0,0,0,0,2874,502
org.mudebug.prapr.mutators.FieldNameMutator_3,7089324,7058,0,0,0,0,0,23,524
org.mudebug.prapr.mutators.FieldNameMutator_4,7089349,7355,0,0,0,0,0,1804,116
org.mudebug.prapr.mutators.ReturningDereferenceGuardMutator_1,7091155,4257,0,0,0,0,0,0,408
org.mudebug.prapr.mutators.RelationalOperatorReplacement_0,7091157,6987,0,0,0,0,0,2,154
org.mudebug.prapr.mutators.LocalNameMutator_0,7091161,3651,0,0,0,0,0,2,1953
org.pitest.mutationtest.engine.gregor.mutators.RemoveConditionalMutator_EQUAL_IF,7091165,5356,0,0,0,1,1,37,505
org.mudebug.prapr.mutators.ArgumentListMutator_5,7091204,543,0,0,0,0,0,4,85
org.mudebug.prapr.mutators.ReturningDereferenceGuardMutator_0,7091210,348,0,0,0,0,0,0,558
org.mudebug.prapr.mutators.ArgumentListMutator_4,7091212,1048,0,0,1,1,1,4554,348
org.pitest.mutationtest.engine.gregor.mutators.RemoveConditionalMutator_EQUAL_ELSE,7095768,7382,0,0,1,1,1,5538,430
org.pitest.mutationtest.engine.gregor.mutators.experimental.MemberVariableMutator,7101308,1038,0,0,0,0,0,0,745
org.pitest.mutationtest.engine.gregor.mutators.ReturnValsMutator,7101310,6420,0,0,1,1,1,5426,400
org.mudebug.prapr.mutators.LocalNameMutator_1,7106738,1245,0,0,0,0,0,5,728
org.pitest.mutationtest.engine.gregor.mutators.VoidMethodCallMutator,7106745,7058,0,0,0,0,0,11,524
org.mudebug.prapr.mutators.DereferenceGuardMutator_0,7106758,554,0,0,0,0,0,0,272
org.mudebug.prapr.mutators.MethodNameMutator_5,7106760,5365,0,0,0,0,0,474,837
org.mudebug.prapr.mutators.FieldNameMutator_5,7107236,1777,0,0,0,0,0,0,681
org.mudebug.prapr.mutators.ArgumentListMutator_2,7107238,7058,0,0,1,1,1,5538,464
org.mudebug.prapr.mutators.MethodNameMutator_0,7112778,1562,0,0,0,1,1,145,204
org.mudebug.prapr.mutators.FieldAccessToMethodCallMutator_0,7112925,1777,0,0,0,0,0,0,692
org.pitest.mutationtest.engine.gregor.mutators.ArgumentPropagationMutator,7112927,1046,0,0,1,1,1,4554,309
org.pitest.mutationtest.engine.gregor.mutators.NegateConditionalsMutator,7117483,4411,0,0,1,1,1,4269,471
org.mudebug.prapr.mutators.LocalToFieldAccessMutator_0,7121754,6688,0,0,1,1,1,5994,764
org.pitest.mutationtest.engine.gregor.mutators.RemoveConditionalMutator_EQUAL_IF,7127750,1082,0,0,1,1,1,5191,836
org.mudebug.prapr.mutators.FieldNameMutator_3,7132943,1777,0,0,0,0,0,0,673
org.pitest.mutationtest.engine.gregor.mutators.experimental.RemoveSwitchMutator_6,7132945,555,0,0,0,0,0,0,872
org.pitest.mutationtest.engine.gregor.mutators.experimental.RemoveSwitchMutator_97,7132947,3584,0,0,1,1,1,90,901
org.mudebug.prapr.mutators.NonVoidMethodCallGuardMutator_0,7133039,4411,0,0,0,0,0,0,471
org.mudebug.prapr.mutators.FieldAccessToMethodCallMutator_0,7133041,1777,0,0,0,0,0,0,694
org.mudebug.prapr.mutators.MethodNameMutator_2,7133043,1246,0,0,1,1,1,22,820
org.mudebug.prapr.mutators.FieldAccessToMethodCallMutator_1,7133067,4413,0,0,1,1,1,5220,523
org.pitest.mutationtest.engine.gregor.mutators.NonVoidMethodCallMutator,7138289,7058,0,0,0,0,0,6,453
org.mudebug.prapr.mutators.MethCallResultGuard_2,7138297,347,0,0,0,0,0,23,526
org.mudebug.prapr.mutators.DereferenceGuardMutator_4,7138322,7302,0,0,0,0,0,0,102
org.mudebug.prapr.mutators.MethodNameMutator_1,7138324,328,0,0,0,0,0,518,280
org.pitest.mutationtest.engine.gregor.mutators.NegateConditionalsMutator,7138844,3563,0,0,0,1,1,75,307
org.pitest.mutationtest.engine.gregor.mutators.experimental.RemoveSwitchMutator_2,7138923,1231,0,0,0,0,0,5,59
org.mudebug.prapr.mutators.ArithmeticOperatorReplacement_3,7138930,6710,0,0,0,0,0,8,1071
org.pitest.mutationtest.engine.gregor.mutators.RemoveConditionalMutator_EQUAL_IF,7138943,1049,0,0,0,0,0,126,368
org.mudebug.prapr.mutators.MethodNameMutator_8,7139071,1236,1,0,0,1,1,16,521
org.pitest.mutationtest.engine.gregor.mutators.NonVoidMethodCallMutator,7139089,244,0,0,0,0,0,3,187
org.mudebug.prapr.mutators.MethodNameMutator_4,7139094,1231,0,0,0,1,1,66,72
org.pitest.mutationtest.engine.gregor.mutators.ReturnValsMutator,7139162,2967,0,0,0,1,1,223,618
org.mudebug.prapr.mutators.DereferenceGuardMutator_0,7139387,1082,0,0,0,0,0,0,836
org.mudebug.prapr.mutators.NonVoidMethodCallGuardMutator_0,7139389,7059,0,0,0,0,0,0,555
org.mudebug.prapr.mutators.FieldToLocalAccessMutator_0,7139391,703,0,0,1,1,1,5190,45
org.pitest.mutationtest.engine.gregor.mutators.experimental.RemoveSwitchMutator_49,7144583,6415,0,0,0,0,0,0,273
org.mudebug.prapr.mutators.ReturningDereferenceGuardMutator_3,7144585,6684,0,0,0,0,0,0,697
org.pitest.mutationtest.engine.gregor.mutators.NonVoidMethodCallMutator,7144587,1050,0,0,0,0,0,2,381
org.mudebug.prapr.mutators.MethCallResultGuard_1,7144594,551,0,0,1,1,1,5365,205
org.pitest.mutationtest.engine.gregor.mutators.NonVoidMethodCallMutator,7149961,7059,0,0,1,1,1,5538,552
org.mudebug.prapr.mutators.LocalToFieldAccessMutator_1,7155501,6712,0,0,1,1,1,5363,1137
org.mudebug.prapr.mutators.FieldNameMutator_2,7160866,1777,0,0,0,0,0,0,719
org.mudebug.prapr.mutators.LocalToFieldAccessMutator_2,7160868,6728,0,0,0,1,1,2810,1407
org.mudebug.prapr.mutators.ReturningDereferenceGuardMutator_1,7163680,7057,0,0,0,0,0,0,228
org.mudebug.prapr.mutators.RelationalOperatorReplacement_1,7163682,5375,0,0,0,0,0,0,1033
org.mudebug.prapr.mutators.FieldAccessToMethodCallMutator_2,7163684,1777,0,0,0,0,0,0,668
org.pitest.mutationtest.engine.gregor.mutators.experimental.MemberVariableMutator,7163686,543,0,0,1,1,1,5365,108
org.mudebug.prapr.mutators.FieldNameMutator_5,7169053,1777,0,0,0,0,0,0,639
org.mudebug.prapr.mutators.MethodNameMutator_0,7169059,1237,0,0,0,0,0,0,544
org.mudebug.prapr.mutators.FieldAccessToMethodCallMutator_2,7169061,6650,0,0,1,1,1,6028,370
org.mudebug.prapr.mutators.FieldAccessToMethodCallMutator_0,7175091,1777,0,0,0,0,0,0,708
org.pitest.mutationtest.engine.gregor.mutators.RemoveConditionalMutator_EQUAL_ELSE,7175093,3592,0,0,0,0,0,554,1084
org.pitest.mutationtest.engine.gregor.mutators.experimental.MemberVariableMutator,7175649,1777,0,0,0,0,0,0,648
org.pitest.mutationtest.engine.gregor.mutators.RemoveConditionalMutator_EQUAL_ELSE,7175651,3675,0,0,0,0,0,0,2359
org.mudebug.prapr.mutators.FieldNameMutator_1,7175653,1777,0,0,0,0,0,53,727
org.mudebug.prapr.mutators.NonVoidMethodCallGuardMutator_0,7175708,7058,0,0,0,0,0,0,313
org.mudebug.prapr.mutators.ReturningDereferenceGuardMutator_1,7175710,5356,0,0,0,0,0,0,219
org.mudebug.prapr.mutators.DereferenceGuardMutator_3,7175712,5358,0,0,0,0,0,0,741
org.pitest.mutationtest.engine.gregor.mutators.InlineConstantMutator,7175714,1563,0,0,0,0,0,1,244
org.mudebug.prapr.mutators.NonVoidMethodCallGuardMutator_0,7175717,495,0,0,0,0,0,0,216
org.pitest.mutationtest.engine.gregor.mutators.InlineConstantMutator,7175719,1777,0,0,0,0,0,1,675
org.mudebug.prapr.mutators.MethCallResultGuard_0,7175722,6742,0,0,0,0,0,0,1849
org.pitest.mutationtest.engine.gregor.mutators.MathMutator,7175724,6714,0,0,0,1,1,137,1164
org.mudebug.prapr.mutators.ArgumentListMutator_3,7175863,5356,0,0,1,1,1,1074,425
org.pitest.mutationtest.engine.gregor.mutators.experimental.MemberVariableMutator,7176939,5192,0,0,0,0,0,0,54
org.pitest.mutationtest.engine.gregor.mutators.InlineConstantMutator,7176941,7058,0,0,1,1,1,5538,425
org.mudebug.prapr.mutators.DereferenceGuardMutator_4,7182481,7505,0,0,0,0,0,0,467
org.pitest.mutationtest.engine.gregor.mutators.NegateConditionalsMutator,7182483,7379,0,0,1,1,1,5538,390
org.mudebug.prapr.mutators.MethodNameMutator_9,7188023,1231,0,0,0,0,0,5,98
org.pitest.mutationtest.engine.gregor.mutators.experimental.RemoveSwitchMutator_86,7188030,495,0,0,0,0,0,2601,119
org.mudebug.prapr.mutators.LocalNameMutator_0,7190633,5358,0,0,0,0,0,3,762
org.mudebug.prapr.mutators.MethCallResultGuard_0,7190638,3611,0,0,0,0,0,0,1327
org.mudebug.prapr.mutators.RelationalOperatorReplacement_0,7190640,7233,0,0,0,0,0,5,297
org.pitest.mutationtest.engine.gregor.mutators.InlineConstantMutator,7190647,1777,0,0,0,0,0,0,671
org.pitest.mutationtest.engine.gregor.mutators.InlineConstantMutator,7190649,1777,0,0,0,0,0,1,684
org.pitest.mutationtest.engine.gregor.mutators.experimental.RemoveSwitchMutator_19,7190652,3636,0,0,0,0,0,6,1649
org.pitest.mutationtest.engine.gregor.mutators.experimental.RemoveSwitchMutator_42,7190660,5356,0,0,0,0,0,0,117
org.mudebug.prapr.mutators.ArgumentListMutator_5,7190662,7098,0,0,0,0,0,13,1022
org.mudebug.prapr.mutators.LocalNameMutator_1,7190677,6674,0,0,1,1,1,2709,564
org.pitest.mutationtest.engine.gregor.mutators.ConditionalsBoundaryMutator,7193388,3651,0,0,0,0,0,0,1955
org.mudebug.prapr.mutators.LocalToFieldAccessMutator_0,7193390,6706,0,0,0,1,1,0,965
org.pitest.mutationtest.engine.gregor.mutators.RemoveConditionalMutator_EQUAL_ELSE,7193392,3664,0,0,0,0,0,2,2185
org.pitest.mutationtest.engine.gregor.mutators.RemoveConditionalMutator_ORDER_IF,7193396,1563,0,0,0,0,0,0,237
org.pitest.mutationtest.engine.gregor.mutators.experimental.MemberVariableMutator,7193398,4663,0,0,0,0,0,0,42
org.pitest.mutationtest.engine.gregor.mutators.RemoveConditionalMutator_EQUAL_ELSE,7193400,2967,0,0,1,1,1,2868,596
org.mudebug.prapr.mutators.MethCallResultGuard_1,7196270,7059,0,0,0,0,0,0,558
org.mudebug.prapr.mutators.MethodNameMutator_0,7196272,5358,0,0,0,0,0,3,742
org.mudebug.prapr.mutators.DereferenceGuardMutator_0,7196277,6683,0,0,0,0,0,1,683
org.mudebug.prapr.mutators.LocalNameMutator_0,7196280,6743,0,0,0,0,0,2081,1873
org.pitest.mutationtest.engine.gregor.mutators.NonVoidMethodCallMutator,7198363,1231,0,0,1,1,1,62,72
org.mudebug.prapr.mutators.NonVoidMethodCallGuardMutator_0,7198427,7058,0,0,0,0,0,0,303
org.mudebug.prapr.mutators.LocalToFieldAccessMutator_1,7198429,544,0,0,1,1,1,5365,119
org.pitest.mutationtest.engine.gregor.mutators.NonVoidMethodCallMutator,7203796,1777,0,0,0,0,0,24,690
org.mudebug.prapr.mutators.RelationalOperatorReplacement_0,7203826,7355,0,0,0,0,0,0,113
org.mudebug.prapr.mutators.MethodNameMutator_3,7203828,7205,0,0,0,0,0,9,141
org.mudebug.prapr.mutators.MethodNameMutator_2,7203839,7497,0,0,0,0,0,4,377
org.mudebug.prapr.mutators.ArgumentListMutator_3,7203845,6678,0,0,0,0,0,0,603
org.mudebug.prapr.mutators.MethodNameMutator_1,7203847,6728,0,0,0,1,1,2809,1407
org.pitest.mutationtest.engine.gregor.mutators.ReturnValsMutator,7206658,4635,0,0,1,1,1,5212,136
org.pitest.mutationtest.engine.gregor.mutators.NonVoidMethodCallMutator,7211872,7365,0,0,0,0,0,540,232
org.pitest.mutationtest.engine.gregor.mutators.InlineConstantMutator,7212414,1777,0,0,0,0,0,3,676
org.mudebug.prapr.mutators.ArgumentListMutator_3,7212419,7556,0,0,1,1,1,5226,70
org.pitest.mutationtest.engine.gregor.mutators.ConstructorCallMutator,7217647,7058,0,0,1,1,1,5538,317
org.mudebug.prapr.mutators.MethCallResultGuard_0,7223187,5356,0,0,0,0,0,4,182
org.pitest.mutationtest.engine.gregor.mutators.RemoveConditionalMutator_EQUAL_IF,7223193,517,0,0,0,0,0,23,113
org.mudebug.prapr.mutators.LocalToFieldAccessMutator_3,7223218,6696,0,0,1,1,1,5393,837
org.mudebug.prapr.mutators.ArgumentListMutator_2,7228613,1044,0,0,1,1,1,4564,281
org.mudebug.prapr.mutators.ArithmeticOperatorReplacement_4,7233179,6713,0,0,1,1,1,5376,1152
org.pitest.mutationtest.engine.gregor.mutators.ReturnValsMutator,7238557,7790,0,0,0,1,1,2661,315
org.mudebug.prapr.mutators.ArgumentListMutator_2,7241220,7058,0,0,0,0,0,1597,439
org.mudebug.prapr.mutators.NonVoidMethodCallGuardMutator_0,7242819,6706,0,0,0,0,0,0,978
org.mudebug.prapr.mutators.MethCallResultGuard_2,7242821,4411,0,0,0,0,0,0,474
org.pitest.mutationtest.engine.gregor.mutators.BooleanFalseReturnValsMutator,7242823,1094,0,0,0,0,0,388,933
org.mudebug.prapr.mutators.FieldNameMutator_0,7243213,6732,0,0,0,0,0,5,1596
org.mudebug.prapr.mutators.MethodNameMutator_8,7243220,7233,0,0,0,0,0,2,291
org.pitest.mutationtest.engine.gregor.mutators.ReturnValsMutator,7243224,3245,0,0,1,1,1,4748,81
org.mudebug.prapr.mutators.ReturningDereferenceGuardMutator_0,7247974,7304,0,0,0,0,0,0,189
org.mudebug.prapr.mutators.RelationalOperatorReplacement_0,7247976,5356,0,0,0,1,1,39,515
org.mudebug.prapr.mutators.ArgumentListMutator_4,7248017,6725,0,0,1,1,1,1,1369
org.pitest.mutationtest.engine.gregor.mutators.RemoveConditionalMutator_ORDER_ELSE,7248020,7061,0,0,0,0,0,2,576
org.mudebug.prapr.mutators.MethodNameMutator_4,7248024,1562,0,0,0,0,0,3,204
org.mudebug.prapr.mutators.FieldNameMutator_2,7248029,7058,0,0,1,1,1,5538,389
org.pitest.mutationtest.engine.gregor.mutators.experimental.MemberVariableMutator,7253569,7215,0,0,1,1,1,5538,134
org.mudebug.prapr.mutators.ArithmeticOperatorReplacement_4,7259109,5356,0,0,0,0,0,9,110
org.mudebug.prapr.mutators.LocalNameMutator_2,7259120,6743,0,0,0,0,0,1090,1869
org.mudebug.prapr.mutators.NonVoidMethodCallGuardMutator_0,7260212,7059,0,0,0,0,0,0,565
org.mudebug.prapr.mutators.FieldNameMutator_0,7260214,7059,0,0,0,0,0,0,544
org.pitest.mutationtest.engine.gregor.mutators.VoidMethodCallMutator,7260216,4411,0,0,0,0,0,2226,502
org.mudebug.prapr.mutators.FieldNameMutator_4,7262444,1777,0,0,0,0,0,0,716
org.pitest.mutationtest.engine.gregor.mutators.RemoveConditionalMutator_EQUAL_IF,7262446,6686,0,0,1,1,1,5596,742
org.pitest.mutationtest.engine.gregor.mutators.ReturnValsMutator,7268044,7205,0,0,0,0,0,1684,141
org.pitest.mutationtest.engine.gregor.mutators.InlineConstantMutator,7269733,6859,0,0,0,0,0,2351,70
org.mudebug.prapr.mutators.ReturningDereferenceGuardMutator_1,7272086,5356,0,0,0,0,0,0,94
org.pitest.mutationtest.engine.gregor.mutators.experimental.MemberVariableMutator,7272088,1777,0,0,0,0,0,0,697
org.mudebug.prapr.mutators.FieldNameMutator_4,7272090,1777,0,0,0,0,0,0,694
org.mudebug.prapr.mutators.FieldAccessToMethodCallMutator_0,7272092,1042,0,0,0,0,0,0,229
org.mudebug.prapr.mutators.LocalNameMutator_1,7272094,5356,0,0,0,0,0,2,103
org.mudebug.prapr.mutators.RelationalOperatorReplacement_3,7272098,1106,0,0,0,0,0,0,1137
org.mudebug.prapr.mutators.LocalNameMutator_0,7272100,6706,0,0,1,1,1,27,975
org.mudebug.prapr.mutators.MethodNameMutator_0,7272129,7503,0,0,0,0,0,18,450
org.mudebug.prapr.mutators.RelationalOperatorReplacement_0,7272149,7302,0,0,0,0,0,7,102
org.mudebug.prapr.mutators.LocalNameMutator_1,7272158,6683,0,0,1,1,1,948,686
org.mudebug.prapr.mutators.NonVoidMethodCallGuardMutator_0,7273108,7059,0,0,0,0,0,0,548
org.mudebug.prapr.mutators.MethodNameMutator_0,7273110,347,0,0,0,0,0,1742,537
org.mudebug.prapr.mutators.ReturningDereferenceGuardMutator_4,7274854,1053,0,0,0,0,0,0,439
org.mudebug.prapr.mutators.RelationalOperatorReplacement_1,7274856,3675,0,0,0,0,0,0,2359
org.pitest.mutationtest.engine.gregor.mutators.NegateConditionalsMutator,7274858,6727,0,0,0,0,0,63,1393
org.mudebug.prapr.mutators.MethCallResultGuard_0,7274923,343,0,0,0,0,0,0,464
org.mudebug.prapr.mutators.RelationalOperatorReplacement_2,7274925,6706,0,0,0,1,1,8,971
org.mudebug.prapr.mutators.DereferenceGuardMutator_3,7274935,1101,0,0,0,0,0,0,1020
org.mudebug.prapr.mutators.FieldAccessToMethodCallMutator_0,7274937,6652,0,0,1,1,1,4748,389
org.pitest.mutationtest.engine.gregor.mutators.NonVoidMethodCallMutator,7279687,7302,0,0,0,0,0,60,98
org.mudebug.prapr.mutators.MethodNameMutator_5,7279749,6743,0,0,1,1,1,2793,1868
org.mudebug.prapr.mutators.DereferenceGuardMutator_3,7282544,1834,0,0,0,0,0,0,78
org.mudebug.prapr.mutators.FieldNameMutator_1,7282548,1777,0,0,0,0,0,0,648
org.mudebug.prapr.mutators.LocalNameMutator_0,7282550,6684,0,0,1,1,1,757,705
org.pitest.mutationtest.engine.gregor.mutators.NonVoidMethodCallMutator,7283309,1106,0,0,0,0,0,0,1137
org.mudebug.prapr.mutators.ArgumentListMutator_0,7283311,7555,0,0,1,1,1,5543,62
org.mudebug.prapr.mutators.LocalNameMutator_0,7288856,6652,0,0,1,1,1,4550,404
org.pitest.mutationtest.engine.gregor.mutators.VoidMethodCallMutator,7293408,7059,0,0,0,0,0,10,551
org.pitest.mutationtest.engine.gregor.mutators.NonVoidMethodCallMutator,7293420,7059,0,0,1,1,1,5538,549
org.mudebug.prapr.mutators.FieldNameMutator_4,7298960,7209,0,0,0,0,0,9,51
org.pitest.mutationtest.engine.gregor.mutators.BooleanTrueReturnValsMutator,7298971,931,0,0,0,1,1,10,633
org.mudebug.prapr.mutators.MethodNameMutator_2,7298983,1135,0,0,0,0,0,5,1644
org.mudebug.prapr.mutators.DereferenceGuardMutator_4,7298990,1106,0,0,0,0,0,5,1106
org.mudebug.prapr.mutators.FieldNameMutator_2,7298997,7059,0,0,0,0,0,0,544
org.mudebug.prapr.mutators.MethodNameMutator_2,7298999,7061,0,0,0,0,0,0,576
org.mudebug.prapr.mutators.DereferenceGuardMutator_3,7299001,5218,0,0,0,0,0,0,176
org.mudebug.prapr.mutators.ReturningDereferenceGuardMutator_1,7299003,7202,0,0,0,0,0,0,125
org.mudebug.prapr.mutators.MethodNameMutator_0,7299008,3611,0,0,0,0,0,861,1332
org.mudebug.prapr.mutators.MethodNameMutator_8,7299871,4411,0,0,1,1,1,4269,474
org.mudebug.prapr.mutators.MethCallResultGuard_2,7304142,7090,0,0,0,0,0,0,934
org.pitest.mutationtest.engine.gregor.mutators.ArgumentPropagationMutator,7304144,7064,0,0,1,1,1,5538,615
org.mudebug.prapr.mutators.FieldAccessToMethodCallMutator_4,7309684,6723,0,0,1,1,1,5019,1346
org.pitest.mutationtest.engine.gregor.mutators.NegateConditionalsMutator,7314705,5356,0,0,0,1,1,39,505
org.mudebug.prapr.mutators.FieldAccessToMethodCallMutator_2,7314746,1777,0,0,0,0,0,0,680
org.pitest.mutationtest.engine.gregor.mutators.NegateConditionalsMutator,7314748,3664,0,0,0,0,0,66,2185
org.mudebug.prapr.mutators.MethodNameMutator_9,7314816,1562,0,0,0,1,1,145,204
org.mudebug.prapr.mutators.MethodNameMutator_4,7314963,6743,0,0,1,1,1,2912,1867
org.mudebug.prapr.mutators.MethodNameMutator_4,7317877,244,0,0,1,1,1,2520,180
org.mudebug.prapr.mutators.NonVoidMethodCallGuardMutator_0,7320399,6706,0,0,0,0,0,0,1018
org.pitest.mutationtest.engine.gregor.mutators.experimental.RemoveSwitchMutator_29,7320401,5356,0,0,1,1,1,1077,117
org.mudebug.prapr.mutators.FieldAccessToMethodCallMutator_2,7321480,7503,0,0,1,1,1,5543,444
org.mudebug.prapr.mutators.ArgumentListMutator_2,7327025,7058,0,0,0,0,0,5,532
org.mudebug.prapr.mutators.NonVoidMethodCallGuardMutator_0,7327032,5192,0,0,0,0,0,5,83
org.pitest.mutationtest.engine.gregor.mutators.experimental.RemoveSwitchMutator_75,7327039,495,0,0,0,0,0,0,119
org.mudebug.prapr.mutators.MethodNameMutator_5,7327041,7302,0,0,0,0,0,14,127
org.pitest.mutationtest.engine.gregor.mutators.RemoveConditionalMutator_EQUAL_IF,7327057,5356,0,0,0,1,1,206,368
org.pitest.mutationtest.engine.gregor.mutators.RemoveConditionalMutator_EQUAL_ELSE,7327265,495,0,0,1,1,1,4754,201
org.mudebug.prapr.mutators.MethodNameMutator_0,7332021,4157,0,0,0,0,0,128,93
org.pitest.mutationtest.engine.gregor.mutators.VoidMethodCallMutator,7332151,7215,0,0,0,0,0,0,128
org.pitest.mutationtest.engine.gregor.mutators.NullReturnValsMutator,7332153,1234,0,0,0,0,0,0,316
org.pitest.mutationtest.engine.gregor.mutators.experimental.RemoveSwitchMutator_82,7332155,3584,0,0,0,0,0,1247,901
org.mudebug.prapr.mutators.ArithmeticOperatorReplacement_7,7333404,6715,0,0,0,0,0,67,1176
org.mudebug.prapr.mutators.ReturningDereferenceGuardMutator_0,7333473,1047,0,0,0,0,0,0,339
org.pitest.mutationtest.engine.gregor.mutators.ReturnValsMutator,7333475,7082,0,0,1,1,1,5226,817
org.mudebug.prapr.mutators.RelationalOperatorReplacement_3,7338703,551,0,0,1,1,1,5354,212
org.mudebug.prapr.mutators.ArgumentListMutator_4,7344059,5192,0,0,1,1,1,5173,53
org.mudebug.prapr.mutators.FieldNameMutator_1,7349234,1777,0,0,0,0,0,38,701
org.mudebug.prapr.mutators.LocalToFieldAccessMutator_1,7349274,6687,0,0,1,1,1,5365,756
org.pitest.mutationtest.engine.gregor.mutators.NegateConditionalsMutator,7354641,1554,0,0,0,1,1,186,139
org.pitest.mutationtest.engine.gregor.mutators.experimental.MemberVariableMutator,7354829,6683,0,0,1,1,1,814,688
org.mudebug.prapr.mutators.ReturningDereferenceGuardMutator_1,7355645,6684,0,0,0,0,0,4,705
org.mudebug.prapr.mutators.MethodNameMutator_1,7355651,347,0,0,0,0,0,4,520
org.mudebug.prapr.mutators.MethodNameMutator_0,7355657,5356,0,0,1,1,1,2741,82
org.mudebug.prapr.mutators.MethodNameMutator_0,7358400,348,0,0,0,0,0,0,557
org.mudebug.prapr.mutators.FieldToLocalAccessMutator_0,7358402,4392,0,0,0,0,0,3817,211
org.mudebug.prapr.mutators.ArgumentListMutator_1,7362231,4392,0,0,1,1,1,5221,53
org.pitest.mutationtest.engine.gregor.mutators.NonVoidMethodCallMutator,7367454,7112,0,0,1,1,1,5538,1216
org.pitest.mutationtest.engine.gregor.mutators.InlineConstantMutator,7372994,1038,0,0,0,0,0,0,745
org.mudebug.prapr.mutators.NonVoidMethodCallGuardMutator_0,7372996,346,0,0,0,0,0,0,497
org.pitest.mutationtest.engine.gregor.mutators.NonVoidMethodCallMutator,7372998,5376,0,0,0,0,0,1,1045
org.pitest.mutationtest.engine.gregor.mutators.experimental.RemoveSwitchMutator_34,7373001,555,0,0,0,0,0,0,872
org.mudebug.prapr.mutators.LocalToFieldAccessMutator_2,7373003,6743,0,0,0,1,1,1867,1874
org.mudebug.prapr.mutators.LocalToFieldAccessMutator_2,7374872,6728,0,0,0,1,1,2813,1407
org.mudebug.prapr.mutators.ArgumentListMutator_0,7377687,7263,0,0,1,1,1,5538,851
org.mudebug.prapr.mutators.RelationalOperatorReplacement_1,7383227,7383,0,0,0,0,0,0,457
org.mudebug.prapr.mutators.DereferenceGuardMutator_3,7383229,1106,0,0,0,0,0,5,1185
org.mudebug.prapr.mutators.NonVoidMethodCallGuardMutator_0,7383236,3626,0,0,0,0,0,0,1516
org.mudebug.prapr.mutators.DereferenceGuardMutator_1,7383238,7302,0,0,0,0,0,0,105
org.mudebug.prapr.mutators.FieldNameMutator_1,7383240,1101,0,0,0,0,0,27,1020
org.mudebug.prapr.mutators.RelationalOperatorReplacement_3,7383269,1050,0,0,0,0,0,7,381
org.mudebug.prapr.mutators.RelationalOperatorReplacement_1,7383278,6713,0,0,0,0,0,10,1147
org.pitest.mutationtest.engine.gregor.mutators.VoidMethodCallMutator,7383290,346,0,0,0,0,0,26,498
org.mudebug.prapr.mutators.RelationalOperatorReplacement_3,7383318,5358,0,0,0,0,0,6,726
org.pitest.mutationtest.engine.gregor.mutators.NegateConditionalsMutator,7383326,7198,0,0,0,0,0,1799,63
org.mudebug.prapr.mutators.MethCallResultGuard_1,7385127,6706,0,0,0,0,0,0,975
org.mudebug.prapr.mutators.LocalNameMutator_0,7385129,7302,0,0,0,0,0,437,134
org.mudebug.prapr.mutators.ReturningDereferenceGuardMutator_2,7385568,6678,0,0,0,0,0,0,606
org.mudebug.prapr.mutators.MethodNameMutator_9,7385570,517,0,0,0,0,0,4,97
org.pitest.mutationtest.engine.gregor.mutators.NonVoidMethodCallMutator,7385576,1237,0,0,1,1,1,18,545
org.mudebug.prapr.mutators.MethCallResultGuard_0,7385596,1042,0,0,0,0,0,0,231
org.mudebug.prapr.mutators.RelationalOperatorReplacement_2,7385601,7302,0,0,0,0,0,1999,98
org.mudebug.prapr.mutators.FieldToLocalAccessMutator_0,7387602,6652,0,0,1,1,1,5084,395
org.pitest.mutationtest.engine.gregor.mutators.NegateConditionalsMutator,7392688,1049,0,0,0,1,1,4572,366
org.mudebug.prapr.mutators.MethodNameMutator_0,7397262,7199,0,0,0,0,0,64,85
org.pitest.mutationtest.engine.gregor.mutators.NonVoidMethodCallMutator,7397328,369,0,0,1,1,1,3741,806
org.mudebug.prapr.mutators.FieldToLocalAccessMutator_0,7401071,6650,0,0,1,1,1,5298,369
org.pitest.mutationtest.engine.gregor.mutators.NegateConditionalsMutator,7406371,1563,0,0,0,0,0,46,251
org.mudebug.prapr.mutators.VoidMethodCallGuardMutator,7406419,5356,0,0,0,0,0,0,351
org.mudebug.prapr.mutators.LocalToFieldAccessMutator_1,7406421,6684,0,0,1,1,1,740,706
org.pitest.mutationtest.engine.gregor.mutators.experimental.MemberVariableMutator,7407163,1777,0,0,0,0,0,0,709
org.mudebug.prapr.mutators.MethodNameMutator_2,7407165,348,0,0,0,0,0,0,558
org.mudebug.prapr.mutators.MethodNameMutator_4,7407167,1231,0,0,1,1,1,62,72
org.mudebug.prapr.mutators.ArgumentListMutator_4,7407231,7059,0,0,1,1,1,5538,555
org.mudebug.prapr.mutators.LocalNameMutator_0,7412771,7058,0,0,0,0,0,0,337
org.mudebug.prapr.mutators.ArgumentListMutator_0,7412773,6652,0,0,0,0,0,0,391
org.mudebug.prapr.mutators.VoidMethodCallGuardMutator,7412775,6753,0,0,0,0,0,0,1995
org.pitest.mutationtest.engine.gregor.mutators.ReturnValsMutator,7412777,6728,0,0,1,1,1,2809,1426
org.mudebug.prapr.mutators.ArithmeticOperatorReplacement_7,7415592,6713,0,0,0,1,1,100,1152
org.mudebug.prapr.mutators.MethodNameMutator_2,7415694,4411,0,0,1,1,1,4269,471
org.mudebug.prapr.mutators.FieldNameMutator_4,7419965,1777,0,0,0,0,0,0,680
org.mudebug.prapr.mutators.MethodNameMutator_1,7419967,5356,0,0,0,0,0,1,431
org.pitest.mutationtest.engine.gregor.mutators.experimental.RemoveSwitchMutator_89,7419970,6415,0,0,0,0,0,0,273
org.pitest.mutationtest.engine.gregor.mutators.InlineConstantMutator,7419972,7058,0,0,1,1,1,5538,458
org.mudebug.prapr.mutators.RelationalOperatorReplacement_0,7425514,2459,0,0,1,1,1,5291,61
org.mudebug.prapr.mutators.DereferenceGuardMutator_0,7430807,6728,0,0,0,0,0,5,1420
org.pitest.mutationtest.engine.gregor.mutators.NonVoidMethodCallMutator,7430814,7205,0,0,0,0,0,9,141
org.mudebug.prapr.mutators.RelationalOperatorReplacement_2,7430825,1234,0,0,0,0,0,0,302
org.mudebug.prapr.mutators.ArgumentListMutator_5,7430827,6725,0,0,0,1,1,0,1369
org.pitest.mutationtest.engine.gregor.mutators.experimental.RemoveSwitchMutator_35,7430829,555,0,0,0,0,0,0,872
org.mudebug.prapr.mutators.FieldAccessToMethodCallMutator_1,7430831,6742,0,0,1,1,1,2939,1853
org.mudebug.prapr.mutators.FieldNameMutator_3,7433772,4241,0,0,0,0,0,0,82
org.mudebug.prapr.mutators.MethCallResultGuard_0,7433778,6988,0,0,0,0,0,0,168
org.pitest.mutationtest.engine.gregor.mutators.InlineConstantMutator,7433780,4423,0,0,0,0,0,216,614
org.mudebug.prapr.mutators.LocalToFieldAccessMutator_0,7434001,6744,0,0,1,1,1,350,1897
org.mudebug.prapr.mutators.RelationalOperatorReplacement_3,7434353,5213,0,0,0,0,0,30,91
org.mudebug.prapr.mutators.LocalNameMutator_0,7434385,2967,0,0,0,0,0,25,599
org.mudebug.prapr.mutators.FieldNameMutator_1,7434412,5355,0,0,0,0,0,1,72
org.mudebug.prapr.mutators.ArgumentListMutator_1,7434415,6710,0,0,0,0,0,8,1067
org.mudebug.prapr.mutators.ReturningDereferenceGuardMutator_3,7434425,1106,0,0,0,0,0,0,1097
org.pitest.mutationtest.engine.gregor.mutators.InlineConstantMutator,7434427,7058,0,0,1,1,1,5538,284
org.pitest.mutationtest.engine.gregor.mutators.NonVoidMethodCallMutator,7439967,245,0,0,0,0,0,624,198
org.mudebug.prapr.mutators.NonVoidMethodCallGuardMutator_0,7440593,6743,0,0,0,0,0,0,1868
org.pitest.mutationtest.engine.gregor.mutators.experimental.NakedReceiverMutator,7440595,562,0,0,0,0,0,2,1210
org.mudebug.prapr.mutators.ReturningDereferenceGuardMutator_1,7440599,6706,0,0,0,0,0,0,959
org.mudebug.prapr.mutators.ArgumentListMutator_3,7440601,4152,0,0,0,0,0,0,51
org.mudebug.prapr.mutators.FieldNameMutator_0,7440603,1271,0,0,0,0,0,88,44
org.mudebug.prapr.mutators.DereferenceGuardMutator_4,7440693,6743,0,0,0,0,0,0,1870
org.pitest.mutationtest.engine.gregor.mutators.NonVoidMethodCallMutator,7440695,348,0,0,1,1,1,494,558
org.mudebug.prapr.mutators.ReturningDereferenceGuardMutator_1,7441191,1042,0,0,0,0,0,0,256
org.mudebug.prapr.mutators.MethCallResultGuard_0,7441193,6706,0,0,0,0,0,0,976
org.mudebug.prapr.mutators.ArgumentListMutator_4,7441195,1106,0,0,1,1,1,2980,1082
org.mudebug.prapr.mutators.LocalNameMutator_0,7444177,6651,0,0,0,0,0,0,375
org.pitest.mutationtest.engine.gregor.mutators.NonVoidMethodCallMutator,7444179,4411,0,0,1,1,1,4269,493
org.mudebug.prapr.mutators.MethodNameMutator_1,7448450,6725,0,0,0,1,1,0,1369
org.pitest.mutationtest.engine.gregor.mutators.NonVoidMethodCallMutator,7448452,7215,0,0,0,0,0,7,125
org.mudebug.prapr.mutators.LocalToFieldAccessMutator_0,7448461,6706,0,0,0,1,1,2,980
org.pitest.mutationtest.engine.gregor.mutators.NonVoidMethodCallMutator,7448465,347,0,0,0,0,0,3640,505
org.mudebug.prapr.mutators.MethCallResultGuard_2,7452107,6725,0,0,0,0,0,0,1369
org.mudebug.prapr.mutators.RelationalOperatorReplacement_0,7452109,1236,1,0,0,0,0,0,520
org.mudebug.prapr.mutators.MethodNameMutator_0,7452111,1049,0,0,0,0,0,5,368
org.mudebug.prapr.mutators.FieldNameMutator_1,7452118,4241,0,0,0,0,0,0,82
org.mudebug.prapr.mutators.FieldNameMutator_1,7452120,1777,0,0,0,0,0,0,642
org.pitest.mutationtest.engine.gregor.mutators.RemoveConditionalMutator_EQUAL_ELSE,7452122,1563,0,0,0,0,0,1,237
org.pitest.mutationtest.engine.gregor.mutators.experimental.RemoveSwitchMutator_93,7452125,3636,0,0,0,0,0,0,1649
org.mudebug.prapr.mutators.FieldToLocalAccessMutator_1,7452127,6684,0,0,1,1,1,1029,704
org.mudebug.prapr.mutators.ReturningDereferenceGuardMutator_0,7453158,6678,0,0,0,0,0,0,606
org.pitest.mutationtest.engine.gregor.mutators.RemoveConditionalMutator_EQUAL_ELSE,7453160,3489,0,0,0,0,0,0,252
org.pitest.mutationtest.engine.gregor.mutators.RemoveConditionalMutator_EQUAL_IF,7453162,3558,0,0,0,1,1,48,123
org.mudebug.prapr.mutators.DereferenceGuardMutator_0,7453212,1053,0,0,0,0,0,0,442
org.mudebug.prapr.mutators.FieldNameMutator_2,7453214,1777,0,0,0,0,0,0,721
org.pitest.mutationtest.engine.gregor.mutators.VoidMethodCallMutator,7453216,7058,0,0,1,1,1,5538,314
org.mudebug.prapr.mutators.ArgumentListMutator_2,7458756,6971,0,0,0,0,0,0,60
org.mudebug.prapr.mutators.MethodNameMutator_1,7458758,1106,0,0,0,0,0,3,1200
org.mudebug.prapr.mutators.MethCallResultGuard_1,7458763,551,0,0,0,0,0,5,212
org.pitest.mutationtest.engine.gregor.mutators.ReturnValsMutator,7458770,5193,0,0,0,1,1,4734,90
org.mudebug.prapr.mutators.ReturningDereferenceGuardMutator_4,7463506,6684,0,0,0,0,0,4,711
org.mudebug.prapr.mutators.ArithmeticOperatorDeletion_0,7463512,5219,0,0,1,1,1,285,181
org.mudebug.prapr.mutators.FieldAccessToMethodCallMutator_0,7463799,1777,0,0,0,0,0,0,689
org.mudebug.prapr.mutators.FieldToLocalAccessMutator_1,7463801,7215,0,0,0,0,0,7,142
org.mudebug.prapr.mutators.VoidMethodCallGuardMutator,7463810,4395,0,0,0,0,0,0,248
org.mudebug.prapr.mutators.ArgumentListMutator_0,7463812,3391,0,1,1,1,1,2319,297
org.pitest.mutationtest.engine.gregor.mutators.NullReturnValsMutator,7466132,554,0,0,1,1,1,5365,272
org.pitest.mutationtest.engine.gregor.mutators.NegateConditionalsMutator,7471499,1562,0,0,0,0,0,112,213
org.mudebug.prapr.mutators.LocalToFieldAccessMutator_2,7471613,1044,0,0,1,1,1,4566,280
org.mudebug.prapr.mutators.ArgumentListMutator_4,7476181,543,0,0,1,1,1,5365,85
org.pitest.mutationtest.engine.gregor.mutators.experimental.RemoveSwitchMutator_66,7481548,3584,0,0,0,0,0,0,901
org.mudebug.prapr.mutators.NonVoidMethodCallGuardMutator_0,7481550,1560,0,0,0,0,0,0,188
org.mudebug.prapr.mutators.NonVoidMethodCallGuardMutator_0,7481552,1129,0,0,0,0,0,0,1604
org.mudebug.prapr.mutators.RelationalOperatorReplacement_1,7481554,247,0,0,0,0,0,0,251
org.mudebug.prapr.mutators.MethodNameMutator_0,7481556,5356,0,0,1,1,1,1316,215
org.mudebug.prapr.mutators.RelationalOperatorReplacement_0,7482874,2459,0,0,1,1,1,5291,56
org.mudebug.prapr.mutators.LocalToFieldAccessMutator_0,7488167,1132,0,0,0,0,0,8,1628
org.pitest.mutationtest.engine.gregor.mutators.RemoveConditionalMutator_EQUAL_IF,7488177,7064,0,0,0,0,0,0,614
org.mudebug.prapr.mutators.MethodNameMutator_2,7488179,3675,0,0,0,0,0,0,2359
org.mudebug.prapr.mutators.FieldNameMutator_0,7488181,5378,0,0,0,0,0,1,1083
org.mudebug.prapr.mutators.RelationalOperatorReplacement_0,7488184,6867,0,0,0,0,0,812,159
org.mudebug.prapr.mutators.LocalToFieldAccessMutator_3,7488998,6743,0,0,1,1,1,2713,1867
org.pitest.mutationtest.engine.gregor.mutators.InlineConstantMutator,7491713,3626,0,0,0,0,0,474,1516
org.pitest.mutationtest.engine.gregor.mutators.NonVoidMethodCallMutator,7492189,3249,0,0,1,1,1,4757,103
org.mudebug.prapr.mutators.ReturningDereferenceGuardMutator_1,7496948,7057,0,0,0,0,0,0,230
org.mudebug.prapr.mutators.ArgumentListMutator_0,7496950,3262,0,0,1,1,1,5296,44
org.mudebug.prapr.mutators.FieldNameMutator_1,7502248,1777,0,0,0,0,0,74,730
org.pitest.mutationtest.engine.gregor.mutators.experimental.RemoveSwitchMutator_31,7502324,5356,0,0,0,0,0,212,117
org.mudebug.prapr.mutators.MethodNameMutator_7,7502538,1234,0,0,1,1,1,5,302
org.pitest.mutationtest.engine.gregor.mutators.experimental.RemoveSwitchMutator_76,7502545,3636,0,0,0,0,0,5,1649
org.mudebug.prapr.mutators.MethodNameMutator_2,7502552,7302,0,0,0,0,0,6,127
org.mudebug.prapr.mutators.LocalToFieldAccessMutator_1,7502560,6753,0,0,1,1,1,5538,1995
org.pitest.mutationtest.engine.gregor.mutators.NonVoidMethodCallMutator,7508100,7233,0,0,0,0,0,14,298
org.pitest.mutationtest.engine.gregor.mutators.NegateConditionalsMutator,7508116,7250,0,0,0,0,0,31,662
org.pitest.mutationtest.engine.gregor.mutators.ReturnValsMutator,7508149,7230,0,0,1,1,1,5538,251
org.mudebug.prapr.mutators.MethodNameMutator_1,7513689,6743,0,0,1,1,1,2924,1866
org.mudebug.prapr.mutators.DereferenceGuardMutator_4,7516615,4415,0,0,0,0,0,0,549
org.mudebug.prapr.mutators.VoidMethodCallGuardMutator,7516617,5356,0,0,0,0,0,5,577
org.pitest.mutationtest.engine.gregor.mutators.NonVoidMethodCallMutator,7516624,247,0,0,1,1,1,4269,239
org.mudebug.prapr.mutators.FieldAccessToMethodCallMutator_4,7520898,6652,0,0,0,0,0,5,389
org.pitest.mutationtest.engine.gregor.mutators.NullReturnValsMutator,7520905,7098,0,0,0,0,0,18,1022
org.pitest.mutationtest.engine.gregor.mutators.NonVoidMethodCallMutator,7520925,5356,0,0,1,1,1,1074,428
org.mudebug.prapr.mutators.MethCallResultGuard_1,7522001,7059,0,0,0,0,0,0,549
org.pitest.mutationtest.engine.gregor.mutators.ReturnValsMutator,7527069,6714,0,0,0,0,0,61,1164
org.mudebug.prapr.mutators.ReturningDereferenceGuardMutator_4,7527132,6651,0,0,0,0,0,0,375
org.mudebug.prapr.mutators.ArgumentListMutator_5,7527134,7215,0,0,0,0,0,0,128
org.mudebug.prapr.mutators.FieldAccessToMethodCallMutator_0,7527136,4632,0,0,0,0,0,0,118
org.mudebug.prapr.mutators.ReturningDereferenceGuardMutator_2,7527138,6652,0,0,0,0,0,0,389
org.mudebug.prapr.mutators.DereferenceGuardMutator_3,7527140,1119,0,0,0,0,0,0,1434
org.pitest.mutationtest.engine.gregor.mutators.ReturnValsMutator,7527142,347,0,0,1,1,1,4299,551
org.mudebug.prapr.mutators.ArgumentListMutator_1,7531443,3675,0,0,0,0,0,0,2354
org.mudebug.prapr.mutators.RelationalOperatorReplacement_0,7531445,244,0,0,0,0,0,0,176
org.mudebug.prapr.mutators.ArgumentListMutator_4,7531447,1043,0,0,1,1,1,2889,270
org.mudebug.prapr.mutators.ArgumentListMutator_2,7534338,1234,0,0,1,1,1,3,310
org.pitest.mutationtest.engine.gregor.mutators.RemoveConditionalMutator_EQUAL_IF,7534343,7302,0,0,0,0,0,1999,98
org.pitest.mutationtest.engine.gregor.mutators.RemoveConditionalMutator_EQUAL_IF,7536344,6388,0,0,1,1,1,18,265
org.pitest.mutationtest.engine.gregor.mutators.ReturnValsMutator,7536364,6846,0,0,0,0,0,131,68
org.mudebug.prapr.mutators.ArithmeticOperatorReplacement_3,7536497,6713,0,0,1,1,1,5376,1152
org.mudebug.prapr.mutators.ArithmeticOperatorReplacement_2,7541875,6713,0,0,0,1,1,105,1152
org.mudebug.prapr.mutators.RelationalOperatorReplacement_0,7541982,7200,0,0,0,0,0,1664,95
org.mudebug.prapr.mutators.ArgumentListMutator_5,7543655,1313,0,0,0,0,0,0,84
org.pitest.mutationtest.engine.gregor.mutators.NonVoidMethodCallMutator,7543657,1038,0,0,1,1,1,5303,1599
org.pitest.mutationtest.engine.gregor.mutators.experimental.RemoveSwitchMutator_30,7548962,6649,0,0,0,0,0,0,175
org.pitest.mutationtest.engine.gregor.mutators.NonVoidMethodCallMutator,7548964,550,0,0,0,0,0,1399,193
org.mudebug.prapr.mutators.LocalNameMutator_0,7550365,7198,0,0,0,0,0,553,67
org.mudebug.prapr.mutators.MethodNameMutator_2,7550920,551,0,0,0,0,0,41,215
org.mudebug.prapr.mutators.RelationalOperatorReplacement_0,7550963,5358,0,0,0,1,1,33,759
org.pitest.mutationtest.engine.gregor.mutators.InlineConstantMutator,7550998,7058,0,0,0,0,0,21,494
org.pitest.mutationtest.engine.gregor.mutators.experimental.MemberVariableMutator,7551021,7618,0,0,0,0,0,50,96
org.pitest.mutationtest.engine.gregor.mutators.experimental.RemoveSwitchMutator_95,7551073,495,0,0,0,0,0,13,119
org.pitest.mutationtest.engine.gregor.mutators.RemoveConditionalMutator_EQUAL_IF,7551088,3675,0,0,0,0,0,22,2359
org.mudebug.prapr.mutators.LocalNameMutator_0,7551112,7058,0,0,0,0,0,17,367
org.mudebug.prapr.mutators.FieldNameMutator_1,7551131,7058,0,0,1,1,1,5538,250
org.mudebug.prapr.mutators.ArithmeticOperatorReplacement_3,7556671,6714,0,0,0,1,1,133,1164
org.mudebug.prapr.mutators.FieldAccessToMethodCallMutator_2,7556806,6684,0,0,0,0,0,108,711
org.mudebug.prapr.mutators.RelationalOperatorReplacement_1,7556916,7302,0,0,0,0,0,1979,117
org.mudebug.prapr.mutators.MethodNameMutator_9,7558897,1562,0,0,0,0,0,0,213
org.pitest.mutationtest.engine.gregor.mutators.InlineConstantMutator,7558899,1560,0,0,1,1,1,2715,188
org.mudebug.prapr.mutators.FieldNameMutator_2,7561616,6684,0,0,0,0,0,575,704
org.mudebug.prapr.mutators.LocalToFieldAccessMutator_1,7562193,6684,0,0,0,0,0,112,711
org.mudebug.prapr.mutators.ArgumentListMutator_4,7562307,7059,0,0,0,0,0,53,564
org.mudebug.prapr.mutators.LocalToFieldAccessMutator_1,7562362,6728,0,0,0,1,1,4,1413
org.mudebug.prapr.mutators.MethCallResultGuard_2,7562368,7183,0,0,0,0,0,0,103
org.mudebug.prapr.mutators.DereferenceGuardMutator_3,7562370,6696,0,0,0,0,0,0,837
org.mudebug.prapr.mutators.NonVoidMethodCallGuardMutator_0,7562372,7058,0,0,0,0,0,0,494
org.pitest.mutationtest.engine.gregor.mutators.NonVoidMethodCallMutator,7562374,3558,0,0,0,0,0,1,128
org.mudebug.prapr.mutators.RelationalOperatorReplacement_2,7562377,5356,0,0,0,0,0,0,505
org.mudebug.prapr.mutators.FieldAccessToMethodCallMutator_0,7562382,6684,0,0,1,1,1,1026,714
org.mudebug.prapr.mutators.VoidMethodCallGuardMutator,7563410,7058,0,0,0,0,0,0,244
org.mudebug.prapr.mutators.ArgumentListMutator_2,7563412,7059,0,0,1,1,1,5538,556
org.mudebug.prapr.mutators.ReturningDereferenceGuardMutator_0,7568952,6684,0,0,0,0,0,0,703
org.pitest.mutationtest.engine.gregor.mutators.RemoveConditionalMutator_EQUAL_ELSE,7568954,7247,0,0,0,0,0,138,597
org.mudebug.prapr.mutators.MethCallResultGuard_0,7569094,5356,0,0,0,1,1,229,83
org.pitest.mutationtest.engine.gregor.mutators.ReturnValsMutator,7569325,1052,0,0,1,1,1,4574,416
org.mudebug.prapr.mutators.FieldAccessToMethodCallMutator_2,7573901,1777,0,0,0,0,0,0,710
org.mudebug.prapr.mutators.RelationalOperatorReplacement_1,7573903,7557,0,0,0,0,0,0,76
org.mudebug.prapr.mutators.LocalToFieldAccessMutator_0,7578971,4410,0,0,0,0,0,167,449
org.pitest.mutationtest.engine.gregor.mutators.InlineConstantMutator,7579140,5356,0,0,0,0,0,1,358
org.mudebug.prapr.mutators.FieldNameMutator_0,7579143,1777,0,0,0,0,0,0,632
org.mudebug.prapr.mutators.ArithmeticOperatorDeletion_0,7579145,6710,0,0,0,0,0,8,1071
org.mudebug.prapr.mutators.MethCallResultGuard_0,7579155,7058,0,0,0,0,0,0,269
org.mudebug.prapr.mutators.ArgumentListMutator_0,7579157,5356,0,0,1,1,1,251,512
org.mudebug.prapr.mutators.LocalToFieldAccessMutator_2,7579410,6678,0,0,1,1,1,5985,607
org.mudebug.prapr.mutators.MethodNameMutator_2,7585397,6706,0,0,1,1,1,50,932
org.pitest.mutationtest.engine.gregor.mutators.BooleanFalseReturnValsMutator,7585449,7501,0,0,0,0,0,198,425
org.mudebug.prapr.mutators.ArgumentListMutator_2,7585649,7556,0,0,1,1,1,5226,70
org.mudebug.prapr.mutators.ArgumentListMutator_1,7590877,7058,0,0,0,0,0,5,412
org.mudebug.prapr.mutators.ReturningDereferenceGuardMutator_3,7590884,6706,0,0,0,0,0,0,929
org.mudebug.prapr.mutators.DereferenceGuardMutator_3,7590886,3417,0,0,0,0,0,0,100
org.mudebug.prapr.mutators.LocalToFieldAccessMutator_4,7590888,6711,0,0,0,0,0,11,1133
org.mudebug.prapr.mutators.MethodNameMutator_1,7590901,7200,0,0,0,0,0,88,107
org.mudebug.prapr.mutators.LocalNameMutator_0,7590991,5356,0,0,0,0,0,1,431
org.mudebug.prapr.mutators.LocalNameMutator_1,7590994,7058,0,0,0,0,0,0,337
org.mudebug.prapr.mutators.MethodNameMutator_6,7591000,6743,0,0,0,1,1,2905,1868
org.mudebug.prapr.mutators.MethodNameMutator_7,7593907,333,0,0,0,0,0,4,364
org.mudebug.prapr.mutators.LocalToFieldAccessMutator_0,7593913,6750,0,0,1,1,1,5373,1968
org.mudebug.prapr.mutators.ReturningDereferenceGuardMutator_3,7599288,6683,0,0,0,0,0,5,686
org.pitest.mutationtest.engine.gregor.mutators.NonVoidMethodCallMutator,7599295,1245,0,0,0,1,1,15,802
org.mudebug.prapr.mutators.ArgumentListMutator_2,7599312,7215,0,0,0,0,0,0,130
org.mudebug.prapr.mutators.FieldNameMutator_1,7599314,6678,0,0,1,1,1,4588,611
org.pitest.mutationtest.engine.gregor.mutators.experimental.MemberVariableMutator,7603904,7258,0,0,0,0,0,8,816
org.pitest.mutationtest.engine.gregor.mutators.NonVoidMethodCallMutator,7603914,1231,0,0,0,0,0,4,72
org.mudebug.prapr.mutators.FieldAccessToMethodCallMutator_3,7603920,1094,0,0,0,0,0,388,933
org.mudebug.prapr.mutators.ReturningDereferenceGuardMutator_0,7604310,6689,0,0,0,0,0,0,781
org.pitest.mutationtest.engine.gregor.mutators.NegateConditionalsMutator,7604312,5365,0,0,1,1,1,1606,837
org.mudebug.prapr.mutators.DereferenceGuardMutator_1,7605920,6672,0,0,0,0,0,0,552
org.pitest.mutationtest.engine.gregor.mutators.NonVoidMethodCallMutator,7605922,5356,0,0,0,0,0,0,496
org.pitest.mutationtest.engine.gregor.mutators.RemoveConditionalMutator_ORDER_IF,7605924,5219,0,0,1,1,1,2706,181
org.mudebug.prapr.mutators.MethCallResultGuard_1,7608632,348,0,0,0,0,0,0,558
org.pitest.mutationtest.engine.gregor.mutators.VoidMethodCallMutator,7608634,7058,0,0,1,1,1,5538,250
org.mudebug.prapr.mutators.FieldNameMutator_3,7614174,7058,0,0,0,0,0,2257,395
org.mudebug.prapr.mutators.MethodNameMutator_0,7616433,242,0,0,0,0,0,2,157
org.mudebug.prapr.mutators.LocalNameMutator_0,7616437,3387,0,0,0,1,1,153,59
org.mudebug.prapr.mutators.ReturningDereferenceGuardMutator_0,7616592,1101,0,0,0,0,0,0,1020
org.mudebug.prapr.mutators.DereferenceGuardMutator_0,7616594,370,0,0,0,0,0,5,814
org.mudebug.prapr.mutators.ReturningDereferenceGuardMutator_1,7616601,1129,0,0,0,0,0,0,1604
org.mudebug.prapr.mutators.ArgumentListMutator_5,7616606,6678,0,0,0,0,0,5,602
org.mudebug.prapr.mutators.LocalToFieldAccessMutator_2,7616613,6683,0,0,0,0,0,85,686
org.pitest.mutationtest.engine.gregor.mutators.InlineConstantMutator,7616700,4666,0,0,0,0,0,0,63
org.mudebug.prapr.mutators.MethodNameMutator_0,7616702,7086,0,0,0,0,0,18,892
org.pitest.mutationtest.engine.gregor.mutators.NullReturnValsMutator,7616722,7112,0,0,0,0,0,28,1216
org.mudebug.prapr.mutators.ReturningDereferenceGuardMutator_1,7616752,6678,0,0,0,0,0,0,602
org.pitest.mutationtest.engine.gregor.mutators.InlineConstantMutator,7616754,1563,0,0,0,0,0,1,251
org.pitest.mutationtest.engine.gregor.mutators.NullReturnValsMutator,7616757,495,0,0,1,1,1,4299,229
org.pitest.mutationtest.engine.gregor.mutators.RemoveConditionalMutator_EQUAL_IF,7621058,1049,0,0,0,1,1,4572,366
org.pitest.mutationtest.engine.gregor.mutators.experimental.RemoveSwitchMutator_39,7625632,6415,0,0,1,1,1,666,273
org.mudebug.prapr.mutators.FieldAccessToMethodCallMutator_1,7626300,4159,0,0,1,1,1,4578,103
org.mudebug.prapr.mutators.NonVoidMethodCallGuardMutator_0,7630880,6974,0,0,0,0,0,0,76
org.mudebug.prapr.mutators.ReturningDereferenceGuardMutator_2,7630882,4667,0,0,0,0,0,0,69
org.pitest.mutationtest.engine.gregor.mutators.InlineConstantMutator,7630884,7784,0,0,0,0,0,0,355
org.mudebug.prapr.mutators.ReturningDereferenceGuardMutator_1,7630886,558,0,0,0,0,0,0,1194
org.mudebug.prapr.mutators.FieldNameMutator_5,7630888,1777,0,0,0,0,0,0,738
org.mudebug.prapr.mutators.MethodNameMutator_0,7630890,1042,0,0,0,0,0,77,248
org.mudebug.prapr.mutators.ReturningDereferenceGuardMutator_1,7630969,1053,0,0,0,0,0,0,431
org.mudebug.prapr.mutators.LocalToFieldAccessMutator_0,7630971,6706,0,0,1,1,1,49,1030
org.mudebug.prapr.mutators.MethCallResultGuard_2,7631022,4679,0,0,0,0,0,0,115
org.pitest.mutationtest.engine.gregor.mutators.InlineConstantMutator,7631024,5356,0,0,1,1,1,1074,425
org.mudebug.prapr.mutators.ArgumentListMutator_0,7632100,4392,0,0,0,0,0,0,59
org.mudebug.prapr.mutators.FieldNameMutator_2,7632102,6651,0,0,1,1,1,2287,384
org.pitest.mutationtest.engine.gregor.mutators.EmptyObjectReturnValsMutator,7634391,6415,0,0,0,1,1,18,400
org.mudebug.prapr.mutators.FieldNameMutator_2,7634411,7063,0,0,0,0,0,8,609
org.mudebug.prapr.mutators.LocalNameMutator_1,7634421,7058,0,0,0,0,0,0,458
org.mudebug.prapr.mutators.ArgumentListMutator_0,7634423,3675,0,0,0,0,0,0,2354
org.mudebug.prapr.mutators.ArgumentListMutator_4,7634427,6706,0,0,0,1,1,8,967
org.mudebug.prapr.mutators.MethodNameMutator_2,7634441,1833,0,0,0,0,0,0,72
org.mudebug.prapr.mutators.MethodNameMutator_2,7634443,1245,0,0,0,0,0,10,719
org.mudebug.prapr.mutators.MethodNameMutator_0,7634455,7233,0,0,0,0,0,0,291
org.mudebug.prapr.mutators.NonVoidMethodCallGuardMutator_0,7634457,495,0,0,0,0,0,0,237
org.mudebug.prapr.mutators.RelationalOperatorReplacement_0,7634459,7501,0,0,0,0,0,1847,424
org.mudebug.prapr.mutators.RelationalOperatorReplacement_1,7636308,241,0,0,1,1,1,5190,142
org.mudebug.prapr.mutators.LocalToFieldAccessMutator_4,7641500,6706,0,0,1,1,1,22,973
org.mudebug.prapr.mutators.FieldNameMutator_2,7641524,1106,0,0,1,1,1,2974,1172
org.mudebug.prapr.mutators.DereferenceGuardMutator_4,7644500,6743,0,0,0,0,0,5,1871
org.mudebug.prapr.mutators.ArgumentListMutator_5,7644507,3711,0,0,0,0,0,1,72
org.mudebug.prapr.mutators.FieldAccessToMethodCallMutator_2,7644510,6652,0,0,1,1,1,3747,401
org.pitest.mutationtest.engine.gregor.mutators.experimental.MemberVariableMutator,7648259,1777,0,0,0,0,0,0,724
org.mudebug.prapr.mutators.FieldNameMutator_3,7648261,1777,0,0,0,0,0,0,693
org.pitest.mutationtest.engine.gregor.mutators.experimental.MemberVariableMutator,7648263,1777,0,0,0,0,0,0,668
org.mudebug.prapr.mutators.ArgumentListMutator_2,7648265,4411,0,0,0,0,0,23,500
org.mudebug.prapr.mutators.DereferenceGuardMutator_3,7648290,6977,0,0,0,0,0,0,97
org.pitest.mutationtest.engine.gregor.mutators.experimental.RemoveSwitchMutator_98,7648292,3584,0,0,0,0,0,109,901
org.mudebug.prapr.mutators.MethCallResultGuard_1,7648403,6726,0,0,0,0,0,1326,1383
org.mudebug.prapr.mutators.MethCallResultGuard_0,7649731,1053,0,0,0,0,0,0,432
org.mudebug.prapr.mutators.LocalToFieldAccessMutator_0,7649733,6678,0,0,1,1,1,4775,604
org.pitest.mutationtest.engine.gregor.mutators.RemoveConditionalMutator_EQUAL_ELSE,7654510,5214,0,0,0,0,0,33,112
org.mudebug.prapr.mutators.RelationalOperatorReplacement_2,7654548,6931,0,0,1,1,1,5538,856
org.mudebug.prapr.mutators.DereferenceGuardMutator_3,7660088,7556,0,0,0,0,0,0,70
org.mudebug.prapr.mutators.ArgumentListMutator_4,7660090,7098,0,0,1,1,1,5538,1022
org.mudebug.prapr.mutators.ArgumentListMutator_0,7665630,1038,0,0,1,1,1,5303,1599
org.pitest.mutationtest.engine.gregor.mutators.experimental.RemoveSwitchMutator_18,7670935,6415,0,0,0,0,0,0,273
org.pitest.mutationtest.engine.gregor.mutators.InlineConstantMutator,7670937,5356,0,0,1,1,1,1314,215
org.pitest.mutationtest.engine.gregor.mutators.VoidMethodCallMutator,7672253,1560,0,0,0,1,1,230,196
org.mudebug.prapr.mutators.RelationalOperatorReplacement_2,7672485,1050,0,0,0,1,1,142,381
org.mudebug.prapr.mutators.LocalNameMutator_0,7672629,7058,0,0,1,1,1,5538,519
org.mudebug.prapr.mutators.MethodNameMutator_1,7678169,1106,0,0,1,1,1,164,1083
org.mudebug.prapr.mutators.FieldNameMutator_0,7678335,1106,0,0,1,1,1,2980,1097
org.pitest.mutationtest.engine.gregor.mutators.experimental.RemoveSwitchMutator_99,7681317,3584,0,0,0,0,0,11,901
org.pitest.mutationtest.engine.gregor.mutators.NegateConditionalsMutator,7681330,6674,0,0,1,1,1,1388,560
org.pitest.mutationtest.engine.gregor.mutators.RemoveConditionalMutator_EQUAL_IF,7682720,5213,0,0,0,0,0,4,91
org.pitest.mutationtest.engine.gregor.mutators.VoidMethodCallMutator,7687792,343,0,0,1,1,1,4642,464
org.pitest.mutationtest.engine.gregor.mutators.NegateConditionalsMutator,7692436,5359,0,0,1,1,1,225,777
org.mudebug.prapr.mutators.ArithmeticOperatorReplacement_1,7692663,6713,0,0,0,1,1,112,1152
org.pitest.mutationtest.engine.gregor.mutators.ArgumentPropagationMutator,7692779,1046,0,0,1,1,1,4574,328
org.mudebug.prapr.mutators.MethodNameMutator_0,7697355,4261,0,0,0,0,0,20,471
org.mudebug.prapr.mutators.MethCallResultGuard_2,7697377,6725,0,0,0,0,0,0,1369
org.mudebug.prapr.mutators.FieldNameMutator_2,7697379,7058,0,0,0,0,0,2324,405
org.pitest.mutationtest.engine.gregor.mutators.NullReturnValsMutator,7699705,1106,0,0,0,1,1,2909,1204
org.mudebug.prapr.mutators.ArgumentListMutator_1,7702616,6706,0,0,0,1,1,2,978
org.mudebug.prapr.mutators.FieldAccessToMethodCallMutator_4,7702620,6651,0,0,1,1,1,4611,381
org.pitest.mutationtest.engine.gregor.mutators.VoidMethodCallMutator,7707233,5356,0,0,0,0,0,82,577
org.pitest.mutationtest.engine.gregor.mutators.NegateConditionalsMutator,7707317,705,0,0,0,0,0,8,68
org.mudebug.prapr.mutators.ReturningDereferenceGuardMutator_3,7707327,6689,0,0,0,0,0,0,778
org.mudebug.prapr.mutators.MethCallResultGuard_1,7707329,4410,0,0,0,0,0,0,441
org.mudebug.prapr.mutators.LocalToFieldAccessMutator_0,7707337,1042,0,0,0,0,0,0,248
org.pitest.mutationtest.engine.gregor.mutators.NegateConditionalsMutator,7707339,6732,0,0,0,0,0,5,1624
org.pitest.mutationtest.engine.gregor.mutators.experimental.MemberVariableMutator,7707346,1777,0,0,0,0,0,0,702
org.mudebug.prapr.mutators.MethCallResultGuard_2,7707348,1245,0,0,0,0,0,0,714
org.mudebug.prapr.mutators.FieldNameMutator_0,7707350,1777,0,0,0,0,0,0,716
org.mudebug.prapr.mutators.ReturningDereferenceGuardMutator_0,7707352,6684,0,0,0,0,0,4,705
org.mudebug.prapr.mutators.ReturningDereferenceGuardMutator_4,7707358,1106,0,0,0,0,0,0,1185
org.mudebug.prapr.mutators.LocalToFieldAccessMutator_2,7707360,6169,0,0,0,0,0,5,500
org.pitest.mutationtest.engine.gregor.mutators.experimental.RemoveSwitchMutator_44,7707367,3636,0,0,0,0,0,0,1649
org.pitest.mutationtest.engine.gregor.mutators.experimental.MemberVariableMutator,7707369,6168,0,0,0,0,0,122,482
org.mudebug.prapr.mutators.ReturningDereferenceGuardMutator_0,7707493,3417,0,0,0,0,0,0,105
org.mudebug.prapr.mutators.FieldNameMutator_0,7707495,1106,0,0,0,0,0,0,1074
org.pitest.mutationtest.engine.gregor.mutators.RemoveConditionalMutator_EQUAL_ELSE,7707497,7382,0,0,0,0,0,1847,442
org.mudebug.prapr.mutators.NonVoidMethodCallGuardMutator_0,7709346,1106,0,0,0,0,0,5,1099
org.mudebug.prapr.mutators.MethodNameMutator_3,7709353,244,0,0,1,1,1,2712,176
org.pitest.mutationtest.engine.gregor.mutators.ReturnValsMutator,7712067,495,0,0,1,1,1,3741,268
org.mudebug.prapr.mutators.MethCallResultGuard_0,7715810,495,0,0,0,0,0,2,216
org.mudebug.prapr.mutators.RelationalOperatorReplacement_0,7715814,6711,0,0,0,0,0,13,1130
org.mudebug.prapr.mutators.ReturningDereferenceGuardMutator_3,7715829,7365,0,0,0,0,0,0,232
org.mudebug.prapr.mutators.FieldNameMutator_0,7715831,1777,0,0,0,0,0,0,656
org.mudebug.prapr.mutators.FieldToLocalAccessMutator_2,7715833,6684,0,0,1,1,1,740,706
org.mudebug.prapr.mutators.FieldNameMutator_3,7716575,7058,0,0,1,1,1,5538,241
org.mudebug.prapr.mutators.FieldNameMutator_0,7722115,7617,0,0,1,1,1,5538,90
org.mudebug.prapr.mutators.ArgumentListMutator_2,7727655,5192,0,0,1,1,1,5173,52
org.mudebug.prapr.mutators.FieldNameMutator_1,7732830,1777,0,0,0,0,0,52,645
org.mudebug.prapr.mutators.MethodNameMutator_4,7732884,1135,0,0,0,0,0,5,1644
org.mudebug.prapr.mutators.VoidMethodCallGuardMutator,7732891,5356,0,0,0,0,0,0,511
org.mudebug.prapr.mutators.NonVoidMethodCallGuardMutator_0,7732893,370,0,0,0,0,0,0,816
org.pitest.mutationtest.engine.gregor.mutators.NonVoidMethodCallMutator,7732895,4667,0,0,0,0,0,5,70
org.mudebug.prapr.mutators.MethodNameMutator_0,7732902,547,0,0,1,1,1,746,159
org.mudebug.prapr.mutators.RelationalOperatorReplacement_3,7733650,1234,0,0,0,0,0,0,277
org.mudebug.prapr.mutators.NonVoidMethodCallGuardMutator_0,7733652,1234,0,0,0,0,0,0,277
org.mudebug.prapr.mutators.NonVoidMethodCallGuardMutator_0,7733654,6977,0,0,0,0,0,0,97
org.mudebug.prapr.mutators.ReturningDereferenceGuardMutator_1,7733656,4261,0,0,0,0,0,0,471
org.mudebug.prapr.mutators.FieldAccessToMethodCallMutator_0,7733658,1106,0,0,1,1,1,2974,1199
org.mudebug.prapr.mutators.NonVoidMethodCallGuardMutator_0,7736634,5358,0,0,0,0,0,0,742
org.pitest.mutationtest.engine.gregor.mutators.RemoveConditionalMutator_EQUAL_ELSE,7736636,7379,0,0,1,1,1,5538,390
org.mudebug.prapr.mutators.LocalToFieldAccessMutator_1,7742179,6751,0,0,1,1,1,5540,1977
org.pitest.mutationtest.engine.gregor.mutators.InlineConstantMutator,7747721,5358,0,0,0,0,0,3,754
org.mudebug.prapr.mutators.ReturningDereferenceGuardMutator_2,7747726,3390,0,0,0,0,0,0,98
org.mudebug.prapr.mutators.ArgumentListMutator_1,7747728,6706,0,0,0,1,1,9,932
org.mudebug.prapr.mutators.FieldAccessToMethodCallMutator_4,7747739,1777,0,0,0,0,0,0,693
org.mudebug.prapr.mutators.NonVoidMethodCallGuardMutator_0,7747741,6388,0,0,0,0,0,0,265
org.mudebug.prapr.mutators.DereferenceGuardMutator_4,7747743,1131,0,0,0,0,0,5,1619
org.mudebug.prapr.mutators.MethCallResultGuard_2,7747750,545,0,0,1,1,1,3771,131
org.pitest.mutationtest.engine.gregor.mutators.BooleanTrueReturnValsMutator,7751523,7381,0,0,0,0,0,1719,405
org.pitest.mutationtest.engine.gregor.mutators.RemoveConditionalMutator_EQUAL_IF,7753244,245,0,0,1,1,1,4240,198
org.mudebug.prapr.mutators.FieldAccessToMethodCallMutator_4,7757486,1777,0,0,0,0,0,0,708
org.mudebug.prapr.mutators.LocalToFieldAccessMutator_0,7757488,6747,0,0,0,0,0,2411,1923
org.mudebug.prapr.mutators.LocalNameMutator_1,7759901,5356,0,0,0,1,1,101,435
org.pitest.mutationtest.engine.gregor.mutators.ConditionalsBoundaryMutator,7760004,931,0,0,0,0,0,2,633
org.pitest.mutationtest.engine.gregor.mutators.InlineConstantMutator,7760008,7058,0,0,1,1,1,5538,453
org.mudebug.prapr.mutators.LocalToFieldAccessMutator_1,7765548,6711,0,0,0,1,1,2701,1133
org.mudebug.prapr.mutators.DereferenceGuardMutator_0,7768251,1086,0,0,0,0,0,0,871
org.mudebug.prapr.mutators.MethodNameMutator_0,7768253,7303,0,0,0,0,0,1982,167
org.mudebug.prapr.mutators.ArgumentListMutator_4,7770237,6706,0,0,0,1,1,2,1025
org.mudebug.prapr.mutators.ReturningDereferenceGuardMutator_4,7770241,5213,0,0,0,0,0,0,89
org.mudebug.prapr.mutators.LocalNameMutator_1,7770243,6728,0,0,1,1,1,2809,1419
org.mudebug.prapr.mutators.ArgumentListMutator_5,7773054,5358,0,0,0,0,0,32,762
org.pitest.mutationtest.engine.gregor.mutators.experimental.MemberVariableMutator,7773088,1777,0,0,0,0,0,77,735
org.mudebug.prapr.mutators.FieldNameMutator_1,7773167,6728,0,0,1,1,1,2560,1420
org.pitest.mutationtest.engine.gregor.mutators.NonVoidMethodCallMutator,7775729,2306,0,0,1,1,1,5291,32
org.pitest.mutationtest.engine.gregor.mutators.experimental.RemoveSwitchMutator_53,7781022,555,0,0,0,0,0,18,872
org.mudebug.prapr.mutators.LocalNameMutator_0,7781042,6976,0,0,0,0,0,2,91
org.pitest.mutationtest.engine.gregor.mutators.NullReturnValsMutator,7781046,1087,0,0,1,1,1,4452,878
org.mudebug.prapr.mutators.LocalNameMutator_0,7785500,6687,0,0,1,1,1,5359,759
org.mudebug.prapr.mutators.RelationalOperatorReplacement_3,7790861,7382,0,0,0,0,0,1852,442
org.pitest.mutationtest.engine.gregor.mutators.VoidMethodCallMutator,7792715,7058,0,0,0,0,0,2250,345
org.mudebug.prapr.mutators.FieldToLocalAccessMutator_0,7794967,503,0,0,0,0,0,39,65
org.pitest.mutationtest.engine.gregor.mutators.experimental.MemberVariableMutator,7795008,1777,0,0,0,0,0,0,661
org.pitest.mutationtest.engine.gregor.mutators.EmptyObjectReturnValsMutator,7795010,6725,0,0,0,1,1,2797,1375
org.mudebug.prapr.mutators.ArgumentListMutator_1,7797809,3240,0,0,0,0,0,1285,38
org.pitest.mutationtest.engine.gregor.mutators.RemoveConditionalMutator_EQUAL_ELSE,7799096,1049,0,0,0,0,0,0,368
org.mudebug.prapr.mutators.FieldToLocalAccessMutator_0,7799098,6652,0,0,1,1,1,5084,391
org.mudebug.prapr.mutators.LocalNameMutator_0,7804184,1246,0,0,1,1,1,22,820
org.mudebug.prapr.mutators.MethCallResultGuard_0,7804208,359,0,0,0,0,0,0,674
org.mudebug.prapr.mutators.ArithmeticOperatorDeletion_0,7804210,4720,0,0,0,0,0,1,42
org.mudebug.prapr.mutators.LocalToFieldAccessMutator_0,7804213,6728,0,0,1,1,1,2820,1418
org.mudebug.prapr.mutators.MethodNameMutator_0,7807035,7205,0,0,0,0,0,9,141
org.mudebug.prapr.mutators.LocalToFieldAccessMutator_0,7807046,7241,0,0,0,0,0,7,432
org.mudebug.prapr.mutators.MethCallResultGuard_2,7807055,546,0,0,0,0,0,9,148
org.mudebug.prapr.mutators.MethCallResultGuard_1,7807066,7064,0,0,0,0,0,0,618
org.pitest.mutationtest.engine.gregor.mutators.NonVoidMethodCallMutator,7807068,334,0,0,0,0,0,21,382
org.mudebug.prapr.mutators.ReturningDereferenceGuardMutator_0,7807091,1311,0,0,0,0,0,0,63
org.pitest.mutationtest.engine.gregor.mutators.RemoveConditionalMutator_EQUAL_ELSE,7807093,5357,0,0,0,0,0,2,703
org.mudebug.prapr.mutators.FieldAccessToMethodCallMutator_2,7807097,7505,0,0,1,1,1,5538,467
org.pitest.mutationtest.engine.gregor.mutators.ArgumentPropagationMutator,7812639,6976,0,0,0,0,0,62,91
org.pitest.mutationtest.engine.gregor.mutators.RemoveConditionalMutator_EQUAL_ELSE,7812703,7233,0,0,0,0,0,19,299
org.mudebug.prapr.mutators.ArgumentListMutator_5,7812724,1038,0,0,1,1,1,5303,137
org.pitest.mutationtest.engine.gregor.mutators.NonVoidMethodCallMutator,7818032,495,0,0,1,1,1,4330,172
org.mudebug.prapr.mutators.DereferenceGuardMutator_3,7822364,6977,0,0,0,0,0,0,96
org.mudebug.prapr.mutators.LocalToFieldAccessMutator_3,7822366,6684,0,0,0,0,0,587,714
org.pitest.mutationtest.engine.gregor.mutators.experimental.RemoveSwitchMutator_17,7822955,6415,0,0,0,0,0,0,273
org.mudebug.prapr.mutators.RelationalOperatorReplacement_2,7822957,1049,0,0,0,1,1,4572,366
org.mudebug.prapr.mutators.FieldToLocalAccessMutator_0,7827531,1046,0,0,0,0,0,12,313
org.pitest.mutationtest.engine.gregor.mutators.RemoveConditionalMutator_EQUAL_ELSE,7827545,5356,0,0,0,0,0,87,504
org.pitest.mutationtest.engine.gregor.mutators.RemoveConditionalMutator_EQUAL_ELSE,7827634,6688,0,0,0,1,1,8,764
org.pitest.mutationtest.engine.gregor.mutators.NonVoidMethodCallMutator,7827644,5213,0,0,0,0,0,25,91
org.mudebug.prapr.mutators.MethodNameMutator_6,7827671,1231,0,0,1,1,1,62,72
org.mudebug.prapr.mutators.MethCallResultGuard_2,7827735,7058,0,0,0,0,0,0,284
org.pitest.mutationtest.engine.gregor.mutators.experimental.RemoveSwitchMutator_65,7827737,3584,0,0,0,0,0,0,901
org.mudebug.prapr.mutators.RelationalOperatorReplacement_1,7827739,1563,0,0,0,0,0,5,237
org.pitest.mutationtest.engine.gregor.mutators.NegateConditionalsMutator,7827746,3626,0,0,0,0,0,482,1516
org.mudebug.prapr.mutators.ReturningDereferenceGuardMutator_3,7828230,3416,0,0,0,0,0,0,77
org.mudebug.prapr.mutators.FieldToLocalAccessMutator_0,7833298,5378,0,0,0,0,0,59,1083
org.mudebug.prapr.mutators.NonVoidMethodCallGuardMutator_0,7833359,7503,0,0,0,0,0,0,446
org.mudebug.prapr.mutators.MethCallResultGuard_2,7833361,7109,0,0,0,0,0,0,1174
org.mudebug.prapr.mutators.LocalNameMutator_2,7833363,7058,0,0,0,0,0,2250,354
org.mudebug.prapr.mutators.MethCallResultGuard_1,7835615,3710,0,0,0,0,0,5,66
org.pitest.mutationtest.engine.gregor.mutators.VoidMethodCallMutator,7835622,551,0,0,0,0,0,14,215
org.pitest.mutationtest.engine.gregor.mutators.ConstructorCallMutator,7835638,7058,0,0,1,1,1,5538,243
org.pitest.mutationtest.engine.gregor.mutators.VoidMethodCallMutator,7841178,5356,0,0,0,0,0,0,88
org.pitest.mutationtest.engine.gregor.mutators.NonVoidMethodCallMutator,7841180,7263,0,0,0,0,0,18,853
org.mudebug.prapr.mutators.FieldNameMutator_2,7841200,1777,0,0,0,0,0,0,706
org.mudebug.prapr.mutators.LocalToFieldAccessMutator_0,7841202,7061,0,0,0,0,0,1944,573
org.mudebug.prapr.mutators.LocalToFieldAccessMutator_0,7843148,7090,0,0,1,1,1,5538,931
org.pitest.mutationtest.engine.gregor.mutators.RemoveConditionalMutator_EQUAL_ELSE,7848688,7302,0,0,0,0,0,14,127
org.mudebug.prapr.mutators.VoidMethodCallGuardMutator,7848704,7058,0,0,0,0,0,0,327
org.pitest.mutationtest.engine.gregor.mutators.ReturnValsMutator,7848706,4680,0,0,0,0,0,1711,120
org.mudebug.prapr.mutators.RelationalOperatorReplacement_3,7850419,7302,0,0,0,0,0,1979,110
org.mudebug.prapr.mutators.LocalNameMutator_2,7852400,7058,0,0,0,0,0,10,435
org.mudebug.prapr.mutators.FieldNameMutator_3,7852412,1777,0,0,0,0,0,0,689
org.mudebug.prapr.mutators.LocalToFieldAccessMutator_1,7852414,6706,0,0,1,1,1,27,975
org.pitest.mutationtest.engine.gregor.mutators.experimental.RemoveSwitchMutator_64,7852443,3584,0,0,0,0,0,0,901
org.mudebug.prapr.mutators.MethodNameMutator_3,7852445,6867,0,0,0,0,0,26,159
org.pitest.mutationtest.engine.gregor.mutators.NullReturnValsMutator,7852476,1246,0,0,0,0,0,3,826
org.mudebug.prapr.mutators.DereferenceGuardMutator_0,7852481,1109,0,0,0,0,0,0,1223
org.mudebug.prapr.mutators.FieldNameMutator_1,7852483,1106,0,0,1,1,1,2974,1199
org.pitest.mutationtest.engine.gregor.mutators.RemoveConditionalMutator_EQUAL_ELSE,7855459,7232,0,0,1,1,1,5538,272
org.mudebug.prapr.mutators.ArgumentListMutator_5,7860999,3675,0,0,0,0,0,0,2354
org.mudebug.prapr.mutators.MethodNameMutator_0,7861001,6711,0,0,0,0,0,11,1129
org.mudebug.prapr.mutators.LocalNameMutator_2,7861014,7058,0,0,0,0,0,3,373
org.pitest.mutationtest.engine.gregor.mutators.experimental.RemoveSwitchMutator_97,7861019,555,0,0,0,0,0,0,872
org.mudebug.prapr.mutators.LocalToFieldAccessMutator_3,7861021,6704,0,0,1,1,1,44,908
org.mudebug.prapr.mutators.FieldNameMutator_5,7861067,1777,0,0,0,0,0,0,640
org.mudebug.prapr.mutators.NonVoidMethodCallGuardMutator_0,7861069,1234,0,0,0,0,0,0,302
org.mudebug.prapr.mutators.FieldNameMutator_0,7861071,1777,0,0,0,0,0,0,734
org.mudebug.prapr.mutators.NonVoidMethodCallGuardMutator_0,7861073,6976,0,0,0,0,0,0,91
org.mudebug.prapr.mutators.LocalNameMutator_0,7861075,245,0,0,0,0,0,641,198
org.mudebug.prapr.mutators.LocalToFieldAccessMutator_0,7861718,6696,0,0,1,1,1,5981,835
org.pitest.mutationtest.engine.gregor.mutators.NonVoidMethodCallMutator,7867701,7200,0,0,0,0,0,0,95
org.pitest.mutationtest.engine.gregor.mutators.NonVoidMethodCallMutator,7867703,6725,0,0,0,1,1,0,1369
org.pitest.mutationtest.engine.gregor.mutators.InlineConstantMutator,7867705,159,0,0,0,1,1,10,649
org.mudebug.prapr.mutators.DereferenceGuardMutator_3,7867717,3416,0,0,0,0,0,0,77
org.mudebug.prapr.mutators.MethodNameMutator_6,7867719,1118,0,0,1,1,1,2730,1425
org.mudebug.prapr.mutators.FieldAccessToMethodCallMutator_0,7870451,5209,0,0,1,1,1,4583,290
org.mudebug.prapr.mutators.ArithmeticOperatorDeletion_0,7875036,6713,0,0,0,0,0,80,1149
org.mudebug.prapr.mutators.FieldNameMutator_0,7875130,7059,0,0,0,0,0,141,545
org.mudebug.prapr.mutators.MethCallResultGuard_1,7875273,6725,0,0,0,0,0,0,1369
org.mudebug.prapr.mutators.ArgumentListMutator_3,7875275,7197,0,0,1,1,1,5538,52
org.pitest.mutationtest.engine.gregor.mutators.experimental.MemberVariableMutator,7880815,327,0,0,1,1,1,5365,275
org.mudebug.prapr.mutators.MethCallResultGuard_1,7886182,7059,0,0,0,0,0,5,557
org.pitest.mutationtest.engine.gregor.mutators.RemoveConditionalMutator_EQUAL_IF,7886197,7250,0,0,0,0,0,31,662
org.mudebug.prapr.mutators.DereferenceGuardMutator_1,7886230,6652,0,0,0,0,0,0,395
org.pitest.mutationtest.engine.gregor.mutators.experimental.NakedReceiverMutator,7886232,7556,0,0,0,0,0,2249,70
org.pitest.mutationtest.engine.gregor.mutators.experimental.MemberVariableMutator,7888495,3489,0,0,1,1,1,5204,254
org.mudebug.prapr.mutators.ArgumentListMutator_1,7893701,7556,0,0,1,1,1,5226,70
org.mudebug.prapr.mutators.FieldNameMutator_5,7898929,1777,0,0,0,0,0,0,638
org.mudebug.prapr.mutators.FieldToLocalAccessMutator_0,7898931,6678,0,0,1,1,1,4775,604
org.pitest.mutationtest.engine.gregor.mutators.NegateConditionalsMutator,7903708,6987,0,0,1,1,1,5538,154
org.mudebug.prapr.mutators.FieldNameMutator_0,7909248,5355,0,0,0,0,0,5,72
org.pitest.mutationtest.engine.gregor.mutators.NonVoidMethodCallMutator,7909255,7058,0,0,1,1,1,5538,347
org.pitest.mutationtest.engine.gregor.mutators.RemoveConditionalMutator_EQUAL_ELSE,7914795,1554,0,0,0,0,0,93,143
org.mudebug.prapr.mutators.FieldNameMutator_5,7914890,1777,0,0,0,0,0,0,718
org.pitest.mutationtest.engine.gregor.mutators.ReturnValsMutator,7914892,7365,0,0,0,0,0,1,233
org.mudebug.prapr.mutators.FieldAccessToMethodCallMutator_1,7914895,1777,0,0,0,0,0,0,678
org.pitest.mutationtest.engine.gregor.mutators.NonVoidMethodCallMutator,7914897,7064,0,0,1,1,1,5538,618
org.mudebug.prapr.mutators.VoidMethodCallGuardMutator,7920437,1106,0,0,0,0,0,0,1083
org.mudebug.prapr.mutators.DereferenceGuardMutator_2,7920439,6678,0,0,0,0,0,0,602
org.mudebug.prapr.mutators.ArgumentListMutator_4,7920441,4411,0,0,0,0,0,0,472
org.pitest.mutationtest.engine.gregor.mutators.NegateConditionalsMutator,7920445,7233,0,0,0,0,0,5,291
org.pitest.mutationtest.engine.gregor.mutators.MathMutator,7920452,6715,0,0,0,0,0,81,1176
org.mudebug.prapr.mutators.ReturningDereferenceGuardMutator_0,7920535,6732,0,0,0,0,0,0,1618
org.mudebug.prapr.mutators.FieldNameMutator_1,7920537,1777,0,0,0,0,0,35,660
org.mudebug.prapr.mutators.LocalNameMutator_2,7920574,1245,0,0,0,0,0,7,718
org.mudebug.prapr.mutators.FieldAccessToMethodCallMutator_3,7920583,6652,0,0,1,1,1,5084,391
org.mudebug.prapr.mutators.DereferenceGuardMutator_3,7925669,4413,0,0,0,0,0,0,524
org.mudebug.prapr.mutators.ReturningDereferenceGuardMutator_0,7925671,562,0,0,0,0,0,0,1210
org.pitest.mutationtest.engine.gregor.mutators.experimental.RemoveSwitchMutator_11,7925673,3584,0,0,0,0,0,3,901
org.pitest.mutationtest.engine.gregor.mutators.RemoveConditionalMutator_EQUAL_ELSE,7925678,7241,0,0,0,0,0,23,429
org.mudebug.prapr.mutators.MethodNameMutator_4,7925703,1234,0,0,1,1,1,33,271
org.mudebug.prapr.mutators.MethodNameMutator_2,7925738,7383,0,0,0,0,0,1836,457
org.pitest.mutationtest.engine.gregor.mutators.experimental.RemoveSwitchMutator_74,7927576,5356,0,0,0,0,0,0,117
org.mudebug.prapr.mutators.LocalToFieldAccessMutator_1,7927578,1053,0,0,0,0,0,5,441
org.mudebug.prapr.mutators.MethCallResultGuard_0,7927585,1245,0,0,0,0,0,0,800
org.mudebug.prapr.mutators.ReturningDereferenceGuardMutator_0,7927587,4410,0,0,0,0,0,0,464
org.mudebug.prapr.mutators.DereferenceGuardMutator_0,7927589,332,0,0,0,0,0,5,344
org.mudebug.prapr.mutators.MethodNameMutator_7,7927596,1143,0,0,0,0,0,13,1727
org.mudebug.prapr.mutators.LocalToFieldAccessMutator_3,7927611,6713,0,0,0,0,0,71,1152
org.mudebug.prapr.mutators.LocalNameMutator_2,7927684,1245,0,0,0,0,0,8,719
org.pitest.mutationtest.engine.gregor.mutators.experimental.NakedReceiverMutator,7927694,3611,0,0,0,0,0,861,1327
org.mudebug.prapr.mutators.FieldNameMutator_0,7928565,1777,0,0,0,0,0,0,643
org.pitest.mutationtest.engine.gregor.mutators.InlineConstantMutator,7928567,7233,0,0,0,0,0,5,303
org.mudebug.prapr.mutators.LocalNameMutator_1,7928574,7058,0,0,0,0,0,30,478
org.mudebug.prapr.mutators.MethodNameMutator_5,7928606,1234,0,0,1,1,1,33,262
org.mudebug.prapr.mutators.MethodNameMutator_1,7928641,6725,0,0,0,1,1,0,1369
org.pitest.mutationtest.engine.gregor.mutators.BooleanTrueReturnValsMutator,7928643,6865,0,0,0,0,0,2216,151
org.mudebug.prapr.mutators.LocalToFieldAccessMutator_0,7930861,6738,0,0,1,1,1,252,1796
org.mudebug.prapr.mutators.LocalNameMutator_0,7931115,5356,0,0,1,1,1,2868,115
org.pitest.mutationtest.engine.gregor.mutators.ConstructorCallMutator,7933985,7058,0,0,1,1,1,5538,237
org.mudebug.prapr.mutators.FieldNameMutator_0,7939525,6732,0,0,0,0,0,0,1624
org.pitest.mutationtest.engine.gregor.mutators.NegateConditionalsMutator,7939527,1562,0,0,0,0,0,2,209
org.mudebug.prapr.mutators.ReturningDereferenceGuardMutator_2,7939531,2459,0,0,0,0,0,0,64
org.mudebug.prapr.mutators.FieldNameMutator_0,7939533,6651,0,0,1,1,1,1867,383
org.mudebug.prapr.mutators.DereferenceGuardMutator_4,7941402,6684,0,0,0,0,0,0,705
org.mudebug.prapr.mutators.LocalNameMutator_0,7941404,5356,0,0,0,0,0,1,490
org.mudebug.prapr.mutators.DereferenceGuardMutator_4,7941407,6728,0,0,0,0,0,0,1418
org.pitest.mutationtest.engine.gregor.mutators.NonVoidMethodCallMutator,7941409,343,0,0,1,1,1,4754,463
org.mudebug.prapr.mutators.ReturningDereferenceGuardMutator_3,7946165,1106,0,0,0,0,0,0,1106
org.mudebug.prapr.mutators.RelationalOperatorReplacement_1,7946167,7250,0,0,0,0,0,68,659
org.pitest.mutationtest.engine.gregor.mutators.experimental.NakedReceiverMutator,7946237,6706,0,0,0,1,1,14,929
org.pitest.mutationtest.engine.gregor.mutators.NonVoidMethodCallMutator,7946253,7247,0,0,1,1,1,5538,597
org.mudebug.prapr.mutators.FieldNameMutator_1,7951793,1777,0,0,0,0,0,0,651
org.mudebug.prapr.mutators.FieldToLocalAccessMutator_0,7951795,7300,0,0,0,0,0,371,80
org.mudebug.prapr.mutators.ReturningDereferenceGuardMutator_0,7952168,346,0,0,0,0,0,23,490
org.mudebug.prapr.mutators.MethCallResultGuard_0,7952193,7090,0,0,0,0,0,0,934
org.mudebug.prapr.mutators.MethCallResultGuard_1,7952195,5356,0,0,0,0,0,0,215
org.mudebug.prapr.mutators.ReturningDereferenceGuardMutator_0,7952197,328,0,0,0,0,0,0,280
org.mudebug.prapr.mutators.FieldAccessToMethodCallMutator_1,7952199,6732,0,0,0,0,0,0,1596
org.mudebug.prapr.mutators.FieldNameMutator_1,7957267,7300,0,0,0,0,0,0,72
org.mudebug.prapr.mutators.MethodNameMutator_0,7957269,370,0,0,0,0,0,2937,817
org.pitest.mutationtest.engine.gregor.mutators.VoidMethodCallMutator,7960211,7058,0,0,0,0,0,1751,294
org.mudebug.prapr.mutators.FieldNameMutator_5,7961964,1777,0,0,0,0,0,0,642
org.mudebug.prapr.mutators.LocalNameMutator_0,7961968,1234,0,0,1,1,1,12,276
org.pitest.mutationtest.engine.gregor.mutators.experimental.NakedReceiverMutator,7961982,6725,0,0,0,1,1,0,1369
org.mudebug.prapr.mutators.ArgumentListMutator_4,7961984,1777,0,0,1,1,1,5292,735
org.mudebug.prapr.mutators.ReturningDereferenceGuardMutator_3,7967278,7381,0,0,0,0,0,0,405
org.pitest.mutationtest.engine.gregor.mutators.RemoveConditionalMutator_EQUAL_IF,7967280,5357,0,0,0,0,0,3,703
org.mudebug.prapr.mutators.FieldNameMutator_2,7967285,6651,0,0,0,0,0,23,381
org.mudebug.prapr.mutators.FieldToLocalAccessMutator_0,7967310,6737,0,0,1,1,1,2668,1783
org.mudebug.prapr.mutators.LocalNameMutator_1,7969980,5356,0,0,1,1,1,1071,428
org.mudebug.prapr.mutators.MethodNameMutator_2,7971053,6711,0,0,0,0,0,8,1129
org.mudebug.prapr.mutators.LocalToFieldAccessMutator_2,7971063,6743,0,0,1,1,1,2912,1867
org.mudebug.prapr.mutators.ArgumentListMutator_4,7973977,7555,0,0,1,1,1,5543,62
org.mudebug.prapr.mutators.FieldNameMutator_1,7979522,1777,0,0,0,0,0,0,753
org.pitest.mutationtest.engine.gregor.mutators.ConstructorCallMutator,7979524,7556,0,0,1,1,1,5226,70
org.mudebug.prapr.mutators.MethodNameMutator_1,7984752,5356,0,0,0,0,0,17,344
org.pitest.mutationtest.engine.gregor.mutators.experimental.NakedReceiverMutator,7984771,4411,0,0,1,1,1,4269,474
org.mudebug.prapr.mutators.MethodNameMutator_1,7989042,347,0,0,0,0,0,777,537
org.mudebug.prapr.mutators.MethCallResultGuard_1,7989821,6977,0,0,0,0,0,0,97
org.mudebug.prapr.mutators.MethCallResultGuard_2,7989823,1049,0,0,0,0,0,0,368
org.pitest.mutationtest.engine.gregor.mutators.RemoveConditionalMutator_EQUAL_ELSE,7989825,7215,0,0,0,0,0,2452,133
org.mudebug.prapr.mutators.RelationalOperatorReplacement_2,7992279,5358,0,0,0,0,0,31,759
org.mudebug.prapr.mutators.FieldNameMutator_0,7992312,1777,0,0,0,0,0,4,711
org.mudebug.prapr.mutators.MethodNameMutator_0,7992318,547,0,0,0,0,0,38,161
org.mudebug.prapr.mutators.LocalNameMutator_0,7992358,7199,0,0,0,0,0,5,84
org.mudebug.prapr.mutators.ReturningDereferenceGuardMutator_0,7992365,6176,0,0,0,0,0,0,577
org.mudebug.prapr.mutators.LocalNameMutator_0,7992367,1234,0,0,1,1,1,3,309
org.mudebug.prapr.mutators.ArgumentListMutator_0,7992372,1313,0,0,0,0,0,0,84
org.mudebug.prapr.mutators.ArgumentListMutator_2,7992374,544,0,0,0,0,0,0,118
org.mudebug.prapr.mutators.FieldAccessToMethodCallMutator_4,7992376,6678,0,0,1,1,1,4604,606
org.mudebug.prapr.mutators.MethodNameMutator_0,7996982,7241,0,0,0,0,0,0,430
org.mudebug.prapr.mutators.MethCallResultGuard_0,7996984,7058,0,0,0,0,0,0,277
org.mudebug.prapr.mutators.MethodNameMutator_7,7996986,1248,0,0,0,0,0,4,870
org.pitest.mutationtest.engine.gregor.mutators.RemoveConditionalMutator_EQUAL_ELSE,7996992,3558,0,0,0,1,1,48,123
org.mudebug.prapr.mutators.MethCallResultGuard_0,7997042,504,0,0,0,0,0,0,87
org.mudebug.prapr.mutators.NonVoidMethodCallGuardMutator_0,7997044,333,0,0,0,0,0,0,364
org.mudebug.prapr.mutators.FieldNameMutator_3,7997050,7058,0,0,1,1,1,5226,417
org.mudebug.prapr.mutators.ArgumentListMutator_4,8002278,5356,0,0,0,0,0,0,428
org.mudebug.prapr.mutators.NonVoidMethodCallGuardMutator_0,8002280,355,0,0,0,0,0,0,627
org.mudebug.prapr.mutators.MethodNameMutator_0,8002282,4411,0,0,1,1,1,4269,471
org.mudebug.prapr.mutators.RelationalOperatorReplacement_3,8006553,7303,0,0,0,0,0,11,158
org.pitest.mutationtest.engine.gregor.mutators.BooleanTrueReturnValsMutator,8006566,6931,0,0,0,0,0,780,868
org.mudebug.prapr.mutators.RelationalOperatorReplacement_0,8007348,334,0,0,0,0,0,1051,382
org.mudebug.prapr.mutators.MethCallResultGuard_0,8008401,1119,0,0,0,0,0,5,1443
org.mudebug.prapr.mutators.FieldToLocalAccessMutator_1,8008408,6684,0,0,0,0,0,240,711
org.mudebug.prapr.mutators.ArgumentListMutator_5,8008650,4411,0,0,0,0,0,23,471
org.mudebug.prapr.mutators.FieldAccessToMethodCallMutator_0,8008675,557,0,0,0,0,0,23,1190
org.pitest.mutationtest.engine.gregor.mutators.experimental.RemoveSwitchMutator_40,8008700,555,0,0,0,0,0,0,872
org.mudebug.prapr.mutators.FieldAccessToMethodCallMutator_2,8008702,6684,0,0,1,1,1,1026,713
org.pitest.mutationtest.engine.gregor.mutators.EmptyObjectReturnValsMutator,8009730,6799,0,0,0,0,0,162,104
org.mudebug.prapr.mutators.DereferenceGuardMutator_1,8009894,6738,0,0,0,0,0,0,1794
org.mudebug.prapr.mutators.MethodNameMutator_3,8009896,6737,0,0,1,1,1,2668,1783
org.mudebug.prapr.mutators.ReturningDereferenceGuardMutator_1,8012566,705,0,0,0,0,0,0,69
org.pitest.mutationtest.engine.gregor.mutators.InlineConstantMutator,8012568,543,0,0,1,1,1,5365,85
org.pitest.mutationtest.engine.gregor.mutators.ArgumentPropagationMutator,8017935,557,0,0,1,1,1,2746,1190
org.pitest.mutationtest.engine.gregor.mutators.experimental.MemberVariableMutator,8020683,1040,0,0,1,1,1,5219,211
org.mudebug.prapr.mutators.ReturningDereferenceGuardMutator_0,8025904,4413,0,0,0,0,0,0,525
org.mudebug.prapr.mutators.DereferenceGuardMutator_3,8025906,6697,0,0,0,0,0,0,849
org.pitest.mutationtest.engine.gregor.mutators.experimental.RemoveSwitchMutator_5,8025908,6649,0,0,0,0,0,0,175
org.mudebug.prapr.mutators.MethodNameMutator_6,8025910,7259,0,0,0,0,0,259,823
org.mudebug.prapr.mutators.MethodNameMutator_0,8026171,2306,0,0,1,1,1,5291,41
org.mudebug.prapr.mutators.ArithmeticOperatorReplacement_8,8031464,347,0,0,0,0,0,28,520
org.mudebug.prapr.mutators.MethodNameMutator_1,8031494,4666,0,0,0,0,0,0,60
org.pitest.mutationtest.engine.gregor.mutators.ConditionalsBoundaryMutator,8031496,6713,0,0,0,0,0,9,1147
org.mudebug.prapr.mutators.LocalToFieldAccessMutator_1,8031507,1554,0,0,0,1,1,184,139
org.mudebug.prapr.mutators.ArgumentListMutator_4,8031693,2458,0,0,1,1,1,4520,52
org.mudebug.prapr.mutators.RelationalOperatorReplacement_1,8036218,1562,0,0,0,0,0,0,228
org.pitest.mutationtest.engine.gregor.mutators.VoidMethodCallMutator,8036220,2967,0,0,0,0,0,0,596
org.pitest.mutationtest.engine.gregor.mutators.NonVoidMethodCallMutator,8036222,7764,0,0,0,0,0,5,461
org.mudebug.prapr.mutators.ArgumentListMutator_3,8036229,5213,0,0,0,0,0,0,90
org.pitest.mutationtest.engine.gregor.mutators.BooleanTrueReturnValsMutator,8036231,3589,0,0,0,0,0,105,1062
org.mudebug.prapr.mutators.LocalNameMutator_0,8036338,6710,0,0,0,0,0,8,1063
org.mudebug.prapr.mutators.ReturningDereferenceGuardMutator_2,8036348,7241,0,0,0,0,0,0,435
org.pitest.mutationtest.engine.gregor.mutators.experimental.RemoveSwitchMutator_32,8036350,495,0,0,0,0,0,343,119
org.pitest.mutationtest.engine.gregor.mutators.VoidMethodCallMutator,8036695,547,0,0,0,0,0,0,167
org.mudebug.prapr.mutators.MethodNameMutator_2,8036697,3411,0,0,0,0,0,0,44
org.mudebug.prapr.mutators.DereferenceGuardMutator_1,8036699,6723,0,0,0,0,0,5,1346
org.mudebug.prapr.mutators.NonVoidMethodCallGuardMutator_0,8036706,1082,0,0,0,0,0,5,834
org.mudebug.prapr.mutators.FieldAccessToMethodCallMutator_0,8036713,7790,0,0,0,0,0,0,315
org.mudebug.prapr.mutators.RelationalOperatorReplacement_2,8036715,7365,0,0,0,0,0,540,229
org.mudebug.prapr.mutators.ReturningDereferenceGuardMutator_4,8037257,6687,0,0,0,0,0,0,758
org.mudebug.prapr.mutators.LocalToFieldAccessMutator_1,8037259,1106,0,0,0,0,0,0,1166
org.pitest.mutationtest.engine.gregor.mutators.experimental.RemoveSwitchMutator_30,8037261,5356,0,0,0,0,0,0,117
org.mudebug.prapr.mutators.FieldAccessToMethodCallMutator_1,8037263,1799,0,0,0,0,0,0,931
org.pitest.mutationtest.engine.gregor.mutators.EmptyObjectReturnValsMutator,8037265,6707,0,0,0,1,1,8,1043
org.pitest.mutationtest.engine.gregor.mutators.RemoveConditionalMutator_EQUAL_ELSE,8037275,5356,0,0,1,1,1,1074,425
org.mudebug.prapr.mutators.FieldNameMutator_1,8038351,7059,0,0,0,0,0,1710,550
org.mudebug.prapr.mutators.FieldNameMutator_1,8040063,6170,0,0,0,0,0,17,509
org.mudebug.prapr.mutators.FieldAccessToMethodCallMutator_1,8040082,6683,0,0,0,0,0,707,683
org.mudebug.prapr.mutators.DereferenceGuardMutator_0,8040791,6721,0,0,0,0,0,0,1331
org.mudebug.prapr.mutators.MethCallResultGuard_1,8040793,7112,0,0,0,0,0,0,1216
org.mudebug.prapr.mutators.FieldAccessToMethodCallMutator_1,8040795,1777,0,0,0,0,0,0,723
org.mudebug.prapr.mutators.ArgumentListMutator_4,8040797,1404,0,0,0,0,0,25,38
org.mudebug.prapr.mutators.LocalNameMutator_1,8040824,6684,0,0,0,0,0,562,714
org.pitest.mutationtest.engine.gregor.mutators.ConstructorCallMutator,8041388,5212,0,0,0,0,0,28,64
org.mudebug.prapr.mutators.DereferenceGuardMutator_0,8041418,7303,0,0,0,0,0,0,167
org.pitest.mutationtest.engine.gregor.mutators.NegateConditionalsMutator,8041420,5358,0,0,0,0,0,27,766
org.mudebug.prapr.mutators.LocalNameMutator_0,8041449,6683,0,0,1,1,1,519,687
org.mudebug.prapr.mutators.MethodNameMutator_2,8041970,6988,0,0,0,0,0,3,167
org.pitest.mutationtest.engine.gregor.mutators.NonVoidMethodCallMutator,8041975,1119,0,0,0,0,0,5,1441
org.mudebug.prapr.mutators.RelationalOperatorReplacement_2,8041982,6706,0,0,0,0,0,6,1029
org.mudebug.prapr.mutators.MethCallResultGuard_0,8041990,495,0,0,0,0,0,0,174
org.pitest.mutationtest.engine.gregor.mutators.RemoveConditionalMutator_EQUAL_ELSE,8041992,1119,0,0,0,0,0,0,1439
org.mudebug.prapr.mutators.RelationalOperatorReplacement_0,8041994,547,0,0,0,1,1,220,160
org.mudebug.prapr.mutators.MethCallResultGuard_2,8042216,1119,0,0,0,0,0,0,1439
org.mudebug.prapr.mutators.MethCallResultGuard_2,8042218,2459,0,0,0,0,0,0,58
org.pitest.mutationtest.engine.gregor.mutators.InlineConstantMutator,8042220,7058,0,0,1,1,1,5538,482
org.mudebug.prapr.mutators.NonVoidMethodCallGuardMutator_0,8047760,359,0,0,0,0,0,0,674
org.mudebug.prapr.mutators.DereferenceGuardMutator_3,8047762,1109,0,0,0,0,0,5,1223
org.pitest.mutationtest.engine.gregor.mutators.NullReturnValsMutator,8047769,7231,0,0,1,1,1,5538,263
org.mudebug.prapr.mutators.FieldAccessToMethodCallMutator_2,8053309,6683,0,0,1,1,1,2677,685
org.mudebug.prapr.mutators.LocalNameMutator_0,8055988,3675,0,0,0,0,0,0,2364
org.mudebug.prapr.mutators.LocalNameMutator_0,8055990,6743,0,0,0,0,0,2668,1876
org.pitest.mutationtest.engine.gregor.mutators.RemoveConditionalMutator_EQUAL_ELSE,8058660,348,0,0,0,0,0,77,559
org.mudebug.prapr.mutators.MethodNameMutator_8,8058739,517,0,0,0,0,0,1412,95
org.mudebug.prapr.mutators.FieldAccessToMethodCallMutator_0,8060153,1777,0,0,0,0,0,0,691
org.pitest.mutationtest.engine.gregor.mutators.NegateConditionalsMutator,8065221,7233,0,0,1,1,1,5538,299
org.pitest.mutationtest.engine.gregor.mutators.NullReturnValsMutator,8070761,1787,0,0,0,0,0,77,849
org.mudebug.prapr.mutators.DereferenceGuardMutator_3,8070840,5195,0,0,0,0,0,0,102
org.pitest.mutationtest.engine.gregor.mutators.ReturnValsMutator,8070842,6713,0,0,0,0,0,23,1148
org.mudebug.prapr.mutators.MethodNameMutator_0,8070867,1106,0,0,0,1,1,2978,1137
org.mudebug.prapr.mutators.FieldNameMutator_3,8073847,3711,0,0,0,0,0,0,72
org.mudebug.prapr.mutators.ArgumentListMutator_2,8073849,7059,0,0,1,1,1,5538,557
org.pitest.mutationtest.engine.gregor.mutators.experimental.RemoveSwitchMutator_88,8079389,3636,0,0,0,0,0,1,1649
org.mudebug.prapr.mutators.DereferenceGuardMutator_3,8079392,1106,0,0,0,0,0,5,1199
org.pitest.mutationtest.engine.gregor.mutators.experimental.RemoveSwitchMutator_80,8079399,5356,0,0,0,0,0,0,117
org.mudebug.prapr.mutators.MethCallResultGuard_2,8079401,7507,0,0,0,0,0,0,479
org.mudebug.prapr.mutators.MethodNameMutator_2,8079403,1236,1,0,0,0,0,12,521
org.mudebug.prapr.mutators.LocalToFieldAccessMutator_0,8079417,1053,0,0,0,0,0,1806,434
org.mudebug.prapr.mutators.FieldToLocalAccessMutator_1,8081225,6742,0,0,1,1,1,2939,1852
org.pitest.mutationtest.engine.gregor.mutators.InlineConstantMutator,8084166,3558,0,0,0,1,1,29,114
org.mudebug.prapr.mutators.FieldNameMutator_2,8084197,7058,0,0,0,0,0,306,460
org.mudebug.prapr.mutators.FieldAccessToMethodCallMutator_2,8084505,1777,0,0,0,0,0,0,676
org.pitest.mutationtest.engine.gregor.mutators.NonVoidMethodCallMutator,8084507,6706,0,0,0,1,1,2,978
org.mudebug.prapr.mutators.MethodNameMutator_3,8084511,5356,0,0,0,0,0,1,215
org.mudebug.prapr.mutators.FieldNameMutator_0,8084514,7058,0,0,1,1,1,5538,281
org.pitest.mutationtest.engine.gregor.mutators.InlineConstantMutator,8090054,3497,0,0,0,0,0,0,426
org.mudebug.prapr.mutators.MethodNameMutator_2,8090056,5356,0,0,0,0,0,8,215
org.mudebug.prapr.mutators.LocalToFieldAccessMutator_1,8090066,6743,0,0,0,1,1,1853,1874
org.mudebug.prapr.mutators.MethodNameMutator_1,8091921,244,0,0,0,0,0,26,187
org.mudebug.prapr.mutators.FieldNameMutator_0,8091949,1777,0,0,0,0,0,83,653
org.mudebug.prapr.mutators.DereferenceGuardMutator_0,8092034,558,0,0,0,0,0,5,1194
org.mudebug.prapr.mutators.FieldAccessToMethodCallMutator_0,8092041,6652,0,0,1,1,1,4808,393
org.pitest.mutationtest.engine.gregor.mutators.RemoveConditionalMutator_EQUAL_IF,8096854,7302,0,0,0,0,0,1940,105
org.mudebug.prapr.mutators.ArgumentListMutator_1,8098796,7784,0,0,1,1,1,5301,355
org.mudebug.prapr.mutators.LocalToFieldAccessMutator_3,8104099,7064,0,0,1,1,1,5538,617
org.mudebug.prapr.mutators.ArithmeticOperatorReplacement_5,8109639,6713,0,0,0,0,0,79,1152
org.pitest.mutationtest.engine.gregor.mutators.InlineConstantMutator,8109720,4152,0,0,0,0,0,0,64
org.mudebug.prapr.mutators.MethCallResultGuard_1,8109722,7247,0,0,0,0,0,0,598
org.pitest.mutationtest.engine.gregor.mutators.experimental.NakedReceiverMutator,8109724,6684,0,0,0,1,1,271,701
org.mudebug.prapr.mutators.LocalNameMutator_0,8109997,4410,0,0,1,1,1,5216,464
org.mudebug.prapr.mutators.MethodNameMutator_1,8115215,1561,0,0,0,0,0,0,200
org.pitest.mutationtest.engine.gregor.mutators.NegateConditionalsMutator,8115217,2459,0,0,1,1,1,5291,56
org.pitest.mutationtest.engine.gregor.mutators.VoidMethodCallMutator,8120512,7058,0,0,0,0,0,77,478
org.mudebug.prapr.mutators.RelationalOperatorReplacement_2,8120591,5356,0,0,0,1,1,93,432
org.mudebug.prapr.mutators.NonVoidMethodCallGuardMutator_0,8120686,7059,0,0,0,0,0,0,550
org.pitest.mutationtest.engine.gregor.mutators.RemoveConditionalMutator_EQUAL_ELSE,8120688,5358,0,0,0,0,0,39,724
org.mudebug.prapr.mutators.MethCallResultGuard_2,8120729,7064,0,0,0,0,0,7,615
org.pitest.mutationtest.engine.gregor.mutators.RemoveConditionalMutator_EQUAL_IF,8120738,5212,0,0,0,0,0,0,64
org.mudebug.prapr.mutators.FieldNameMutator_2,8120740,7059,0,0,0,0,0,59,565
org.mudebug.prapr.mutators.MethodNameMutator_3,8120801,6987,0,0,0,0,0,45,154
org.mudebug.prapr.mutators.FieldNameMutator_0,8120848,4415,0,0,1,1,1,5220,549
org.mudebug.prapr.mutators.LocalNameMutator_1,8126070,1245,0,0,0,0,0,0,749
org.mudebug.prapr.mutators.MethodNameMutator_0,8126072,4395,0,0,1,1,1,5225,248
org.mudebug.prapr.mutators.LocalToFieldAccessMutator_3,8131299,6706,0,0,1,1,1,44,972
org.pitest.mutationtest.engine.gregor.mutators.NonVoidMethodCallMutator,8131345,369,0,0,1,1,1,3741,805
org.mudebug.prapr.mutators.FieldNameMutator_0,8135088,1777,0,0,0,0,0,0,696
org.pitest.mutationtest.engine.gregor.mutators.RemoveConditionalMutator_EQUAL_ELSE,8135090,3611,0,0,1,1,1,4302,1331
org.pitest.mutationtest.engine.gregor.mutators.RemoveConditionalMutator_EQUAL_ELSE,8139394,3388,0,0,0,0,0,12,74
org.mudebug.prapr.mutators.MethodNameMutator_0,8139408,1248,0,0,0,0,0,3,870
org.mudebug.prapr.mutators.FieldNameMutator_0,8139413,7058,0,0,0,0,0,132,515
org.mudebug.prapr.mutators.FieldToLocalAccessMutator_0,8139547,4410,0,0,0,0,0,291,463
org.pitest.mutationtest.engine.gregor.mutators.VoidMethodCallMutator,8139840,4157,0,1,1,1,1,2594,93
org.pitest.mutationtest.engine.gregor.mutators.InlineConstantMutator,8147501,1777,0,0,0,0,0,0,712
org.mudebug.prapr.mutators.FieldNameMutator_1,8147503,1106,0,0,1,1,1,2974,1097
org.pitest.mutationtest.engine.gregor.mutators.ReturnValsMutator,8150481,7343,0,0,1,1,1,5538,97
org.mudebug.prapr.mutators.MethodNameMutator_1,8156021,245,0,0,1,1,1,4269,197
org.pitest.mutationtest.engine.gregor.mutators.RemoveConditionalMutator_EQUAL_ELSE,8160292,6727,0,0,0,0,0,0,1393
org.mudebug.prapr.mutators.FieldAccessToMethodCallMutator_1,8160294,1777,0,0,0,0,0,0,719
org.pitest.mutationtest.engine.gregor.mutators.VoidMethodCallMutator,8160296,5356,0,0,0,1,1,104,94
org.mudebug.prapr.mutators.ArgumentListMutator_0,8160402,6706,0,0,0,1,1,2,978
org.mudebug.prapr.mutators.LocalNameMutator_1,8160413,5356,0,0,0,0,0,1,358
org.mudebug.prapr.mutators.FieldAccessToMethodCallMutator_0,8160450,6684,0,0,1,1,1,877,712
org.mudebug.prapr.mutators.MethCallResultGuard_0,8161329,6749,0,0,0,0,0,0,1961
org.mudebug.prapr.mutators.FieldNameMutator_2,8161331,1129,0,0,1,1,1,5303,1604
org.pitest.mutationtest.engine.gregor.mutators.EmptyObjectReturnValsMutator,8166636,6415,0,0,0,1,1,11,312
org.mudebug.prapr.mutators.LocalToFieldAccessMutator_0,8166649,7382,0,0,1,1,1,5068,431
org.mudebug.prapr.mutators.ArgumentListMutator_5,8171719,5356,0,0,1,1,1,251,513
org.mudebug.prapr.mutators.LocalNameMutator_1,8171972,6683,0,0,1,1,1,945,683
org.mudebug.prapr.mutators.FieldNameMutator_5,8172919,1777,0,0,0,0,0,5,82
org.pitest.mutationtest.engine.gregor.mutators.InlineConstantMutator,8172926,4413,0,0,0,0,0,0,523
org.pitest.mutationtest.engine.gregor.mutators.NonVoidMethodCallMutator,8172928,1106,0,0,0,0,0,2,1136
org.pitest.mutationtest.engine.gregor.mutators.NegateConditionalsMutator,8172932,5356,0,0,0,1,1,123,490
org.mudebug.prapr.mutators.FieldNameMutator_4,8173057,1777,0,0,0,0,0,0,665
org.mudebug.prapr.mutators.FieldNameMutator_3,8173059,1777,0,0,0,0,0,0,751
org.pitest.mutationtest.engine.gregor.mutators.NegateConditionalsMutator,8173061,334,0,0,0,0,0,18,382
org.mudebug.prapr.mutators.ReturningDereferenceGuardMutator_0,8173081,332,0,0,0,0,0,5,344
org.mudebug.prapr.mutators.ArgumentListMutator_5,8173088,1234,0,0,1,1,1,3,310
org.mudebug.prapr.mutators.FieldAccessToMethodCallMutator_1,8173093,1777,0,0,0,0,0,0,662
org.mudebug.prapr.mutators.LocalToFieldAccessMutator_0,8173095,7382,0,0,0,0,0,487,448
org.mudebug.prapr.mutators.MethodNameMutator_6,8173584,7250,0,0,0,0,0,62,663
org.mudebug.prapr.mutators.ArithmeticOperatorDeletion_0,8173648,6715,0,0,0,0,0,75,1176
org.mudebug.prapr.mutators.MethodNameMutator_0,8173725,6728,0,0,0,1,1,2809,1407
org.pitest.mutationtest.engine.gregor.mutators.ReturnValsMutator,8176536,7088,0,0,0,0,0,1251,914
org.mudebug.prapr.mutators.NonVoidMethodCallGuardMutator_0,8177789,7302,0,0,0,0,0,0,98
org.pitest.mutationtest.engine.gregor.mutators.experimental.MemberVariableMutator,8177791,1777,0,0,0,0,0,0,722
org.pitest.mutationtest.engine.gregor.mutators.NonVoidMethodCallMutator,8177793,5192,0,0,0,0,0,18,53
org.mudebug.prapr.mutators.ArithmeticOperatorDeletion_1,8177813,7108,0,0,1,1,1,5538,1153
org.mudebug.prapr.mutators.DereferenceGuardMutator_4,8183353,6725,0,0,0,0,0,0,1369
org.mudebug.prapr.mutators.MethCallResultGuard_0,8183355,1245,0,0,0,0,0,0,804
org.mudebug.prapr.mutators.FieldAccessToMethodCallMutator_0,8183357,1106,0,0,0,0,0,5,1202
org.mudebug.prapr.mutators.DereferenceGuardMutator_3,8183364,705,0,0,0,0,0,0,69
org.mudebug.prapr.mutators.LocalToFieldAccessMutator_1,8183366,6683,0,0,1,1,1,1095,688
org.mudebug.prapr.mutators.FieldAccessToMethodCallMutator_2,8184463,1777,0,0,0,0,0,0,717
org.mudebug.prapr.mutators.MethodNameMutator_2,8184465,6986,0,0,0,0,0,11,145
org.mudebug.prapr.mutators.LocalToFieldAccessMutator_3,8184478,6728,0,0,0,1,1,2650,1420
org.mudebug.prapr.mutators.FieldNameMutator_2,8187130,7059,0,0,0,0,0,2,555
org.mudebug.prapr.mutators.LocalToFieldAccessMutator_2,8187134,7302,0,0,0,0,0,2,106
org.mudebug.prapr.mutators.RelationalOperatorReplacement_2,8187138,4411,0,0,0,0,0,0,471
org.mudebug.prapr.mutators.NonVoidMethodCallGuardMutator_0,8187140,5356,0,0,0,0,0,0,181
org.mudebug.prapr.mutators.VoidMethodCallGuardMutator,8187142,1046,0,0,0,0,0,5,306
org.pitest.mutationtest.engine.gregor.mutators.experimental.RemoveSwitchMutator_5,8187149,6415,0,0,0,0,0,0,273
org.mudebug.prapr.mutators.ReturningDereferenceGuardMutator_2,8187153,5356,0,0,0,0,0,0,76
org.mudebug.prapr.mutators.DereferenceGuardMutator_0,8187155,1119,0,0,0,0,0,0,1435
org.mudebug.prapr.mutators.ReturningDereferenceGuardMutator_0,8187157,7557,0,0,0,0,0,0,76
org.mudebug.prapr.mutators.DereferenceGuardMutator_0,8187159,5356,0,0,0,0,0,0,365
org.mudebug.prapr.mutators.LocalToFieldAccessMutator_1,8187161,6742,0,0,1,1,1,2939,1849
org.mudebug.prapr.mutators.ReturningDereferenceGuardMutator_4,8190102,1134,0,0,0,0,0,0,1638
org.mudebug.prapr.mutators.FieldToLocalAccessMutator_3,8190104,6743,0,0,0,0,0,2086,1873
org.mudebug.prapr.mutators.MethodNameMutator_0,8192192,1245,0,0,0,0,0,10,675
org.pitest.mutationtest.engine.gregor.mutators.InlineConstantMutator,8192204,7205,0,0,0,0,0,9,141
org.mudebug.prapr.mutators.ReturningDereferenceGuardMutator_0,8192215,6738,0,0,0,0,0,0,1794
org.mudebug.prapr.mutators.NonVoidMethodCallGuardMutator_0,8192217,7108,0,0,0,0,0,0,1158
org.mudebug.prapr.mutators.FieldToLocalAccessMutator_1,8192219,7785,0,0,0,1,1,2220,363
org.mudebug.prapr.mutators.LocalToFieldAccessMutator_0,8194441,7108,0,0,1,1,1,5538,1153
org.pitest.mutationtest.engine.gregor.mutators.experimental.NakedReceiverMutator,8199981,1231,0,0,0,0,0,4,72
org.mudebug.prapr.mutators.RelationalOperatorReplacement_3,8199987,347,0,0,0,0,0,779,513
org.pitest.mutationtest.engine.gregor.mutators.RemoveConditionalMutator_EQUAL_ELSE,8200768,1245,0,0,0,1,1,10,801
org.pitest.mutationtest.engine.gregor.mutators.RemoveConditionalMutator_EQUAL_IF,8200780,3497,0,0,0,0,0,0,421
org.mudebug.prapr.mutators.FieldNameMutator_0,8200782,6176,0,0,0,0,0,17,571
org.mudebug.prapr.mutators.ReturningDereferenceGuardMutator_1,8200804,247,0,0,0,0,0,0,247
org.mudebug.prapr.mutators.FieldNameMutator_3,8200806,7058,0,0,1,1,1,5226,338
org.mudebug.prapr.mutators.MethCallResultGuard_2,8206034,247,0,0,0,0,0,0,244
org.pitest.mutationtest.engine.gregor.mutators.RemoveConditionalMutator_EQUAL_ELSE,8206036,4413,0,0,0,0,0,1259,526
org.mudebug.prapr.mutators.VoidMethodCallGuardMutator,8207297,7058,0,0,0,0,0,0,345
org.pitest.mutationtest.engine.gregor.mutators.EmptyObjectReturnValsMutator,8207299,4635,0,0,0,1,1,4566,136
org.pitest.mutationtest.engine.gregor.mutators.RemoveConditionalMutator_EQUAL_ELSE,8211867,5356,0,0,0,0,0,0,344
org.pitest.mutationtest.engine.gregor.mutators.experimental.RemoveSwitchMutator_15,8211869,6649,0,0,0,0,0,0,175
org.pitest.mutationtest.engine.gregor.mutators.InlineConstantMutator,8211871,3563,0,0,0,0,0,11,307
org.mudebug.prapr.mutators.MethodNameMutator_2,8211884,7302,0,0,1,1,1,5538,134
org.mudebug.prapr.mutators.VoidMethodCallGuardMutator,8217424,1044,0,0,0,0,0,0,284
org.pitest.mutationtest.engine.gregor.mutators.InlineConstantMutator,8217426,7058,0,0,0,0,0,0,284
org.pitest.mutationtest.engine.gregor.mutators.RemoveConditionalMutator_EQUAL_ELSE,8217428,1234,0,0,0,0,0,7,283
org.mudebug.prapr.mutators.ReturningDereferenceGuardMutator_4,8217437,4260,0,0,0,0,0,0,453
org.mudebug.prapr.mutators.NonVoidMethodCallGuardMutator_0,8217439,5375,0,0,0,0,0,0,1036
org.mudebug.prapr.mutators.RelationalOperatorReplacement_2,8217441,7086,0,0,0,0,0,25,892
org.mudebug.prapr.mutators.MethodNameMutator_6,8217468,1135,0,0,0,0,0,10,1644
org.pitest.mutationtest.engine.gregor.mutators.experimental.RemoveSwitchMutator_85,8217480,3636,0,0,0,0,0,7,1649
org.mudebug.prapr.mutators.ArgumentListMutator_0,8217489,1042,0,0,0,0,0,0,231
org.pitest.mutationtest.engine.gregor.mutators.ConditionalsBoundaryMutator,8217491,1563,0,0,0,0,0,0,237
org.mudebug.prapr.mutators.VoidMethodCallGuardMutator,8217493,7058,0,0,0,0,0,5,374
org.mudebug.prapr.mutators.ReturningDereferenceGuardMutator_3,8217500,3497,0,0,0,0,0,0,421
org.mudebug.prapr.mutators.FieldNameMutator_3,8217502,7215,0,0,0,0,0,13,125
org.mudebug.prapr.mutators.FieldToLocalAccessMutator_0,8217517,6941,0,0,0,0,0,2,59
org.mudebug.prapr.mutators.RelationalOperatorReplacement_2,8217521,6706,0,0,0,0,0,33,933
org.pitest.mutationtest.engine.gregor.mutators.RemoveConditionalMutator_EQUAL_ELSE,8217556,7382,0,0,0,0,0,2,442
org.pitest.mutationtest.engine.gregor.mutators.NonVoidMethodCallMutator,8217560,1053,0,0,0,0,0,5,441
org.pitest.mutationtest.engine.gregor.mutators.experimental.NakedReceiverMutator,8217567,1231,0,0,0,1,1,2,68
org.pitest.mutationtest.engine.gregor.mutators.RemoveConditionalMutator_EQUAL_ELSE,8217571,1248,0,0,0,0,0,4,878
org.mudebug.prapr.mutators.ReturningDereferenceGuardMutator_3,8217577,7378,0,0,0,0,0,0,380
org.pitest.mutationtest.engine.gregor.mutators.NonVoidMethodCallMutator,8217579,3711,0,0,1,1,1,5303,72
org.mudebug.prapr.mutators.LocalToFieldAccessMutator_2,8222884,6690,0,0,1,1,1,5427,792
org.mudebug.prapr.mutators.ArgumentListMutator_0,8228313,6710,0,0,0,1,1,8,1067
org.pitest.mutationtest.engine.gregor.mutators.NonVoidMethodCallMutator,8228323,6977,0,0,1,1,1,5538,97
org.mudebug.prapr.mutators.LocalToFieldAccessMutator_2,8233863,6743,0,0,1,1,1,2891,1870
org.mudebug.prapr.mutators.DereferenceGuardMutator_3,8236756,247,0,0,0,0,0,0,247
org.mudebug.prapr.mutators.FieldToLocalAccessMutator_2,8236758,6652,0,0,1,1,1,5084,389
org.mudebug.prapr.mutators.NonVoidMethodCallGuardMutator_0,8241844,5359,0,0,0,0,0,0,794
org.mudebug.prapr.mutators.FieldNameMutator_2,8241846,6743,0,0,1,1,1,2671,1876
org.pitest.mutationtest.engine.gregor.mutators.RemoveConditionalMutator_EQUAL_IF,8244519,1555,0,0,0,1,1,227,154
org.pitest.mutationtest.engine.gregor.mutators.NonVoidMethodCallMutator,8244748,6725,0,0,1,1,1,1,1369
org.mudebug.prapr.mutators.LocalNameMutator_2,8244751,1245,0,0,0,0,0,5,728
org.mudebug.prapr.mutators.MethodNameMutator_6,8244758,1234,0,0,1,1,1,32,272
org.mudebug.prapr.mutators.LocalToFieldAccessMutator_1,8244792,6688,0,0,0,1,1,8,763
org.mudebug.prapr.mutators.MethodNameMutator_0,8244802,3711,0,0,0,0,0,6,72
org.mudebug.prapr.mutators.ReturningDereferenceGuardMutator_4,8244810,7057,0,0,0,0,0,0,228
org.mudebug.prapr.mutators.DereferenceGuardMutator_4,8244812,1799,0,0,0,0,0,0,931
org.mudebug.prapr.mutators.MethodNameMutator_1,8244814,7259,0,0,0,0,0,259,823
org.pitest.mutationtest.engine.gregor.mutators.experimental.MemberVariableMutator,8245075,1777,0,0,0,0,0,0,672
org.mudebug.prapr.mutators.LocalToFieldAccessMutator_1,8245077,551,0,0,1,1,1,4299,215
org.mudebug.prapr.mutators.LocalToFieldAccessMutator_1,8249378,6678,0,0,1,1,1,5985,605
org.mudebug.prapr.mutators.MethCallResultGuard_1,8255365,7198,0,0,0,0,0,0,68
org.mudebug.prapr.mutators.LocalToFieldAccessMutator_3,8255367,6678,0,0,1,1,1,5985,606
org.mudebug.prapr.mutators.FieldAccessToMethodCallMutator_0,8261354,7556,0,0,0,0,0,5,70
org.mudebug.prapr.mutators.ArgumentListMutator_1,8261361,5356,0,0,1,1,1,1074,439
org.mudebug.prapr.mutators.NonVoidMethodCallGuardMutator_0,8262437,5356,0,0,0,0,0,0,98
org.pitest.mutationtest.engine.gregor.mutators.experimental.RemoveSwitchMutator_44,8262439,6649,0,0,0,0,0,0,175
org.mudebug.prapr.mutators.FieldNameMutator_3,8262441,1777,0,0,0,0,0,0,638
org.mudebug.prapr.mutators.DereferenceGuardMutator_0,8262443,7202,0,0,0,0,0,0,125
org.mudebug.prapr.mutators.LocalToFieldAccessMutator_1,8262445,6694,0,0,1,1,1,5287,826
org.mudebug.prapr.mutators.ArgumentListMutator_4,8267734,702,0,0,1,1,1,5195,41
org.mudebug.prapr.mutators.ArgumentListMutator_0,8272931,7058,0,0,1,1,1,5538,412
org.pitest.mutationtest.engine.gregor.mutators.NegateConditionalsMutator,8278471,1554,0,0,0,0,0,93,143
org.mudebug.prapr.mutators.NonVoidMethodCallGuardMutator_0,8278566,2306,0,0,0,0,0,0,41
org.mudebug.prapr.mutators.FieldAccessToMethodCallMutator_4,8278568,1777,0,0,0,0,0,0,635
org.mudebug.prapr.mutators.FieldNameMutator_1,8278570,4257,0,0,0,0,0,21,409
org.pitest.mutationtest.engine.gregor.mutators.InlineConstantMutator,8278593,6706,0,0,0,1,1,8,966
org.pitest.mutationtest.engine.gregor.mutators.ReturnValsMutator,8278603,6986,0,0,0,0,0,53,145
org.pitest.mutationtest.engine.gregor.mutators.RemoveConditionalMutator_EQUAL_ELSE,8278658,7204,0,0,0,0,0,7,135
org.mudebug.prapr.mutators.LocalToFieldAccessMutator_1,8278667,6678,0,0,1,1,1,5929,610
org.mudebug.prapr.mutators.MethodNameMutator_1,8284598,6867,0,0,0,0,0,13,159
org.mudebug.prapr.mutators.FieldAccessToMethodCallMutator_3,8284613,6684,0,0,1,1,1,877,712
org.mudebug.prapr.mutators.FieldNameMutator_5,8285492,1777,0,0,0,0,0,0,728
org.mudebug.prapr.mutators.ArgumentListMutator_3,8285494,5356,0,0,0,0,0,0,88
org.mudebug.prapr.mutators.RelationalOperatorReplacement_0,8285496,3651,0,0,0,0,0,2,1953
org.mudebug.prapr.mutators.MethCallResultGuard_2,8285500,1135,0,0,0,0,0,5,1644
org.mudebug.prapr.mutators.FieldNameMutator_3,8285507,7058,0,0,0,0,0,2257,405
org.mudebug.prapr.mutators.MethCallResultGuard_2,8287766,6726,0,0,0,0,0,1321,1383
org.mudebug.prapr.mutators.DereferenceGuardMutator_4,8289089,7263,0,0,0,0,0,0,853
org.pitest.mutationtest.engine.gregor.mutators.experimental.MemberVariableMutator,8289091,4392,0,0,0,0,0,4284,53
org.mudebug.prapr.mutators.LocalNameMutator_1,8293377,5356,0,0,0,0,0,4,181
org.pitest.mutationtest.engine.gregor.mutators.RemoveConditionalMutator_ORDER_ELSE,8293383,5362,0,0,0,1,1,206,816
org.mudebug.prapr.mutators.ArgumentListMutator_2,8293591,7059,0,0,1,1,1,5538,559
org.mudebug.prapr.mutators.DereferenceGuardMutator_0,8299131,7790,0,0,0,0,0,0,315
org.mudebug.prapr.mutators.FieldNameMutator_1,8299133,1106,0,0,0,0,0,0,1074
org.mudebug.prapr.mutators.ArgumentListMutator_0,8299135,5191,0,0,1,1,1,5173,78
org.pitest.mutationtest.engine.gregor.mutators.InlineConstantMutator,8304310,702,0,0,0,0,0,8,41
org.mudebug.prapr.mutators.DereferenceGuardMutator_3,8304320,5356,0,0,0,0,0,0,76
org.mudebug.prapr.mutators.LocalNameMutator_1,8304325,6684,0,0,0,1,1,271,701
org.pitest.mutationtest.engine.gregor.mutators.InlineConstantMutator,8304598,1788,0,0,1,1,1,4520,857
org.pitest.mutationtest.engine.gregor.mutators.InlineConstantMutator,8309120,517,0,0,0,1,1,141,116
org.pitest.mutationtest.engine.gregor.mutators.InlineConstantMutator,8309263,334,0,0,1,1,1,4366,379
org.mudebug.prapr.mutators.FieldAccessToMethodCallMutator_2,8313631,6738,0,0,1,1,1,252,1794
org.mudebug.prapr.mutators.ArgumentListMutator_4,8313885,7257,0,0,0,0,0,0,810
org.mudebug.prapr.mutators.NonVoidMethodCallGuardMutator_0,8313887,6690,0,0,0,0,0,0,792
org.mudebug.prapr.mutators.FieldNameMutator_5,8313906,7058,0,0,1,1,1,5538,258
org.mudebug.prapr.mutators.ArgumentListMutator_4,8319446,543,0,0,1,1,1,5365,89
org.mudebug.prapr.mutators.FieldToLocalAccessMutator_1,8324813,6674,0,0,1,1,1,2709,563
org.mudebug.prapr.mutators.FieldNameMutator_0,8327524,6651,0,0,1,1,1,4556,382
org.mudebug.prapr.mutators.LocalNameMutator_0,8332082,6728,0,0,0,1,1,2801,1420
org.mudebug.prapr.mutators.MethodNameMutator_2,8334885,551,0,0,0,0,0,1505,214
org.mudebug.prapr.mutators.FieldAccessToMethodCallMutator_1,8336392,1053,0,0,1,1,1,4579,439
org.mudebug.prapr.mutators.MethCallResultGuard_2,8340973,1053,0,0,0,0,0,5,440
org.mudebug.prapr.mutators.FieldNameMutator_4,8340980,7131,0,0,1,1,1,5538,71
org.pitest.mutationtest.engine.gregor.mutators.experimental.RemoveSwitchMutator_76,8346520,6415,0,0,0,0,0,0,273
org.mudebug.prapr.mutators.MethodNameMutator_3,8346522,5356,0,0,0,0,0,1,358
org.pitest.mutationtest.engine.gregor.mutators.NegateConditionalsMutator,8346525,1106,0,0,0,0,0,0,1085
org.pitest.mutationtest.engine.gregor.mutators.InlineConstantMutator,8351593,7497,0,0,0,0,0,1,377
org.mudebug.prapr.mutators.ReturningDereferenceGuardMutator_1,8351596,546,0,0,0,0,0,0,149
org.pitest.mutationtest.engine.gregor.mutators.VoidMethodCallMutator,8351598,6737,0,0,0,0,0,5,1782
org.mudebug.prapr.mutators.RelationalOperatorReplacement_0,8351607,6176,0,0,0,1,1,140,571
org.mudebug.prapr.mutators.FieldNameMutator_3,8351749,1777,0,0,0,0,0,0,738
org.mudebug.prapr.mutators.FieldToLocalAccessMutator_0,8351751,5362,0,0,0,0,0,1,816
org.pitest.mutationtest.engine.gregor.mutators.experimental.RemoveSwitchMutator_50,8351754,5356,0,0,0,0,0,0,117
org.pitest.mutationtest.engine.gregor.mutators.RemoveConditionalMutator_EQUAL_IF,8351756,6694,0,0,0,1,1,8,825
org.pitest.mutationtest.engine.gregor.mutators.experimental.RemoveSwitchMutator_76,8351766,495,0,0,0,0,0,0,119
org.mudebug.prapr.mutators.LocalToFieldAccessMutator_1,8351768,561,0,0,0,1,1,5020,1206
org.mudebug.prapr.mutators.DereferenceGuardMutator_0,8356790,7305,0,0,0,0,0,0,208
org.mudebug.prapr.mutators.MethodNameMutator_3,8356792,3611,0,0,0,0,0,859,1327
org.mudebug.prapr.mutators.MethCallResultGuard_1,8357653,495,0,0,0,0,0,0,255
org.mudebug.prapr.mutators.MethodNameMutator_3,8357655,551,0,0,1,1,1,5365,224
org.mudebug.prapr.mutators.ReturningDereferenceGuardMutator_4,8363022,7057,0,0,0,0,0,5,227
org.mudebug.prapr.mutators.FieldAccessToMethodCallMutator_0,8363029,7202,0,0,0,0,0,0,125
org.pitest.mutationtest.engine.gregor.mutators.NonVoidMethodCallMutator,8363031,5192,0,0,0,0,0,13,52
org.mudebug.prapr.mutators.MethCallResultGuard_1,8363046,343,0,0,0,0,0,5,464
org.mudebug.prapr.mutators.MethodNameMutator_0,8363053,6972,0,0,0,0,0,1747,66
org.mudebug.prapr.mutators.DereferenceGuardMutator_1,8364802,6723,0,0,0,0,0,0,1346
org.pitest.mutationtest.engine.gregor.mutators.InlineConstantMutator,8364804,4411,0,0,0,0,0,23,471
org.mudebug.prapr.mutators.FieldToLocalAccessMutator_1,8364829,7785,0,0,0,1,1,585,361
org.pitest.mutationtest.engine.gregor.mutators.NegateConditionalsMutator,8365416,6728,0,0,0,1,1,2809,1407
org.pitest.mutationtest.engine.gregor.mutators.InlineConstantMutator,8368227,7058,0,0,1,1,1,5538,532
org.mudebug.prapr.mutators.FieldNameMutator_3,8373767,1777,0,0,0,0,0,0,739
org.mudebug.prapr.mutators.FieldNameMutator_2,8373769,6674,0,0,1,1,1,1029,560
org.mudebug.prapr.mutators.DereferenceGuardMutator_0,8374800,2306,0,0,0,0,0,0,41
org.pitest.mutationtest.engine.gregor.mutators.NonVoidMethodCallMutator,8374802,5356,0,0,1,1,1,1316,215
org.pitest.mutationtest.engine.gregor.mutators.RemoveConditionalMutator_EQUAL_IF,8376120,6728,0,0,0,1,1,2809,1412
org.mudebug.prapr.mutators.MethCallResultGuard_1,8378931,7058,0,0,0,0,0,0,494
org.mudebug.prapr.mutators.FieldAccessToMethodCallMutator_3,8378933,6684,0,0,1,1,1,757,705
org.mudebug.prapr.mutators.DereferenceGuardMutator_3,8379695,355,0,0,0,0,0,0,627
org.pitest.mutationtest.engine.gregor.mutators.RemoveConditionalMutator_EQUAL_ELSE,8379697,6743,0,0,0,0,0,2081,1873
org.pitest.mutationtest.engine.gregor.mutators.RemoveConditionalMutator_EQUAL_ELSE,8381780,1106,0,0,0,0,0,2,1146
org.mudebug.prapr.mutators.MethodNameMutator_9,8381784,517,0,0,0,0,0,1412,95
org.mudebug.prapr.mutators.MethCallResultGuard_0,8383198,359,0,0,0,0,0,0,674
org.pitest.mutationtest.engine.gregor.mutators.ArgumentPropagationMutator,8383200,1052,0,0,0,0,0,0,413
org.mudebug.prapr.mutators.ArgumentListMutator_2,8383204,2459,0,0,1,1,1,5269,60
org.mudebug.prapr.mutators.MethodNameMutator_0,8388475,247,0,0,0,0,0,0,251
org.mudebug.prapr.mutators.FieldNameMutator_4,8388477,7058,0,0,0,0,0,2251,354
org.mudebug.prapr.mutators.MethodNameMutator_9,8390730,4415,0,0,0,0,0,5,549
org.mudebug.prapr.mutators.ArgumentListMutator_4,8390737,5356,0,0,1,1,1,1504,498
org.pitest.mutationtest.engine.gregor.mutators.BooleanTrueReturnValsMutator,8392243,7204,0,0,0,0,0,1799,135
org.mudebug.prapr.mutators.LocalToFieldAccessMutator_0,8394058,7233,0,0,1,1,1,5543,295
org.pitest.mutationtest.engine.gregor.mutators.experimental.MemberVariableMutator,8399603,1777,0,0,0,0,0,0,737
org.mudebug.prapr.mutators.MethodNameMutator_0,8399605,7063,0,0,0,0,0,1,609
org.mudebug.prapr.mutators.FieldAccessToMethodCallMutator_0,8399608,6684,0,0,1,1,1,757,706
org.mudebug.prapr.mutators.ArgumentListMutator_1,8400367,1043,0,0,1,1,1,2889,270
org.pitest.mutationtest.engine.gregor.mutators.RemoveConditionalMutator_EQUAL_ELSE,8403258,6725,0,1,1,1,1,1,1368
org.pitest.mutationtest.engine.gregor.mutators.experimental.RemoveSwitchMutator_60,8403260,6415,0,0,0,0,0,0,273
org.mudebug.prapr.mutators.FieldNameMutator_1,8403262,7059,0,0,0,0,0,2,557
org.mudebug.prapr.mutators.ReturningDereferenceGuardMutator_2,8403266,6743,0,0,0,0,0,0,1870
org.mudebug.prapr.mutators.NonVoidMethodCallGuardMutator_0,8403268,6725,0,0,0,0,0,0,1369
org.mudebug.prapr.mutators.MethodNameMutator_1,8403270,5376,0,0,0,0,0,1,1051
org.mudebug.prapr.mutators.ReturningDereferenceGuardMutator_2,8403273,6696,0,0,0,0,0,0,837
org.mudebug.prapr.mutators.FieldToLocalAccessMutator_1,8403275,6651,0,0,1,1,1,4611,383
org.pitest.mutationtest.engine.gregor.mutators.experimental.MemberVariableMutator,8407888,1555,0,0,0,0,0,93,160
org.mudebug.prapr.mutators.FieldAccessToMethodCallMutator_3,8407983,6732,0,0,0,0,0,0,1624
org.mudebug.prapr.mutators.FieldNameMutator_2,8407985,7058,0,0,1,1,1,5538,281
org.pitest.mutationtest.engine.gregor.mutators.NonVoidMethodCallMutator,8413525,7259,0,0,1,1,1,5538,823
org.mudebug.prapr.mutators.FieldNameMutator_3,8419065,1777,0,0,0,0,0,0,683
org.pitest.mutationtest.engine.gregor.mutators.experimental.RemoveSwitchMutator_93,8419067,5356,0,0,0,0,0,0,117
org.mudebug.prapr.mutators.RelationalOperatorReplacement_3,8419069,1236,1,0,0,1,1,15,520
org.pitest.mutationtest.engine.gregor.mutators.experimental.RemoveSwitchMutator_80,8419086,555,0,0,0,0,0,0,872
org.pitest.mutationtest.engine.gregor.mutators.BooleanFalseReturnValsMutator,8419088,7385,0,0,0,0,0,65,501
org.mudebug.prapr.mutators.FieldNameMutator_5,8419155,7058,0,0,0,0,0,2252,374
org.pitest.mutationtest.engine.gregor.mutators.NonVoidMethodCallMutator,8421409,1560,0,0,0,0,0,90,189
org.mudebug.prapr.mutators.MethodNameMutator_0,8421501,328,0,0,0,0,0,518,280
org.mudebug.prapr.mutators.NonVoidMethodCallGuardMutator_0,8422021,247,0,0,0,0,0,2,242
org.pitest.mutationtest.engine.gregor.mutators.experimental.RemoveSwitchMutator_27,8422025,6415,0,0,0,0,0,0,273
org.mudebug.prapr.mutators.MethCallResultGuard_0,8422027,6799,0,0,0,0,0,5,104
org.mudebug.prapr.mutators.DereferenceGuardMutator_3,8422034,7302,0,0,0,0,0,0,105
org.mudebug.prapr.mutators.ReturningDereferenceGuardMutator_0,8422036,6744,0,0,0,0,0,0,1894
org.pitest.mutationtest.engine.gregor.mutators.experimental.RemoveSwitchMutator_79,8422038,3636,0,0,0,0,0,0,1649
org.mudebug.prapr.mutators.LocalToFieldAccessMutator_1,8422040,6674,0,0,1,1,1,1029,560
org.pitest.mutationtest.engine.gregor.mutators.VoidMethodCallMutator,8423071,551,0,0,0,1,1,2674,222
org.mudebug.prapr.mutators.LocalToFieldAccessMutator_0,8425747,6726,0,0,1,1,1,2617,1383
org.mudebug.prapr.mutators.MethCallResultGuard_2,8428366,3246,0,0,0,0,0,0,85
org.pitest.mutationtest.engine.gregor.mutators.experimental.MemberVariableMutator,8428368,7052,0,0,1,1,1,5538,128
org.mudebug.prapr.mutators.MethodNameMutator_3,8433908,7557,0,0,0,0,0,75,76
org.mudebug.prapr.mutators.ArgumentListMutator_0,8433985,5356,0,0,1,1,1,2243,576
org.mudebug.prapr.mutators.NonVoidMethodCallGuardMutator_0,8436232,7209,0,0,0,0,0,0,73
org.mudebug.prapr.mutators.MethodNameMutator_3,8436234,4415,0,0,0,0,0,180,549
org.mudebug.prapr.mutators.LocalNameMutator_0,8436416,4720,0,0,0,0,0,2,42
org.mudebug.prapr.mutators.FieldNameMutator_3,8436420,1777,0,0,0,0,0,0,720
org.mudebug.prapr.mutators.RelationalOperatorReplacement_3,8436422,705,0,0,0,0,0,6,57
org.mudebug.prapr.mutators.MethCallResultGuard_2,8436430,7059,0,0,0,0,0,0,549
org.mudebug.prapr.mutators.MethCallResultGuard_0,8436432,4257,0,0,0,0,0,0,408
org.mudebug.prapr.mutators.LocalNameMutator_0,8436434,6689,0,0,1,1,1,5190,783
org.mudebug.prapr.mutators.ArgumentListMutator_4,8441626,3263,0,0,0,0,0,0,50
org.mudebug.prapr.mutators.VoidMethodCallGuardMutator,8441631,517,0,0,0,0,0,0,94
org.mudebug.prapr.mutators.FieldAccessToMethodCallMutator_0,8441633,7786,0,0,0,0,0,5,281
org.mudebug.prapr.mutators.ReturningDereferenceGuardMutator_1,8441640,705,0,0,0,0,0,0,65
org.mudebug.prapr.mutators.FieldNameMutator_3,8441642,1777,0,0,0,0,0,0,702
org.mudebug.prapr.mutators.VoidMethodCallGuardMutator,8441644,7058,0,0,0,0,0,0,436
org.pitest.mutationtest.engine.gregor.mutators.experimental.RemoveSwitchMutator_65,8441646,6415,0,0,0,0,0,3,273
org.mudebug.prapr.mutators.RelationalOperatorReplacement_1,8441651,4667,0,0,0,0,0,0,69
org.pitest.mutationtest.engine.gregor.mutators.VoidMethodCallMutator,8441653,7059,0,0,0,0,0,9,560
org.pitest.mutationtest.engine.gregor.mutators.RemoveConditionalMutator_EQUAL_ELSE,8441664,5356,0,0,0,1,1,216,350
org.mudebug.prapr.mutators.LocalNameMutator_0,8441882,4665,0,0,0,0,0,13,54
org.pitest.mutationtest.engine.gregor.mutators.experimental.NakedReceiverMutator,8441897,1234,0,0,1,1,1,30,271
org.mudebug.prapr.mutators.ArgumentListMutator_4,8441929,1037,0,0,1,1,1,5257,183
org.mudebug.prapr.mutators.MethCallResultGuard_0,8447188,1245,0,0,0,0,0,0,719
org.mudebug.prapr.mutators.FieldAccessToMethodCallMutator_4,8447190,6684,0,0,0,0,0,4,697
org.mudebug.prapr.mutators.LocalToFieldAccessMutator_3,8447196,6725,0,0,1,1,1,2799,1367
org.mudebug.prapr.mutators.LocalNameMutator_0,8449997,347,0,0,0,0,0,777,537
org.mudebug.prapr.mutators.DereferenceGuardMutator_0,8450776,6678,0,0,0,0,0,0,606
org.mudebug.prapr.mutators.FieldNameMutator_1,8450778,3447,0,0,0,0,0,2276,1076
org.mudebug.prapr.mutators.MethodNameMutator_1,8453056,4159,0,1,1,1,1,2595,103
org.mudebug.prapr.mutators.ArgumentListMutator_1,8455652,5356,0,0,0,0,0,0,512
org.mudebug.prapr.mutators.FieldNameMutator_3,8455654,1777,0,0,0,0,0,0,641
org.pitest.mutationtest.engine.gregor.mutators.VoidMethodCallMutator,8455656,5356,0,0,0,0,0,28,696
org.pitest.mutationtest.engine.gregor.mutators.NonVoidMethodCallMutator,8455686,1245,0,0,1,1,1,20,713
org.pitest.mutationtest.engine.gregor.mutators.experimental.MemberVariableMutator,8455708,4665,0,0,0,0,0,0,52
org.mudebug.prapr.mutators.MethCallResultGuard_0,8455710,5356,0,0,0,0,0,0,215
org.mudebug.prapr.mutators.LocalToFieldAccessMutator_1,8455712,6684,0,0,0,0,0,308,712
org.pitest.mutationtest.engine.gregor.mutators.RemoveConditionalMutator_ORDER_IF,8456022,7303,0,0,0,0,0,1939,168
org.mudebug.prapr.mutators.MethCallResultGuard_2,8457963,1245,0,0,0,0,0,0,804
org.mudebug.prapr.mutators.FieldNameMutator_1,8457965,6743,0,0,0,0,0,2081,1874
org.pitest.mutationtest.engine.gregor.mutators.RemoveConditionalMutator_EQUAL_IF,8460048,6696,0,0,0,0,0,1,836
org.mudebug.prapr.mutators.LocalToFieldAccessMutator_2,8460051,6678,0,0,1,1,1,5985,602
org.mudebug.prapr.mutators.FieldNameMutator_1,8466038,1777,0,0,0,0,0,0,671
org.pitest.mutationtest.engine.gregor.mutators.experimental.RemoveSwitchMutator_27,8466040,5356,0,0,0,0,0,12,117
org.pitest.mutationtest.engine.gregor.mutators.ReturnValsMutator,8466054,3498,0,0,0,0,0,0,453
org.pitest.mutationtest.engine.gregor.mutators.NonVoidMethodCallMutator,8466056,7058,0,0,0,0,0,0,470
org.mudebug.prapr.mutators.FieldNameMutator_5,8466058,1777,0,0,0,0,0,0,715
org.pitest.mutationtest.engine.gregor.mutators.NullReturnValsMutator,8466060,6174,0,0,0,0,0,0,550
org.mudebug.prapr.mutators.ArgumentListMutator_4,8466062,4152,0,0,1,1,1,4577,51
org.pitest.mutationtest.engine.gregor.mutators.InlineConstantMutator,8470641,3675,0,0,1,1,1,4269,2354
org.mudebug.prapr.mutators.DereferenceGuardMutator_0,8474912,1101,0,0,0,0,0,0,1020
org.pitest.mutationtest.engine.gregor.mutators.NegateConditionalsMutator,8474914,1101,0,0,1,1,1,4818,1019
org.pitest.mutationtest.engine.gregor.mutators.experimental.MemberVariableMutator,8479734,1038,0,0,0,0,0,0,804
org.mudebug.prapr.mutators.MethodNameMutator_2,8479736,7109,0,0,0,0,0,6,1174
org.mudebug.prapr.mutators.ArithmeticOperatorReplacement_5,8479744,346,0,0,0,0,0,2,496
org.mudebug.prapr.mutators.NonVoidMethodCallGuardMutator_0,8479748,3589,0,0,0,0,0,0,1062
org.mudebug.prapr.mutators.DereferenceGuardMutator_0,8479750,1053,0,0,0,0,0,0,431
org.pitest.mutationtest.engine.gregor.mutators.RemoveConditionalMutator_EQUAL_ELSE,8479752,1245,0,0,0,1,1,15,803
org.mudebug.prapr.mutators.DereferenceGuardMutator_0,8479769,2459,0,0,0,0,0,5,64
org.mudebug.prapr.mutators.MethCallResultGuard_0,8479776,4410,0,0,0,1,1,3537,456
org.pitest.mutationtest.engine.gregor.mutators.NegateConditionalsMutator,8483315,7090,0,0,0,0,0,1992,931
org.pitest.mutationtest.engine.gregor.mutators.NonVoidMethodCallMutator,8485309,334,0,0,0,0,0,1966,382
org.mudebug.prapr.mutators.NonVoidMethodCallGuardMutator_0,8487277,247,0,0,0,0,0,2,247
org.pitest.mutationtest.engine.gregor.mutators.experimental.RemoveSwitchMutator_87,8487281,3584,0,0,0,0,0,0,901
org.pitest.mutationtest.engine.gregor.mutators.InlineConstantMutator,8487283,7197,0,0,0,0,0,0,52
org.mudebug.prapr.mutators.ReturningDereferenceGuardMutator_2,8487285,4261,0,0,0,0,0,0,471
org.mudebug.prapr.mutators.FieldToLocalAccessMutator_0,8487287,7215,0,0,0,0,0,1672,137
org.mudebug.prapr.mutators.LocalNameMutator_0,8488961,6683,0,0,1,1,1,760,683
org.mudebug.prapr.mutators.MethCallResultGuard_1,8489723,1119,0,0,0,0,0,5,1435
org.mudebug.prapr.mutators.ReturningDereferenceGuardMutator_4,8489730,1106,0,0,0,0,0,5,1106
org.mudebug.prapr.mutators.MethodNameMutator_7,8489737,7205,0,0,0,0,0,9,141
org.mudebug.prapr.mutators.DereferenceGuardMutator_0,8489748,6176,0,0,0,0,0,0,577
org.mudebug.prapr.mutators.FieldNameMutator_1,8489750,7302,0,0,0,0,0,1979,110
org.pitest.mutationtest.engine.gregor.mutators.ArgumentPropagationMutator,8491731,347,0,0,0,0,0,24,542
org.mudebug.prapr.mutators.DereferenceGuardMutator_3,8491757,6743,0,0,0,0,0,0,1871
org.mudebug.prapr.mutators.LocalNameMutator_0,8491759,1234,0,0,0,0,0,0,277
org.mudebug.prapr.mutators.FieldNameMutator_3,8491761,1777,0,0,0,0,0,0,662
org.mudebug.prapr.mutators.FieldNameMutator_5,8491763,7058,0,0,1,1,1,5226,444
org.mudebug.prapr.mutators.RelationalOperatorReplacement_3,8496991,5356,0,0,0,0,0,3,507
org.mudebug.prapr.mutators.MethodNameMutator_3,8497003,346,0,0,0,1,1,3,497
org.mudebug.prapr.mutators.MethCallResultGuard_2,8497008,3611,0,0,0,0,0,0,1327
org.pitest.mutationtest.engine.gregor.mutators.PrimitiveReturnsMutator,8497010,6713,0,0,0,0,0,23,1148
org.mudebug.prapr.mutators.MethodNameMutator_4,8497038,6986,0,0,0,0,0,46,145
org.mudebug.prapr.mutators.ArithmeticOperatorReplacement_4,8497086,6715,0,0,0,0,0,76,1176
org.pitest.mutationtest.engine.gregor.mutators.VoidMethodCallMutator,8497164,6651,0,0,0,0,0,0,375
org.pitest.mutationtest.engine.gregor.mutators.ConstructorCallMutator,8497166,1038,0,0,0,0,0,445,137
org.mudebug.prapr.mutators.NonVoidMethodCallGuardMutator_0,8497613,7383,0,0,0,0,0,0,457
org.pitest.mutationtest.engine.gregor.mutators.NonVoidMethodCallMutator,8497615,6176,0,0,0,1,1,223,577
org.mudebug.prapr.mutators.MethCallResultGuard_1,8497842,1040,0,0,0,0,0,0,209
org.mudebug.prapr.mutators.LocalNameMutator_0,8497844,7198,0,0,0,0,0,0,67
org.mudebug.prapr.mutators.LocalToFieldAccessMutator_0,8497846,558,0,0,1,1,1,4277,1194
org.mudebug.prapr.mutators.FieldNameMutator_4,8502125,7058,0,0,1,1,1,5538,436
org.mudebug.prapr.mutators.MethodNameMutator_4,8507665,1234,0,0,1,1,1,12,276
org.pitest.mutationtest.engine.gregor.mutators.ConstructorCallMutator,8507679,4643,0,1,1,1,1,2319,257
org.mudebug.prapr.mutators.MethCallResultGuard_1,8510002,1313,0,0,0,0,0,0,86
org.mudebug.prapr.mutators.MethCallResultGuard_1,8510004,1052,0,0,0,0,0,0,403
org.mudebug.prapr.mutators.FieldNameMutator_1,8510006,1777,0,0,0,0,0,0,639
org.mudebug.prapr.mutators.ArgumentListMutator_3,8510008,7556,0,0,0,0,0,53,70
org.mudebug.prapr.mutators.RelationalOperatorReplacement_3,8510063,5356,0,0,0,1,1,117,504
org.pitest.mutationtest.engine.gregor.mutators.RemoveConditionalMutator_EQUAL_ELSE,8510182,6710,0,0,0,0,0,8,1063
org.mudebug.prapr.mutators.LocalToFieldAccessMutator_3,8510192,6721,0,0,0,1,1,586,1331
org.mudebug.prapr.mutators.ArgumentListMutator_5,8510780,1313,0,0,0,0,0,0,83
org.mudebug.prapr.mutators.MethodNameMutator_0,8510782,7382,0,0,0,0,0,16,429
org.mudebug.prapr.mutators.NonVoidMethodCallGuardMutator_0,8510800,3249,0,0,0,0,0,0,103
org.pitest.mutationtest.engine.gregor.mutators.VoidMethodCallMutator,8510802,7058,0,0,0,0,0,2255,395
org.mudebug.prapr.mutators.MethCallResultGuard_0,8513059,245,0,0,0,0,0,0,198
org.pitest.mutationtest.engine.gregor.mutators.RemoveConditionalMutator_EQUAL_IF,8513061,7215,0,0,1,1,1,5538,134
org.mudebug.prapr.mutators.MethodNameMutator_0,8518601,1234,0,0,0,0,0,0,302
org.mudebug.prapr.mutators.FieldNameMutator_3,8518603,1777,0,0,0,0,0,0,663
org.pitest.mutationtest.engine.gregor.mutators.NonVoidMethodCallMutator,8518605,7556,0,0,0,0,0,2254,70
org.pitest.mutationtest.engine.gregor.mutators.InlineConstantMutator,8520861,7058,0,0,1,1,1,5538,494
org.mudebug.prapr.mutators.RelationalOperatorReplacement_1,8526401,1248,0,0,0,0,0,0,878
org.mudebug.prapr.mutators.MethCallResultGuard_0,8526403,7059,0,0,0,0,0,0,555
org.pitest.mutationtest.engine.gregor.mutators.NonVoidMethodCallMutator,8526405,5356,0,0,0,0,0,1,98
org.mudebug.prapr.mutators.MethCallResultGuard_0,8526408,1106,0,0,0,0,0,0,1173
org.mudebug.prapr.mutators.FieldAccessToMethodCallMutator_1,8526410,6732,0,0,0,0,0,0,1618
org.mudebug.prapr.mutators.LocalNameMutator_2,8526412,1234,0,0,0,0,0,0,316
org.pitest.mutationtest.engine.gregor.mutators.experimental.RemoveSwitchMutator_0,8526414,555,0,0,0,0,0,0,872
org.mudebug.prapr.mutators.MethodNameMutator_3,8526416,551,0,0,1,1,1,4299,214
org.mudebug.prapr.mutators.MethodNameMutator_0,8530717,7058,0,0,0,0,0,2,425
org.mudebug.prapr.mutators.LocalToFieldAccessMutator_2,8530721,6678,0,0,1,1,1,5985,603
org.mudebug.prapr.mutators.MethodNameMutator_0,8536708,6706,0,0,0,1,1,8,967
org.mudebug.prapr.mutators.MethodNameMutator_0,8536718,347,0,0,1,1,1,4299,548
org.mudebug.prapr.mutators.MethodNameMutator_1,8541019,159,0,0,0,0,0,0,649
org.mudebug.prapr.mutators.DereferenceGuardMutator_0,8541021,6728,0,0,0,0,0,0,1418
org.mudebug.prapr.mutators.ReturningDereferenceGuardMutator_1,8541023,4260,0,0,0,0,0,0,453
org.pitest.mutationtest.engine.gregor.mutators.InlineConstantMutator,8541025,7215,0,0,1,1,1,5538,128
org.mudebug.prapr.mutators.LocalNameMutator_2,8546565,7058,0,0,0,0,0,11,519
org.mudebug.prapr.mutators.LocalToFieldAccessMutator_2,8546578,6684,0,0,0,0,0,4,701
org.mudebug.prapr.mutators.RelationalOperatorReplacement_0,8546584,1049,0,0,0,1,1,4572,366
org.mudebug.prapr.mutators.LocalNameMutator_0,8551158,6738,0,0,0,0,0,3,1795
org.pitest.mutationtest.engine.gregor.mutators.ReturnValsMutator,8551163,7382,0,0,0,0,0,1859,448
org.mudebug.prapr.mutators.LocalToFieldAccessMutator_2,8553024,1042,0,0,1,1,1,4520,248
org.mudebug.prapr.mutators.RelationalOperatorReplacement_1,8557546,1562,0,0,0,0,0,1,217
org.mudebug.prapr.mutators.ArgumentListMutator_4,8557549,1044,0,0,1,1,1,4564,281
org.pitest.mutationtest.engine.gregor.mutators.RemoveConditionalMutator_EQUAL_ELSE,8562115,7355,0,0,0,0,0,1980,113
org.mudebug.prapr.mutators.MethodNameMutator_1,8564097,5356,0,0,0,0,0,1,358
org.mudebug.prapr.mutators.RelationalOperatorReplacement_3,8564100,1555,0,0,0,0,0,93,154
org.pitest.mutationtest.engine.gregor.mutators.InlineConstantMutator,8564195,6706,0,0,0,1,1,2,973
org.mudebug.prapr.mutators.MethodNameMutator_4,8564199,1106,0,0,0,1,1,2812,1137
org.pitest.mutationtest.engine.gregor.mutators.NonVoidMethodCallMutator,8567013,5219,0,0,0,0,0,83,181
org.mudebug.prapr.mutators.ArgumentListMutator_2,8567098,1246,0,0,0,0,0,0,818
org.mudebug.prapr.mutators.LocalNameMutator_0,8567100,5375,0,0,0,1,1,9,1033
org.mudebug.prapr.mutators.MethodNameMutator_0,8567111,4411,0,0,1,1,1,4269,485
org.mudebug.prapr.mutators.MethCallResultGuard_0,8571382,5376,0,0,0,0,0,0,1045
org.pitest.mutationtest.engine.gregor.mutators.VoidMethodCallMutator,8571384,7058,0,0,1,1,1,5538,436
org.mudebug.prapr.mutators.LocalNameMutator_1,8576924,6674,0,0,1,1,1,2709,564
org.pitest.mutationtest.engine.gregor.mutators.IncrementsMutator,8579635,7198,0,0,1,1,1,5538,67
org.mudebug.prapr.mutators.NonVoidMethodCallGuardMutator_0,8585175,334,0,0,0,0,0,0,382
org.mudebug.prapr.mutators.MethCallResultGuard_2,8585177,1245,0,0,0,0,0,0,728
org.mudebug.prapr.mutators.ReturningDereferenceGuardMutator_3,8585179,705,0,0,0,0,0,0,69
org.mudebug.prapr.mutators.MethodNameMutator_7,8585181,5376,0,0,1,1,1,253,1045
org.mudebug.prapr.mutators.NonVoidMethodCallGuardMutator_0,8585436,370,0,0,0,0,0,5,815
org.mudebug.prapr.mutators.FieldNameMutator_3,8585443,1101,0,0,0,0,0,22,1020
org.pitest.mutationtest.engine.gregor.mutators.NonVoidMethodCallMutator,8585467,5358,0,0,1,1,1,253,740
org.mudebug.prapr.mutators.FieldNameMutator_0,8585722,7063,0,0,0,0,0,905,599
org.mudebug.prapr.mutators.DereferenceGuardMutator_4,8586629,6732,0,0,0,0,0,0,1618
org.mudebug.prapr.mutators.ArgumentListMutator_2,8586631,543,0,0,1,1,1,5365,85
org.mudebug.prapr.mutators.ArgumentListMutator_3,8591998,5356,0,0,0,0,0,0,425
org.mudebug.prapr.mutators.LocalNameMutator_2,8592000,7058,0,0,0,0,0,28,478
org.pitest.mutationtest.engine.gregor.mutators.VoidMethodCallMutator,8592030,705,0,0,0,0,0,8,69
org.pitest.mutationtest.engine.gregor.mutators.InlineConstantMutator,8592040,1537,0,0,0,1,1,208,30
org.mudebug.prapr.mutators.RelationalOperatorReplacement_3,8592250,1248,0,0,0,0,0,0,867
org.mudebug.prapr.mutators.ArgumentListMutator_2,8592252,6684,0,0,0,0,0,0,695
org.pitest.mutationtest.engine.gregor.mutators.ReturnValsMutator,8592254,555,0,0,1,1,1,314,964
org.pitest.mutationtest.engine.gregor.mutators.NegateConditionalsMutator,8592570,6732,0,0,0,0,0,6,1618
org.mudebug.prapr.mutators.MethodNameMutator_0,8592578,7215,0,0,0,0,0,0,128
org.mudebug.prapr.mutators.ArgumentListMutator_2,8592580,6384,0,0,1,1,1,2403,244
org.pitest.mutationtest.engine.gregor.mutators.ReturnValsMutator,8594985,7116,0,0,0,0,0,2265,1257
org.mudebug.prapr.mutators.MethodNameMutator_0,8597252,6977,0,0,0,0,0,0,96
org.mudebug.prapr.mutators.LocalToFieldAccessMutator_3,8597254,6738,0,0,1,1,1,247,1798
org.mudebug.prapr.mutators.ArgumentListMutator_4,8597503,3262,0,0,1,1,1,5296,44
org.pitest.mutationtest.engine.gregor.mutators.experimental.RemoveSwitchMutator_42,8602801,555,0,0,0,0,0,0,872
org.mudebug.prapr.mutators.LocalNameMutator_0,8602803,241,0,0,1,1,1,5190,142
org.mudebug.prapr.mutators.MethCallResultGuard_0,8607995,551,0,0,0,0,0,0,212
org.pitest.mutationtest.engine.gregor.mutators.experimental.RemoveSwitchMutator_7,8607997,3563,0,0,0,0,0,7,293
org.mudebug.prapr.mutators.LocalToFieldAccessMutator_2,8608006,6674,0,0,1,1,1,2709,563
org.mudebug.prapr.mutators.ArgumentListMutator_3,8610717,5356,0,0,0,0,0,0,428
org.mudebug.prapr.mutators.FieldAccessToMethodCallMutator_0,8610734,1777,0,0,0,0,0,0,682
org.pitest.mutationtest.engine.gregor.mutators.experimental.MemberVariableMutator,8610736,1777,0,0,0,0,0,31,656
org.mudebug.prapr.mutators.FieldAccessToMethodCallMutator_0,8610769,1777,0,0,0,0,0,0,684
org.mudebug.prapr.mutators.MethodNameMutator_5,8610771,3675,0,0,1,1,1,1954,2358
org.mudebug.prapr.mutators.LocalToFieldAccessMutator_1,8612727,6706,0,0,1,1,1,27,974
org.mudebug.prapr.mutators.ArgumentListMutator_3,8612756,6706,0,0,0,1,1,8,966
org.mudebug.prapr.mutators.FieldNameMutator_0,8612766,7059,0,0,0,0,0,76,547
org.mudebug.prapr.mutators.RelationalOperatorReplacement_0,8612844,5356,0,0,0,0,0,25,431
org.pitest.mutationtest.engine.gregor.mutators.ReturnValsMutator,8612871,1231,0,0,0,0,0,8,69
org.mudebug.prapr.mutators.LocalNameMutator_0,8612881,4410,0,0,0,0,0,0,463
org.mudebug.prapr.mutators.MethodNameMutator_7,8612883,6710,0,0,1,1,1,44,1068
org.mudebug.prapr.mutators.ArgumentListMutator_2,8612937,1082,0,0,0,0,0,0,834
org.mudebug.prapr.mutators.ArgumentListMutator_3,8612939,1777,0,0,1,1,1,5292,83
org.mudebug.prapr.mutators.RelationalOperatorReplacement_1,8618233,5362,0,0,0,0,0,26,816
org.pitest.mutationtest.engine.gregor.mutators.InlineConstantMutator,8618261,4439,0,0,0,1,1,1813,128
org.mudebug.prapr.mutators.NonVoidMethodCallGuardMutator_0,8620076,6725,0,0,0,0,0,0,1369
org.mudebug.prapr.mutators.MethCallResultGuard_2,8620078,7233,0,0,0,0,0,0,298
org.mudebug.prapr.mutators.ArgumentListMutator_3,8620082,6706,0,0,0,1,1,8,967
org.mudebug.prapr.mutators.MethodNameMutator_8,8620092,1231,0,0,1,1,1,33,69
org.mudebug.prapr.mutators.FieldAccessToMethodCallMutator_1,8620127,3244,0,0,1,1,1,2960,77
org.mudebug.prapr.mutators.FieldNameMutator_0,8623089,6732,0,0,0,0,0,1,1618
org.mudebug.prapr.mutators.MethodNameMutator_1,8623092,931,0,0,0,0,0,9,633
org.mudebug.prapr.mutators.ReturningDereferenceGuardMutator_0,8623103,1134,0,0,0,0,0,0,1638
org.mudebug.prapr.mutators.FieldNameMutator_2,8623108,1777,0,0,0,0,0,0,753
org.mudebug.prapr.mutators.FieldAccessToMethodCallMutator_0,8623110,1042,0,0,1,1,1,5296,228
org.pitest.mutationtest.engine.gregor.mutators.RemoveConditionalMutator_EQUAL_IF,8628408,1234,0,0,0,0,0,2,302
org.mudebug.prapr.mutators.LocalToFieldAccessMutator_3,8628412,6744,0,0,1,1,1,905,1893
org.mudebug.prapr.mutators.MethodNameMutator_1,8629319,1231,0,0,0,1,1,4,68
org.mudebug.prapr.mutators.FieldToLocalAccessMutator_0,8629325,6650,0,0,0,1,1,64,371
org.mudebug.prapr.mutators.MethCallResultGuard_1,8629391,7058,0,0,0,0,0,0,425
org.mudebug.prapr.mutators.LocalToFieldAccessMutator_2,8629393,1046,0,0,1,1,1,4574,306
org.mudebug.prapr.mutators.MethodNameMutator_3,8633969,561,0,0,0,0,0,0,1206
org.mudebug.prapr.mutators.FieldToLocalAccessMutator_0,8633971,6651,0,0,1,1,1,1492,384
org.pitest.mutationtest.engine.gregor.mutators.RemoveConditionalMutator_EQUAL_ELSE,8635465,504,0,0,0,0,0,5,81
org.mudebug.prapr.mutators.FieldToLocalAccessMutator_0,8635472,6678,0,0,1,1,1,5985,602
org.mudebug.prapr.mutators.DereferenceGuardMutator_3,8641459,5214,0,0,0,0,0,0,112
org.mudebug.prapr.mutators.NonVoidMethodCallGuardMutator_0,8641461,495,0,0,0,0,0,0,172
org.mudebug.prapr.mutators.FieldToLocalAccessMutator_0,8641463,6742,0,0,0,0,0,434,1855
org.mudebug.prapr.mutators.RelationalOperatorReplacement_2,8641899,7382,0,0,0,0,0,0,442
org.mudebug.prapr.mutators.LocalToFieldAccessMutator_0,8641901,547,0,0,0,1,1,185,165
org.mudebug.prapr.mutators.ArgumentListMutator_0,8642088,7052,0,0,1,1,1,5538,140
org.pitest.mutationtest.engine.gregor.mutators.experimental.RemoveSwitchMutator_14,8647628,3636,0,0,0,0,0,14,1649
org.mudebug.prapr.mutators.MethodNameMutator_2,8647644,347,0,0,0,0,0,0,550
org.mudebug.prapr.mutators.FieldNameMutator_4,8647646,7058,0,0,1,1,1,5538,341
org.mudebug.prapr.mutators.ArgumentListMutator_4,8653186,7058,0,0,1,1,1,5538,303
org.mudebug.prapr.mutators.DereferenceGuardMutator_0,8658726,5356,0,0,0,0,0,0,94
org.mudebug.prapr.mutators.LocalToFieldAccessMutator_0,8658728,6678,0,0,1,1,1,5985,607
org.pitest.mutationtest.engine.gregor.mutators.RemoveConditionalMutator_EQUAL_ELSE,8664715,5356,0,0,0,0,0,5,336
org.mudebug.prapr.mutators.FieldNameMutator_4,8664722,1777,0,0,0,0,0,0,672
org.mudebug.prapr.mutators.LocalNameMutator_1,8664724,5356,0,0,1,1,1,1316,219
org.mudebug.prapr.mutators.MethodNameMutator_7,8666042,517,0,0,0,0,0,1393,96
org.mudebug.prapr.mutators.LocalToFieldAccessMutator_2,8667437,6713,0,0,0,1,1,2703,1147
org.mudebug.prapr.mutators.NonVoidMethodCallGuardMutator_0,8670142,7058,0,0,0,0,0,0,277
org.pitest.mutationtest.engine.gregor.mutators.experimental.MemberVariableMutator,8670144,1777,0,0,0,0,0,24,690
org.mudebug.prapr.mutators.LocalNameMutator_0,8670170,7302,0,0,0,0,0,437,134
org.mudebug.prapr.mutators.MethCallResultGuard_2,8670609,347,0,0,0,0,0,0,511
org.pitest.mutationtest.engine.gregor.mutators.ArgumentPropagationMutator,8670611,7061,0,0,0,0,0,1944,573
org.mudebug.prapr.mutators.ArgumentListMutator_3,8672557,6706,0,0,0,1,1,14,929
org.mudebug.prapr.mutators.FieldToLocalAccessMutator_0,8672573,6674,0,0,1,1,1,2709,564
org.pitest.mutationtest.engine.gregor.mutators.NegateConditionalsMutator,8675284,5356,0,0,1,1,1,2619,87
org.pitest.mutationtest.engine.gregor.mutators.NonVoidMethodCallMutator,8677905,5356,0,0,0,0,0,4,88
org.mudebug.prapr.mutators.FieldNameMutator_5,8677911,1777,0,0,0,0,0,52,645
org.pitest.mutationtest.engine.gregor.mutators.experimental.RemoveSwitchMutator_92,8677965,555,0,0,0,0,0,28,872
org.mudebug.prapr.mutators.MethodNameMutator_9,8677995,7250,0,0,0,0,0,38,659
org.pitest.mutationtest.engine.gregor.mutators.InlineConstantMutator,8678035,5213,0,0,0,0,0,25,91
org.mudebug.prapr.mutators.FieldAccessToMethodCallMutator_4,8678062,6652,0,0,1,1,1,5084,404
org.pitest.mutationtest.engine.gregor.mutators.RemoveConditionalMutator_EQUAL_IF,8683148,6721,0,0,0,0,0,19,1331
org.mudebug.prapr.mutators.NonVoidMethodCallGuardMutator_0,8683171,4261,0,0,0,0,0,0,471
org.mudebug.prapr.mutators.ArgumentListMutator_5,8683173,5212,0,0,0,0,0,0,65
org.mudebug.prapr.mutators.FieldNameMutator_2,8683175,6743,0,0,0,0,0,1692,1870
org.pitest.mutationtest.engine.gregor.mutators.experimental.SwitchMutator,8684869,3563,0,0,0,1,1,274,293
org.pitest.mutationtest.engine.gregor.mutators.NullReturnValsMutator,8685145,495,0,0,1,1,1,494,237
org.mudebug.prapr.mutators.LocalToFieldAccessMutator_0,8685641,6712,0,0,0,1,1,2701,1137
org.pitest.mutationtest.engine.gregor.mutators.NullReturnValsMutator,8688344,6913,0,0,0,0,0,879,470
org.mudebug.prapr.mutators.FieldToLocalAccessMutator_1,8689225,6684,0,0,1,1,1,1029,703
org.pitest.mutationtest.engine.gregor.mutators.InlineConstantMutator,8690256,517,0,0,0,0,0,1398,96
org.mudebug.prapr.mutators.FieldAccessToMethodCallMutator_1,8691656,1777,0,0,0,0,0,0,683
org.pitest.mutationtest.engine.gregor.mutators.ConstructorCallMutator,8691658,6748,0,0,0,0,0,6,1927
org.mudebug.prapr.mutators.FieldNameMutator_0,8691666,7627,0,0,0,0,0,3,159
org.pitest.mutationtest.engine.gregor.mutators.experimental.RemoveSwitchMutator_87,8691671,3636,0,0,0,0,0,1,1649
org.pitest.mutationtest.engine.gregor.mutators.NonVoidMethodCallMutator,8691674,1052,0,0,0,0,0,0,407
org.mudebug.prapr.mutators.ReturningDereferenceGuardMutator_4,8691676,1053,0,0,0,0,0,5,433
org.mudebug.prapr.mutators.FieldNameMutator_5,8691683,1777,0,0,0,0,0,0,726
org.mudebug.prapr.mutators.NonVoidMethodCallGuardMutator_0,8691685,6931,0,0,0,0,0,0,844
org.mudebug.prapr.mutators.DereferenceGuardMutator_0,8691687,4413,0,0,0,0,0,0,525
org.mudebug.prapr.mutators.FieldAccessToMethodCallMutator_2,8691689,1777,0,0,0,0,0,0,709
org.mudebug.prapr.mutators.FieldAccessToMethodCallMutator_3,8691691,7503,0,0,0,0,0,14,444
org.mudebug.prapr.mutators.FieldAccessToMethodCallMutator_3,8691707,1777,0,0,0,0,0,5,707
org.mudebug.prapr.mutators.NonVoidMethodCallGuardMutator_0,8691714,6728,0,0,0,0,0,0,1407
org.pitest.mutationtest.engine.gregor.mutators.MathMutator,8691716,4257,0,0,0,0,0,26,409
org.mudebug.prapr.mutators.FieldToLocalAccessMutator_1,8691744,6652,0,0,1,1,1,4912,399
org.mudebug.prapr.mutators.ReturningDereferenceGuardMutator_2,8696658,5213,0,0,0,0,0,5,89
org.mudebug.prapr.mutators.FieldAccessToMethodCallMutator_4,8696665,1777,0,0,0,0,0,0,717
org.mudebug.prapr.mutators.FieldNameMutator_0,8696667,7355,0,0,0,0,0,1776,116
org.mudebug.prapr.mutators.MethodNameMutator_1,8698445,3558,0,0,0,0,0,11,122
org.mudebug.prapr.mutators.DereferenceGuardMutator_3,8698458,5209,0,0,0,0,0,0,288
org.pitest.mutationtest.engine.gregor.mutators.NullReturnValsMutator,8698460,495,0,0,1,1,1,4754,202
org.pitest.mutationtest.engine.gregor.mutators.NegateConditionalsMutator,8703216,5356,0,0,1,1,1,1074,425
org.mudebug.prapr.mutators.FieldNameMutator_5,8704292,7058,0,0,1,1,1,5538,368
org.mudebug.prapr.mutators.FieldAccessToMethodCallMutator_1,8709832,6728,0,0,1,1,1,2560,1420
org.mudebug.prapr.mutators.FieldToLocalAccessMutator_0,8712394,6728,0,0,0,1,1,2801,1420
org.mudebug.prapr.mutators.NonVoidMethodCallGuardMutator_0,8715197,7382,0,0,0,0,0,0,430
org.pitest.mutationtest.engine.gregor.mutators.NegateConditionalsMutator,8715199,5356,0,0,0,0,0,87,354
org.mudebug.prapr.mutators.MethodNameMutator_0,8715288,328,0,0,1,1,1,4416,278
org.mudebug.prapr.mutators.MethodNameMutator_3,8719706,334,0,0,0,0,0,4,382
org.mudebug.prapr.mutators.NonVoidMethodCallGuardMutator_0,8719712,6684,0,0,0,0,0,0,701
org.mudebug.prapr.mutators.ArgumentListMutator_2,8719714,7058,0,0,0,0,0,5,494
org.mudebug.prapr.mutators.MethodNameMutator_1,8719721,1135,0,0,0,0,0,33,1644
org.pitest.mutationtest.engine.gregor.mutators.ConstructorCallMutator,8719756,1119,0,0,1,1,1,2763,1433
org.mudebug.prapr.mutators.LocalNameMutator_0,8722521,6743,0,0,0,0,0,2074,1874
org.mudebug.prapr.mutators.RelationalOperatorReplacement_0,8724597,347,0,0,0,0,0,31,513
org.pitest.mutationtest.engine.gregor.mutators.NonVoidMethodCallMutator,8724630,355,0,0,1,1,1,2371,627
org.mudebug.prapr.mutators.NonVoidMethodCallGuardMutator_0,8727003,7247,0,0,0,0,0,0,597
org.pitest.mutationtest.engine.gregor.mutators.NonVoidMethodCallMutator,8727005,7490,0,0,0,0,0,325,246
org.mudebug.prapr.mutators.MethodNameMutator_3,8727332,348,0,0,1,1,1,494,558
org.mudebug.prapr.mutators.LocalToFieldAccessMutator_2,8727828,6688,0,0,1,1,1,5993,763
org.mudebug.prapr.mutators.MethCallResultGuard_1,8733823,1082,0,0,0,0,0,0,834
org.mudebug.prapr.mutators.DereferenceGuardMutator_0,8733825,347,0,0,0,0,0,23,511
org.mudebug.prapr.mutators.MethodNameMutator_0,8733850,7061,0,0,1,1,1,5538,576
org.mudebug.prapr.mutators.MethodNameMutator_3,8739390,1118,0,0,0,0,0,8,1425
org.pitest.mutationtest.engine.gregor.mutators.NullReturnValsMutator,8739400,6170,0,0,0,0,0,66,510
org.pitest.mutationtest.engine.gregor.mutators.ArgumentPropagationMutator,8739468,6698,0,0,0,1,1,126,859
org.mudebug.prapr.mutators.MethCallResultGuard_0,8739596,5356,0,0,0,0,0,0,98
org.mudebug.prapr.mutators.MethodNameMutator_4,8739598,5375,0,0,1,1,1,297,1033
org.pitest.mutationtest.engine.gregor.mutators.RemoveConditionalMutator_ORDER_ELSE,8739897,7303,0,0,0,0,0,1965,170
org.mudebug.prapr.mutators.RelationalOperatorReplacement_3,8741864,1083,0,0,0,0,0,5,844
org.mudebug.prapr.mutators.MethodNameMutator_5,8741871,6867,0,0,0,0,0,36,159
org.mudebug.prapr.mutators.LocalToFieldAccessMutator_1,8741909,1048,0,0,0,0,0,0,348
org.mudebug.prapr.mutators.FieldNameMutator_2,8741911,1777,0,0,0,0,0,52,658
org.pitest.mutationtest.engine.gregor.mutators.NonVoidMethodCallMutator,8741965,7250,0,0,0,0,0,68,659
org.mudebug.prapr.mutators.LocalToFieldAccessMutator_2,8742035,6687,0,0,1,1,1,5365,758
org.mudebug.prapr.mutators.LocalToFieldAccessMutator_0,8747402,7302,0,0,1,1,1,5538,143
org.pitest.mutationtest.engine.gregor.mutators.RemoveConditionalMutator_EQUAL_IF,8752942,7302,0,0,0,0,0,2,106
org.pitest.mutationtest.engine.gregor.mutators.InlineConstantMutator,8752946,1777,0,0,0,0,0,0,673
org.mudebug.prapr.mutators.ReturningDereferenceGuardMutator_1,8752948,6743,0,0,0,0,0,5,1873
org.mudebug.prapr.mutators.FieldToLocalAccessMutator_0,8752955,1554,0,0,0,0,0,93,143
org.mudebug.prapr.mutators.MethodNameMutator_4,8753050,1231,0,0,0,1,1,33,68
org.pitest.mutationtest.engine.gregor.mutators.RemoveConditionalMutator_EQUAL_ELSE,8753085,7231,0,0,1,1,1,5226,260
org.mudebug.prapr.mutators.FieldAccessToMethodCallMutator_3,8758313,1777,0,0,0,0,0,0,726
org.mudebug.prapr.mutators.MethodNameMutator_0,8758315,7058,0,0,0,0,0,34,494
org.mudebug.prapr.mutators.LocalNameMutator_1,8758351,7058,0,0,0,0,0,6,490
org.pitest.mutationtest.engine.gregor.mutators.NegateConditionalsMutator,8758359,1050,0,0,0,1,1,142,381
org.mudebug.prapr.mutators.ArgumentListMutator_4,8758503,5356,0,0,0,0,0,0,523
org.pitest.mutationtest.engine.gregor.mutators.InlineConstantMutator,8758505,5359,0,0,0,0,0,1,794
org.mudebug.prapr.mutators.FieldNameMutator_2,8758508,6684,0,0,0,0,0,0,695
org.pitest.mutationtest.engine.gregor.mutators.NonVoidMethodCallMutator,8758510,1234,0,0,0,0,0,0,277
org.mudebug.prapr.mutators.RelationalOperatorReplacement_2,8758512,7241,0,0,0,0,0,24,432
org.mudebug.prapr.mutators.FieldNameMutator_3,8758538,7059,0,0,0,0,0,0,544
org.mudebug.prapr.mutators.FieldNameMutator_2,8758540,7059,0,0,0,0,0,7,546
org.mudebug.prapr.mutators.ReturningDereferenceGuardMutator_3,8758549,7064,0,0,0,0,0,0,619
org.mudebug.prapr.mutators.MethCallResultGuard_1,8758551,3497,0,0,0,0,0,0,423
org.pitest.mutationtest.engine.gregor.mutators.NonVoidMethodCallMutator,8758553,1313,0,0,0,0,0,0,84
org.mudebug.prapr.mutators.LocalNameMutator_0,8758555,5358,0,0,0,0,0,3,742
org.mudebug.prapr.mutators.MethCallResultGuard_0,8758560,3558,0,0,0,0,0,0,122
org.mudebug.prapr.mutators.FieldNameMutator_1,8758562,7059,0,0,0,0,0,2,556
org.mudebug.prapr.mutators.LocalToFieldAccessMutator_2,8758566,4630,0,0,1,1,1,5209,110
org.mudebug.prapr.mutators.RelationalOperatorReplacement_2,8763777,705,0,0,0,0,0,9,57
org.mudebug.prapr.mutators.MethCallResultGuard_1,8763788,6706,0,0,0,0,0,0,966
org.mudebug.prapr.mutators.MethodNameMutator_2,8763790,1106,0,0,0,1,1,161,1083
org.mudebug.prapr.mutators.MethodNameMutator_7,8763953,7086,0,0,0,0,0,5,892
org.mudebug.prapr.mutators.MethodNameMutator_6,8763960,1143,0,0,1,1,1,5209,1727
org.pitest.mutationtest.engine.gregor.mutators.NegateConditionalsMutator,8769171,5356,0,0,1,1,1,2243,575
org.mudebug.prapr.mutators.RelationalOperatorReplacement_0,8771416,7205,0,0,0,0,0,1648,141
org.mudebug.prapr.mutators.ReturningDereferenceGuardMutator_0,8773066,7241,0,0,0,0,0,0,432
org.pitest.mutationtest.engine.gregor.mutators.RemoveConditionalMutator_EQUAL_ELSE,8773068,5378,0,0,0,0,0,1,1083
org.mudebug.prapr.mutators.ReturningDereferenceGuardMutator_4,8773071,1053,0,0,0,0,0,5,441
org.mudebug.prapr.mutators.ReturningDereferenceGuardMutator_0,8773078,7220,0,0,0,0,0,0,177
org.mudebug.prapr.mutators.ArithmeticOperatorReplacement_1,8773080,347,0,0,0,0,0,1396,539
org.mudebug.prapr.mutators.MethodNameMutator_8,8774478,5356,0,0,1,1,1,2430,84
org.pitest.mutationtest.engine.gregor.mutators.experimental.MemberVariableMutator,8776910,1777,0,0,0,0,0,0,738
org.mudebug.prapr.mutators.FieldAccessToMethodCallMutator_1,8776912,6674,0,0,1,1,1,2709,564
org.mudebug.prapr.mutators.RelationalOperatorReplacement_0,8779623,245,0,0,0,0,0,0,197
org.pitest.mutationtest.engine.gregor.mutators.NegateConditionalsMutator,8779625,6706,0,0,0,0,0,6,1029
org.pitest.mutationtest.engine.gregor.mutators.NonVoidMethodCallMutator,8779633,1082,0,0,1,1,1,5191,834
org.pitest.mutationtest.engine.gregor.mutators.RemoveConditionalMutator_EQUAL_ELSE,8784826,7250,0,0,0,0,0,0,659
org.pitest.mutationtest.engine.gregor.mutators.experimental.RemoveSwitchMutator_31,8784828,3636,0,0,0,0,0,0,1649
org.mudebug.prapr.mutators.ArithmeticOperatorReplacement_4,8784830,6710,0,0,0,0,0,8,1071
org.mudebug.prapr.mutators.LocalNameMutator_2,8784840,247,0,0,1,1,1,2862,243
org.mudebug.prapr.mutators.MethCallResultGuard_2,8787704,348,0,0,0,0,0,0,557
org.mudebug.prapr.mutators.FieldNameMutator_1,8787706,1777,0,0,0,0,0,0,640
org.pitest.mutationtest.engine.gregor.mutators.experimental.MemberVariableMutator,8787708,6688,0,0,0,1,1,8,765
org.mudebug.prapr.mutators.ArgumentListMutator_4,8787718,6706,0,0,0,1,1,9,931
org.mudebug.prapr.mutators.LocalToFieldAccessMutator_1,8787729,1106,0,0,1,1,1,2972,1102
org.pitest.mutationtest.engine.gregor.mutators.InlineConstantMutator,8790703,5356,0,0,0,0,0,0,425
org.mudebug.prapr.mutators.LocalNameMutator_0,8790705,5376,0,0,0,0,0,1,1045
org.pitest.mutationtest.engine.gregor.mutators.NegateConditionalsMutator,8790708,7250,0,0,0,0,0,45,663
org.mudebug.prapr.mutators.MethodNameMutator_2,8790755,3611,0,0,0,0,0,861,1332
org.pitest.mutationtest.engine.gregor.mutators.NegateConditionalsMutator,8791618,1042,0,0,0,0,0,26,256
org.mudebug.prapr.mutators.MethodNameMutator_0,8791646,517,0,0,1,1,1,5288,92
org.pitest.mutationtest.engine.gregor.mutators.RemoveConditionalMutator_EQUAL_IF,8796936,333,0,0,1,1,1,5365,364
org.mudebug.prapr.mutators.ArgumentListMutator_0,8802303,3385,0,0,1,1,1,207,47
org.mudebug.prapr.mutators.ArithmeticOperatorReplacement_8,8802512,5356,0,0,0,0,0,8,110
org.mudebug.prapr.mutators.MethCallResultGuard_2,8802536,247,0,0,0,0,0,23,235
org.mudebug.prapr.mutators.MethodNameMutator_2,8802561,3569,0,0,1,1,1,214,494
org.mudebug.prapr.mutators.FieldAccessToMethodCallMutator_0,8802777,6652,0,0,1,1,1,4167,405
org.mudebug.prapr.mutators.LocalToFieldAccessMutator_4,8806946,6706,0,0,0,1,1,0,965
org.pitest.mutationtest.engine.gregor.mutators.experimental.RemoveSwitchMutator_45,8806948,6415,0,0,0,0,0,0,273
org.pitest.mutationtest.engine.gregor.mutators.ArgumentPropagationMutator,8806950,7365,0,0,0,0,0,540,232
org.mudebug.prapr.mutators.ArgumentListMutator_5,8807492,7300,0,0,1,1,1,5538,71
org.mudebug.prapr.mutators.MethodNameMutator_8,8813032,6710,0,0,1,1,1,44,1068
org.mudebug.prapr.mutators.ReturningDereferenceGuardMutator_3,8813078,1119,0,0,0,0,0,0,1437
org.pitest.mutationtest.engine.gregor.mutators.VoidMethodCallMutator,8813080,3392,0,0,0,0,0,5,302
org.mudebug.prapr.mutators.MethodNameMutator_5,8813087,4410,0,0,1,1,1,4927,453
org.mudebug.prapr.mutators.FieldNameMutator_1,8818016,1777,0,0,0,0,0,76,637
org.mudebug.prapr.mutators.MethodNameMutator_5,8818094,7265,0,0,1,1,1,5538,867
org.mudebug.prapr.mutators.FieldNameMutator_1,8823634,1777,0,0,0,0,0,0,754
org.mudebug.prapr.mutators.ArithmeticOperatorReplacement_8,8823636,6713,0,0,0,1,1,110,1152
org.mudebug.prapr.mutators.MethCallResultGuard_2,8823748,3563,0,0,0,0,0,0,304
org.mudebug.prapr.mutators.MethCallResultGuard_0,8823750,1082,0,0,0,0,0,0,834
org.pitest.mutationtest.engine.gregor.mutators.experimental.RemoveSwitchMutator_39,8823752,3636,0,0,0,0,0,0,1649
org.mudebug.prapr.mutators.FieldToLocalAccessMutator_0,8823762,7202,0,0,0,0,0,617,125
org.mudebug.prapr.mutators.DereferenceGuardMutator_0,8824381,6860,0,0,0,0,0,5,110
org.mudebug.prapr.mutators.FieldNameMutator_2,8824388,7058,0,0,0,0,0,2319,385
org.mudebug.prapr.mutators.LocalToFieldAccessMutator_1,8826709,6706,0,0,0,0,0,30,959
org.pitest.mutationtest.engine.gregor.mutators.experimental.RemoveSwitchMutator_4,8826741,3584,0,0,0,0,0,0,901
org.pitest.mutationtest.engine.gregor.mutators.experimental.RemoveSwitchMutator_53,8826743,3636,0,0,0,0,0,0,1649
org.mudebug.prapr.mutators.FieldAccessToMethodCallMutator_2,8826745,1777,0,0,0,0,0,0,734
org.mudebug.prapr.mutators.FieldNameMutator_5,8826747,1777,0,0,0,0,0,0,646
org.mudebug.prapr.mutators.MethodNameMutator_1,8826749,247,0,0,1,1,1,4269,239
org.mudebug.prapr.mutators.DereferenceGuardMutator_0,8831020,7358,0,0,0,0,0,0,153
org.mudebug.prapr.mutators.NonVoidMethodCallGuardMutator_0,8831022,6388,0,0,0,0,0,0,265
org.mudebug.prapr.mutators.ArgumentListMutator_0,8831024,7098,0,0,1,1,1,5538,1022
org.pitest.mutationtest.engine.gregor.mutators.experimental.MemberVariableMutator,8836564,1777,0,0,0,0,0,0,675
org.pitest.mutationtest.engine.gregor.mutators.InlineConstantMutator,8836566,7058,0,0,0,0,0,4,317
org.mudebug.prapr.mutators.FieldAccessToMethodCallMutator_2,8836572,1777,0,0,0,0,0,0,633
org.mudebug.prapr.mutators.MethodNameMutator_4,8836574,1562,0,0,0,0,0,22,213
org.pitest.mutationtest.engine.gregor.mutators.experimental.RemoveSwitchMutator_3,8836598,5356,0,0,0,0,0,0,117
org.mudebug.prapr.mutators.MethodNameMutator_3,8836600,3675,0,0,0,0,0,16,2362
org.mudebug.prapr.mutators.ReturningDereferenceGuardMutator_0,8836618,6652,0,0,0,0,0,0,395
org.mudebug.prapr.mutators.NonVoidMethodCallGuardMutator_0,8836620,5213,0,0,0,0,0,0,91
org.pitest.mutationtest.engine.gregor.mutators.RemoveConditionalMutator_EQUAL_IF,8836622,5374,0,0,0,0,0,1,1006
org.mudebug.prapr.mutators.ReturningDereferenceGuardMutator_1,8836625,4257,0,0,0,0,0,0,409
org.mudebug.prapr.mutators.ArgumentListMutator_5,8836627,4411,0,0,0,0,0,23,500
org.mudebug.prapr.mutators.FieldAccessToMethodCallMutator_3,8836652,6652,0,0,1,1,1,5084,393
org.pitest.mutationtest.engine.gregor.mutators.NonVoidMethodCallMutator,8841738,7059,0,0,1,1,1,5538,555
org.mudebug.prapr.mutators.MethCallResultGuard_1,8847278,5356,0,0,0,1,1,69,499
org.mudebug.prapr.mutators.FieldNameMutator_0,8847349,1777,0,0,0,0,0,0,760
org.pitest.mutationtest.engine.gregor.mutators.experimental.MemberVariableMutator,8847351,6743,0,0,1,1,1,2670,1876
org.mudebug.prapr.mutators.FieldNameMutator_1,8850023,1537,0,0,0,0,0,0,30
org.pitest.mutationtest.engine.gregor.mutators.ConstructorCallMutator,8850025,517,0,0,1,1,1,5288,93
org.mudebug.prapr.mutators.ReturningDereferenceGuardMutator_0,8855315,6683,0,0,0,0,0,1,683
org.mudebug.prapr.mutators.RelationalOperatorReplacement_1,8855318,7382,0,0,0,0,0,0,431
org.mudebug.prapr.mutators.FieldToLocalAccessMutator_1,8855320,6728,0,0,0,1,1,2802,1418
org.mudebug.prapr.mutators.ReturningDereferenceGuardMutator_3,8858124,7380,0,0,0,0,0,0,397
org.mudebug.prapr.mutators.ArgumentListMutator_4,8858126,1237,0,0,0,0,0,0,544
org.mudebug.prapr.mutators.ReturningDereferenceGuardMutator_0,8858128,328,0,0,0,0,0,23,278
org.mudebug.prapr.mutators.MethCallResultGuard_0,8858153,346,0,0,0,0,0,0,492
org.mudebug.prapr.mutators.MethodNameMutator_4,8858158,1143,0,0,0,0,0,2,1727
org.mudebug.prapr.mutators.ReturningDereferenceGuardMutator_3,8858162,1119,0,0,0,0,0,0,1439
org.mudebug.prapr.mutators.RelationalOperatorReplacement_3,8858164,7259,0,0,0,0,0,0,823
org.mudebug.prapr.mutators.FieldNameMutator_3,8858166,1042,0,0,0,0,0,0,256
org.mudebug.prapr.mutators.RelationalOperatorReplacement_2,8858168,7205,0,0,0,0,0,1643,141
org.pitest.mutationtest.engine.gregor.mutators.RemoveConditionalMutator_EQUAL_ELSE,8859813,7241,0,0,0,0,0,2,432
org.mudebug.prapr.mutators.FieldToLocalAccessMutator_0,8859817,4152,0,0,0,0,0,18,63
org.mudebug.prapr.mutators.RelationalOperatorReplacement_0,8859837,7233,0,0,0,0,0,13,297
org.mudebug.prapr.mutators.FieldNameMutator_4,8859855,7088,0,0,0,0,0,1109,914
org.mudebug.prapr.mutators.LocalToFieldAccessMutator_0,8860966,6860,0,0,1,1,1,5538,110
org.pitest.mutationtest.engine.gregor.mutators.experimental.MemberVariableMutator,8866506,5192,0,0,0,0,0,1632,84
org.mudebug.prapr.mutators.FieldAccessToMethodCallMutator_4,8868140,6684,0,0,1,1,1,1029,703
org.mudebug.prapr.mutators.VoidMethodCallGuardMutator,8869171,7058,0,0,0,0,0,0,266
org.pitest.mutationtest.engine.gregor.mutators.NegateConditionalsMutator,8869173,6711,0,0,0,1,1,2701,1130
org.pitest.mutationtest.engine.gregor.mutators.NullReturnValsMutator,8871876,7090,0,0,0,0,0,2198,934
org.pitest.mutationtest.engine.gregor.mutators.ArgumentPropagationMutator,8874076,3711,0,0,0,0,0,1,72
org.mudebug.prapr.mutators.MethodNameMutator_0,8874079,3626,0,0,0,0,0,497,1516
org.mudebug.prapr.mutators.DereferenceGuardMutator_0,8874578,6651,0,0,0,0,0,23,375
org.mudebug.prapr.mutators.MethCallResultGuard_2,8874603,6706,0,0,0,0,0,0,977
org.pitest.mutationtest.engine.gregor.mutators.experimental.RemoveSwitchMutator_39,8874605,495,0,0,0,0,0,486,119
org.mudebug.prapr.mutators.ArithmeticOperatorReplacement_4,8875093,6713,0,0,0,1,1,105,1152
org.mudebug.prapr.mutators.FieldToLocalAccessMutator_0,8875200,6683,0,0,0,0,0,44,686
org.mudebug.prapr.mutators.ArgumentListMutator_2,8875246,1082,0,0,0,0,0,0,834
org.pitest.mutationtest.engine.gregor.mutators.NonVoidMethodCallMutator,8880314,5362,0,0,1,1,1,2661,816
org.mudebug.prapr.mutators.MethCallResultGuard_2,8882977,1046,0,0,0,0,0,5,309
org.mudebug.prapr.mutators.ReturningDereferenceGuardMutator_0,8882984,6743,0,0,0,0,0,0,1871
org.pitest.mutationtest.engine.gregor.mutators.NonVoidMethodCallMutator,8882986,7383,0,0,0,0,0,2,457
org.mudebug.prapr.mutators.MethodNameMutator_0,8882990,6684,0,0,1,1,1,1029,701
org.pitest.mutationtest.engine.gregor.mutators.RemoveConditionalMutator_EQUAL_IF,8884021,6706,0,0,1,1,1,49,1030
org.pitest.mutationtest.engine.gregor.mutators.VoidMethodCallMutator,8884072,7058,0,0,1,1,1,5226,338
org.mudebug.prapr.mutators.MethCallResultGuard_1,8889300,334,0,0,0,0,0,0,382
org.mudebug.prapr.mutators.LocalToFieldAccessMutator_1,8889302,6743,0,0,0,0,0,1767,1871
org.mudebug.prapr.mutators.NonVoidMethodCallGuardMutator_0,8891071,7059,0,0,0,0,0,5,546
org.mudebug.prapr.mutators.ReturningDereferenceGuardMutator_1,8891078,6728,0,0,0,0,0,0,1418
org.pitest.mutationtest.engine.gregor.mutators.InlineConstantMutator,8896146,1777,0,0,0,0,0,0,695
org.mudebug.prapr.mutators.DereferenceGuardMutator_3,8896148,1042,0,0,0,0,0,0,230
org.mudebug.prapr.mutators.NonVoidMethodCallGuardMutator_0,8896150,6688,0,0,0,0,0,5,763
org.mudebug.prapr.mutators.ReturningDereferenceGuardMutator_0,8896159,6674,0,0,0,0,0,0,563
org.pitest.mutationtest.engine.gregor.mutators.NullReturnValsMutator,8896161,3558,0,0,1,1,1,28,137
org.mudebug.prapr.mutators.MethodNameMutator_6,8896191,551,0,0,1,1,1,4299,214
org.mudebug.prapr.mutators.LocalToFieldAccessMutator_0,8900492,4411,0,0,1,1,1,1976,490
org.mudebug.prapr.mutators.FieldToLocalAccessMutator_1,8902470,4410,0,0,0,0,0,3594,444
org.mudebug.prapr.mutators.MethodNameMutator_0,8906066,1143,0,0,0,0,0,8,1727
org.pitest.mutationtest.engine.gregor.mutators.NonVoidMethodCallMutator,8906076,6706,0,0,0,1,1,9,932
org.mudebug.prapr.mutators.MethCallResultGuard_0,8906087,7059,0,0,0,0,0,0,544
org.mudebug.prapr.mutators.RelationalOperatorReplacement_0,8906089,1560,0,0,0,0,0,8,189
org.mudebug.prapr.mutators.ArgumentListMutator_1,8906099,5356,0,0,1,1,1,1504,498
org.mudebug.prapr.mutators.FieldAccessToMethodCallMutator_1,8907605,1777,0,0,0,0,0,0,710
org.mudebug.prapr.mutators.DereferenceGuardMutator_0,8907607,4665,0,0,0,0,0,0,54
org.pitest.mutationtest.engine.gregor.mutators.experimental.MemberVariableMutator,8907609,6651,0,0,1,1,1,1491,384
org.mudebug.prapr.mutators.LocalNameMutator_2,8909102,1234,0,0,1,1,1,3,313
org.mudebug.prapr.mutators.RelationalOperatorReplacement_0,8909107,5376,0,0,0,0,0,4,1046
org.mudebug.prapr.mutators.ReturningDereferenceGuardMutator_4,8909113,705,0,0,0,0,0,0,69
org.pitest.mutationtest.engine.gregor.mutators.RemoveConditionalMutator_EQUAL_ELSE,8909115,2967,0,0,0,1,1,127,599
org.mudebug.prapr.mutators.MethCallResultGuard_0,8909244,7058,0,0,0,0,0,0,398
org.mudebug.prapr.mutators.NonVoidMethodCallGuardMutator_0,8909246,6725,0,0,0,0,0,0,1369
org.pitest.mutationtest.engine.gregor.mutators.RemoveConditionalMutator_EQUAL_IF,8909248,6652,0,0,0,0,0,5,393
org.mudebug.prapr.mutators.ReturningDereferenceGuardMutator_1,8909255,5356,0,0,0,0,0,0,577
org.mudebug.prapr.mutators.ReturningDereferenceGuardMutator_1,8909257,7063,0,0,0,0,0,0,602
org.mudebug.prapr.mutators.LocalToFieldAccessMutator_3,8909261,1044,0,0,1,1,1,4566,280
org.mudebug.prapr.mutators.MethodNameMutator_3,8913829,159,0,0,0,0,0,0,649
org.mudebug.prapr.mutators.MethodNameMutator_4,8913838,7302,0,0,0,0,0,437,134
org.mudebug.prapr.mutators.FieldNameMutator_0,8914277,7627,0,0,0,0,0,3,159
org.mudebug.prapr.mutators.FieldAccessToMethodCallMutator_4,8914282,1777,0,0,0,0,0,0,686
org.mudebug.prapr.mutators.DereferenceGuardMutator_3,8914284,6706,0,0,0,0,0,0,933
org.mudebug.prapr.mutators.DereferenceGuardMutator_0,8914286,1053,0,0,0,0,0,0,439
org.mudebug.prapr.mutators.LocalNameMutator_0,8914288,7108,0,0,0,0,0,1,1155
org.mudebug.prapr.mutators.LocalNameMutator_1,8914291,4411,0,0,0,0,0,98,490
org.mudebug.prapr.mutators.FieldNameMutator_0,8914391,6711,0,0,1,1,1,5280,1133
org.pitest.mutationtest.engine.gregor.mutators.NonVoidMethodCallMutator,8919673,347,0,0,0,0,0,4,520
org.mudebug.prapr.mutators.MethCallResultGuard_0,8919679,355,0,0,0,0,0,0,627
org.mudebug.prapr.mutators.MethodNameMutator_2,8919681,346,0,0,0,1,1,4,498
org.pitest.mutationtest.engine.gregor.mutators.experimental.RemoveSwitchMutator_98,8919687,5356,0,0,0,0,0,111,117
org.mudebug.prapr.mutators.NonVoidMethodCallGuardMutator_0,8919800,7503,0,0,0,0,0,5,445
org.mudebug.prapr.mutators.LocalToFieldAccessMutator_1,8919807,1046,0,0,0,0,0,12,313
org.mudebug.prapr.mutators.MethCallResultGuard_1,8919821,5356,0,0,0,0,0,0,425
org.mudebug.prapr.mutators.RelationalOperatorReplacement_2,8919823,1560,0,0,0,0,0,210,189
org.mudebug.prapr.mutators.LocalToFieldAccessMutator_3,8920035,6706,0,0,0,1,1,27,930
org.mudebug.prapr.mutators.MethCallResultGuard_1,8920064,7358,0,0,0,0,0,0,153
org.mudebug.prapr.mutators.MethodNameMutator_2,8920066,1246,0,0,0,0,0,0,819
org.mudebug.prapr.mutators.MethCallResultGuard_1,8920068,7058,0,0,0,0,0,0,470
org.mudebug.prapr.mutators.MethCallResultGuard_1,8920070,335,0,0,0,0,0,0,389
org.pitest.mutationtest.engine.gregor.mutators.InlineConstantMutator,8920072,5358,0,0,0,0,0,9,736
org.mudebug.prapr.mutators.ArgumentListMutator_4,8920083,7059,0,0,1,1,1,5538,558
org.mudebug.prapr.mutators.FieldAccessToMethodCallMutator_1,8925623,6706,0,0,0,1,1,14,929
org.pitest.mutationtest.engine.gregor.mutators.NonVoidMethodCallMutator,8925641,1563,0,0,0,0,0,1,245
org.mudebug.prapr.mutators.FieldNameMutator_0,8925644,7059,0,0,0,0,0,37,564
org.mudebug.prapr.mutators.MethodNameMutator_8,8925683,1231,0,0,0,1,1,2,68
org.mudebug.prapr.mutators.FieldAccessToMethodCallMutator_0,8925687,6721,0,0,0,0,0,19,1331
org.mudebug.prapr.mutators.MethodNameMutator_3,8925708,334,0,0,0,0,0,4,381
org.mudebug.prapr.mutators.MethCallResultGuard_2,8925714,7059,0,0,0,0,0,0,550
org.mudebug.prapr.mutators.LocalNameMutator_2,8925716,7058,0,0,0,0,0,25,484
org.mudebug.prapr.mutators.DereferenceGuardMutator_3,8925743,4413,0,0,0,0,0,0,525
org.mudebug.prapr.mutators.MethCallResultGuard_2,8925745,5376,0,0,0,0,0,0,1045
org.mudebug.prapr.mutators.FieldNameMutator_4,8925747,1777,0,0,0,0,0,0,719
org.mudebug.prapr.mutators.FieldNameMutator_1,8925749,1119,0,0,0,0,0,42,1439
org.mudebug.prapr.mutators.VoidMethodCallGuardMutator,8925793,370,0,0,0,0,0,0,816
org.pitest.mutationtest.engine.gregor.mutators.NonVoidMethodCallMutator,8925795,5362,0,0,0,1,1,192,816
org.pitest.mutationtest.engine.gregor.mutators.NegateConditionalsMutator,8925989,6706,0,0,0,1,1,14,963
org.mudebug.prapr.mutators.MethodNameMutator_0,8926005,1245,0,0,0,0,0,10,713
org.pitest.mutationtest.engine.gregor.mutators.ReturnValsMutator,8926017,7107,0,0,0,0,0,17,1138
org.mudebug.prapr.mutators.MethodNameMutator_0,8926040,5356,0,0,0,0,0,12,498
org.mudebug.prapr.mutators.ArithmeticOperatorReplacement_8,8926054,7207,0,0,0,0,0,0,198
org.pitest.mutationtest.engine.gregor.mutators.experimental.RemoveSwitchMutator_64,8926056,3636,0,0,0,0,0,0,1649
org.pitest.mutationtest.engine.gregor.mutators.RemoveConditionalMutator_EQUAL_IF,8926058,7233,0,0,1,1,1,5227,287
org.mudebug.prapr.mutators.LocalNameMutator_2,8931287,1234,0,0,0,1,1,10,275
org.mudebug.prapr.mutators.LocalNameMutator_0,8931302,7785,0,0,1,1,1,5993,362
org.mudebug.prapr.mutators.ArithmeticOperatorReplacement_5,8937297,553,0,0,0,0,0,28,267
org.pitest.mutationtest.engine.gregor.mutators.NegateConditionalsMutator,8937327,1245,0,0,0,0,0,14,803
org.mudebug.prapr.mutators.ReturningDereferenceGuardMutator_3,8937343,6651,0,0,0,0,0,0,375
org.pitest.mutationtest.engine.gregor.mutators.RemoveConditionalMutator_EQUAL_ELSE,8937345,1562,0,0,0,0,0,2,209
org.mudebug.prapr.mutators.LocalNameMutator_1,8937349,7058,0,0,0,0,0,2250,405
org.mudebug.prapr.mutators.DereferenceGuardMutator_0,8944667,6386,0,0,0,0,0,0,255
org.mudebug.prapr.mutators.LocalToFieldAccessMutator_1,8944669,1041,0,0,0,0,0,0,220
org.pitest.mutationtest.engine.gregor.mutators.VoidMethodCallMutator,8944671,1127,0,0,0,0,0,0,1583
org.mudebug.prapr.mutators.DereferenceGuardMutator_0,8944673,6743,0,0,0,0,0,0,1873
org.mudebug.prapr.mutators.MethodNameMutator_1,8944675,3564,0,0,0,1,1,52,364
org.mudebug.prapr.mutators.FieldNameMutator_2,8944729,7058,0,0,1,1,1,5226,311
org.pitest.mutationtest.engine.gregor.mutators.RemoveConditionalMutator_EQUAL_IF,8949957,241,0,0,1,1,1,5190,142
org.mudebug.prapr.mutators.MethodNameMutator_0,8955149,6931,0,0,1,1,1,5543,848
org.mudebug.prapr.mutators.FieldNameMutator_1,8960694,1777,0,0,0,0,0,0,737
org.mudebug.prapr.mutators.FieldNameMutator_1,8960696,1777,0,0,0,0,0,0,688
org.mudebug.prapr.mutators.MethodNameMutator_3,8960698,347,0,0,1,1,1,4299,546
org.mudebug.prapr.mutators.FieldAccessToMethodCallMutator_0,8964999,6743,0,0,1,1,1,2912,1874
org.mudebug.prapr.mutators.NonVoidMethodCallGuardMutator_0,8967913,4410,0,0,0,0,0,0,439
org.mudebug.prapr.mutators.FieldNameMutator_0,8967915,561,0,0,0,1,1,21,1206
org.mudebug.prapr.mutators.MethodNameMutator_0,8967938,4411,0,0,1,1,1,4269,474
org.pitest.mutationtest.engine.gregor.mutators.ConditionalsBoundaryMutator,8972209,3651,0,0,1,1,1,2723,1953
org.mudebug.prapr.mutators.MethCallResultGuard_2,8974934,1082,0,0,0,0,0,5,834
org.pitest.mutationtest.engine.gregor.mutators.RemoveConditionalMutator_EQUAL_IF,8974941,1053,0,0,0,0,0,0,441
org.mudebug.prapr.mutators.NonVoidMethodCallGuardMutator_0,8974943,1236,1,0,0,0,0,0,522
org.mudebug.prapr.mutators.RelationalOperatorReplacement_3,8974945,7109,0,0,0,0,0,6,1173
org.mudebug.prapr.mutators.FieldNameMutator_0,8974953,6683,0,0,0,1,1,2626,687
org.mudebug.prapr.mutators.MethCallResultGuard_2,8977581,7112,0,0,0,0,0,0,1216
org.mudebug.prapr.mutators.FieldAccessToMethodCallMutator_0,8977583,6743,0,0,0,0,0,1616,1871
org.pitest.mutationtest.engine.gregor.mutators.InlineConstantMutator,8979201,5376,0,0,0,0,0,2,1046
org.mudebug.prapr.mutators.MethodNameMutator_4,8979205,159,0,0,1,1,1,3,649
org.mudebug.prapr.mutators.FieldAccessToMethodCallMutator_4,8979210,6669,0,0,1,1,1,3688,540
org.mudebug.prapr.mutators.MethCallResultGuard_0,8982900,6987,0,0,0,0,0,0,153
org.mudebug.prapr.mutators.ArgumentListMutator_0,8982902,7783,0,0,1,1,1,5985,351
org.mudebug.prapr.mutators.FieldAccessToMethodCallMutator_1,8988889,7304,0,0,0,0,0,2160,188
org.pitest.mutationtest.engine.gregor.mutators.RemoveConditionalMutator_EQUAL_ELSE,8991051,3592,0,0,0,0,0,24,1084
org.mudebug.prapr.mutators.LocalNameMutator_1,8991077,1234,0,0,0,0,0,7,283
org.pitest.mutationtest.engine.gregor.mutators.BooleanFalseReturnValsMutator,8991086,1134,0,0,0,0,0,38,1638
org.pitest.mutationtest.engine.gregor.mutators.InlineConstantMutator,8991126,7303,0,0,0,0,0,1849,170
org.mudebug.prapr.mutators.FieldNameMutator_0,8992977,1119,0,0,0,0,0,42,1439
org.mudebug.prapr.mutators.MethodNameMutator_3,8993021,6706,0,0,0,1,1,0,964
org.mudebug.prapr.mutators.ArgumentListMutator_4,8993023,7786,0,0,1,1,1,5985,277
org.pitest.mutationtest.engine.gregor.mutators.RemoveConditionalMutator_EQUAL_IF,8999010,5212,0,0,0,0,0,0,65
org.mudebug.prapr.mutators.MethodNameMutator_1,8999012,1042,0,0,0,0,0,77,248
org.mudebug.prapr.mutators.ReturningDereferenceGuardMutator_3,8999091,6689,0,0,0,0,0,0,783
org.pitest.mutationtest.engine.gregor.mutators.NegateConditionalsMutator,8999093,6176,0,0,0,1,1,172,571
org.pitest.mutationtest.engine.gregor.mutators.NegateConditionalsMutator,8999267,1234,0,0,0,1,1,10,277
org.mudebug.prapr.mutators.MethodNameMutator_2,8999279,3589,0,0,0,1,1,357,1062
org.mudebug.prapr.mutators.MethCallResultGuard_1,8999638,3416,0,0,0,0,0,0,77
org.pitest.mutationtest.engine.gregor.mutators.NonVoidMethodCallMutator,8999640,1042,0,0,0,0,0,82,246
org.pitest.mutationtest.engine.gregor.mutators.experimental.RemoveSwitchMutator_71,8999724,5356,0,0,0,0,0,0,117
org.pitest.mutationtest.engine.gregor.mutators.PrimitiveReturnsMutator,8999726,6714,0,0,0,1,1,106,1164
org.mudebug.prapr.mutators.FieldToLocalAccessMutator_0,8999834,4392,0,0,1,1,1,3830,209
org.pitest.mutationtest.engine.gregor.mutators.ReturnValsMutator,9003666,1106,0,0,0,0,0,0,1204
org.mudebug.prapr.mutators.DereferenceGuardMutator_4,9003668,6674,0,0,0,0,0,0,564
org.mudebug.prapr.mutators.LocalNameMutator_0,9003670,4410,0,0,0,0,0,2509,464
org.pitest.mutationtest.engine.gregor.mutators.NonVoidMethodCallMutator,9006181,3711,0,0,1,1,1,5303,72
org.mudebug.prapr.mutators.FieldAccessToMethodCallMutator_0,9011486,6683,0,0,1,1,1,2718,687
org.mudebug.prapr.mutators.FieldAccessToMethodCallMutator_3,9014206,6652,0,0,1,1,1,3839,401
org.mudebug.prapr.mutators.LocalToFieldAccessMutator_0,9018047,551,0,0,0,0,0,14,215
org.mudebug.prapr.mutators.LocalNameMutator_2,9018063,1234,0,0,1,1,1,3,313
org.mudebug.prapr.mutators.ReturningDereferenceGuardMutator_3,9018068,3389,0,0,0,0,0,0,92
org.mudebug.prapr.mutators.FieldNameMutator_1,9018070,1777,0,0,0,0,0,84,636
org.pitest.mutationtest.engine.gregor.mutators.RemoveConditionalMutator_EQUAL_ELSE,9018156,7215,0,0,0,0,0,2199,128
org.mudebug.prapr.mutators.FieldToLocalAccessMutator_1,9020357,4411,0,0,0,0,0,0,484
org.pitest.mutationtest.engine.gregor.mutators.EmptyObjectReturnValsMutator,9020359,6415,0,0,0,1,1,7,308
org.mudebug.prapr.mutators.MethodNameMutator_1,9020368,7204,0,0,0,0,0,7,135
org.mudebug.prapr.mutators.FieldAccessToMethodCallMutator_1,9020377,6678,0,0,1,1,1,5951,610
org.mudebug.prapr.mutators.ReturningDereferenceGuardMutator_4,9026330,3416,0,0,0,0,0,0,77
org.mudebug.prapr.mutators.LocalNameMutator_1,9026332,7058,0,0,0,0,0,20,348
org.mudebug.prapr.mutators.MethCallResultGuard_0,9026354,7556,0,0,0,0,0,0,70
org.mudebug.prapr.mutators.ArgumentListMutator_4,9026356,1313,0,0,0,0,0,0,83
org.mudebug.prapr.mutators.FieldNameMutator_1,9026358,7058,0,0,1,1,1,5226,478
org.pitest.mutationtest.engine.gregor.mutators.experimental.RemoveSwitchMutator_89,9031586,495,0,0,0,0,0,8,119
org.pitest.mutationtest.engine.gregor.mutators.experimental.RemoveSwitchMutator_41,9031596,5356,0,0,0,0,0,0,117
org.mudebug.prapr.mutators.FieldAccessToMethodCallMutator_0,9031598,6737,0,0,1,1,1,2668,1783
org.mudebug.prapr.mutators.ReturningDereferenceGuardMutator_2,9034268,6689,0,0,0,0,0,0,783
org.mudebug.prapr.mutators.MethodNameMutator_1,9039336,348,0,0,0,0,0,0,557
org.mudebug.prapr.mutators.ReturningDereferenceGuardMutator_0,9039338,1106,0,0,0,0,0,5,1106
org.mudebug.prapr.mutators.MethodNameMutator_7,9039345,4411,0,0,1,1,1,4269,494
org.mudebug.prapr.mutators.FieldNameMutator_2,9043616,7058,0,0,0,0,0,226,266
org.mudebug.prapr.mutators.ArgumentListMutator_3,9043844,558,0,0,1,1,1,4108,1194
org.mudebug.prapr.mutators.MethodNameMutator_2,9047954,5356,0,0,0,0,0,2,103
org.pitest.mutationtest.engine.gregor.mutators.ReturnValsMutator,9047958,5195,0,0,1,1,1,5142,102
org.mudebug.prapr.mutators.DereferenceGuardMutator_0,9053102,3416,0,0,0,0,0,0,77
org.mudebug.prapr.mutators.ArgumentListMutator_2,9053104,5356,0,0,0,0,0,0,575
org.mudebug.prapr.mutators.DereferenceGuardMutator_3,9053106,6176,0,0,0,0,0,0,577
org.mudebug.prapr.mutators.MethodNameMutator_1,9053114,1246,0,0,0,0,0,0,819
org.mudebug.prapr.mutators.LocalNameMutator_0,9053116,7503,0,0,0,0,0,451,450
org.mudebug.prapr.mutators.LocalToFieldAccessMutator_0,9053569,6683,0,0,1,1,1,2673,685
org.mudebug.prapr.mutators.FieldNameMutator_4,9056244,1777,0,0,0,0,0,0,643
org.pitest.mutationtest.engine.gregor.mutators.NullReturnValsMutator,9056246,7116,0,0,0,0,0,2260,1257
org.mudebug.prapr.mutators.MethodNameMutator_3,9058508,4410,0,0,1,1,1,5216,456
org.mudebug.prapr.mutators.LocalNameMutator_1,9063726,1246,0,0,0,1,1,10,819
org.pitest.mutationtest.engine.gregor.mutators.experimental.RemoveSwitchMutator_58,9063738,6415,0,0,0,0,0,0,273
org.mudebug.prapr.mutators.MethCallResultGuard_0,9063740,7107,0,0,0,0,0,0,1138
org.pitest.mutationtest.engine.gregor.mutators.ReturnValsMutator,9063742,7207,0,0,0,0,0,0,198
org.mudebug.prapr.mutators.MethodNameMutator_9,9063744,6987,0,0,0,0,0,7,152
org.pitest.mutationtest.engine.gregor.mutators.NonVoidMethodCallMutator,9063753,5356,0,0,0,0,0,1,106
org.mudebug.prapr.mutators.FieldNameMutator_3,9063756,7058,0,0,1,1,1,5538,436
org.mudebug.prapr.mutators.ArgumentListMutator_2,9069296,6174,0,0,0,0,0,0,548
org.mudebug.prapr.mutators.MethodNameMutator_6,9069298,1234,0,0,1,1,1,33,271
org.mudebug.prapr.mutators.LocalToFieldAccessMutator_0,9069333,6689,0,0,0,0,0,9,783
org.pitest.mutationtest.engine.gregor.mutators.NonVoidMethodCallMutator,9069344,7052,0,0,1,1,1,5538,122
org.mudebug.prapr.mutators.FieldNameMutator_4,9074884,1777,0,0,0,0,0,0,661
org.pitest.mutationtest.engine.gregor.mutators.ConstructorCallMutator,9074886,1404,0,0,1,1,1,5289,38
org.mudebug.prapr.mutators.MethodNameMutator_7,9080177,3675,0,0,1,1,1,3234,2356
org.pitest.mutationtest.engine.gregor.mutators.NegateConditionalsMutator,9083413,5356,0,0,0,1,1,39,507
org.pitest.mutationtest.engine.gregor.mutators.ReturnValsMutator,9083454,495,0,0,1,1,1,3535,233
org.mudebug.prapr.mutators.MethodNameMutator_3,9086991,7302,0,0,0,0,0,20,127
org.pitest.mutationtest.engine.gregor.mutators.ConstructorCallMutator,9087013,3249,0,0,1,1,1,4757,97
org.mudebug.prapr.mutators.MethodNameMutator_0,9091772,1245,0,0,1,1,1,24,673
org.mudebug.prapr.mutators.FieldNameMutator_3,9091803,7059,0,0,0,0,0,2,554
org.mudebug.prapr.mutators.ArgumentListMutator_2,9091807,4157,0,0,1,1,1,4582,93
org.mudebug.prapr.mutators.NonVoidMethodCallGuardMutator_0,9096391,3675,0,0,0,0,0,0,2364
org.pitest.mutationtest.engine.gregor.mutators.RemoveConditionalMutator_EQUAL_IF,9096393,3664,0,0,0,1,1,410,2181
org.pitest.mutationtest.engine.gregor.mutators.ReturnValsMutator,9096805,495,0,0,1,1,1,5365,255
org.mudebug.prapr.mutators.MethCallResultGuard_1,9102172,6710,0,0,0,0,0,0,1064
org.mudebug.prapr.mutators.DereferenceGuardMutator_3,9102174,1106,0,0,0,0,0,5,1185
org.mudebug.prapr.mutators.DereferenceGuardMutator_3,9102181,7302,0,0,0,0,0,0,110
org.pitest.mutationtest.engine.gregor.mutators.RemoveConditionalMutator_EQUAL_ELSE,9102183,6728,0,0,0,1,1,1489,1412
org.mudebug.prapr.mutators.LocalToFieldAccessMutator_0,9103674,6684,0,0,1,1,1,1010,703
org.mudebug.prapr.mutators.DereferenceGuardMutator_4,9104686,1106,0,0,0,0,0,0,1083
org.mudebug.prapr.mutators.DereferenceGuardMutator_4,9104695,7061,0,0,0,0,0,5,573
org.mudebug.prapr.mutators.MethodNameMutator_1,9104702,5375,0,0,0,0,0,1,1036
org.mudebug.prapr.mutators.MethodNameMutator_2,9104705,1834,0,0,0,1,1,4455,78
org.mudebug.prapr.mutators.DereferenceGuardMutator_0,9109162,7230,0,0,0,0,0,0,251
org.mudebug.prapr.mutators.ArgumentListMutator_0,9109164,3569,0,0,1,1,1,214,494
org.pitest.mutationtest.engine.gregor.mutators.VoidMethodCallMutator,9109380,7058,0,0,1,1,1,5538,358
org.mudebug.prapr.mutators.DereferenceGuardMutator_0,9114920,7790,0,0,0,0,0,5,315
org.pitest.mutationtest.engine.gregor.mutators.NegateConditionalsMutator,9114927,5358,0,0,0,0,0,32,754
org.pitest.mutationtest.engine.gregor.mutators.NonVoidMethodCallMutator,9114961,7365,0,0,0,0,0,1,229
org.pitest.mutationtest.engine.gregor.mutators.InlineConstantMutator,9114964,4411,0,0,0,0,0,0,472
org.pitest.mutationtest.engine.gregor.mutators.experimental.MemberVariableMutator,9114966,1777,0,0,0,0,0,0,727
org.mudebug.prapr.mutators.FieldToLocalAccessMutator_0,9114968,6684,0,0,1,1,1,1029,697
org.mudebug.prapr.mutators.FieldAccessToMethodCallMutator_1,9115999,6743,0,0,1,1,1,2894,1869
org.mudebug.prapr.mutators.MethodNameMutator_9,9118895,1245,0,0,0,0,0,10,719
org.pitest.mutationtest.engine.gregor.mutators.InlineConstantMutator,9118907,7613,0,0,0,0,0,5,62
org.mudebug.prapr.mutators.FieldNameMutator_1,9118914,1042,0,0,0,0,0,11,256
org.mudebug.prapr.mutators.LocalNameMutator_1,9118927,247,0,0,1,1,1,4269,241
org.mudebug.prapr.mutators.FieldNameMutator_4,9123198,1777,0,0,0,0,0,52,658
org.mudebug.prapr.mutators.ReturningDereferenceGuardMutator_2,9123252,1038,0,0,0,0,0,0,191
org.mudebug.prapr.mutators.MethCallResultGuard_2,9123254,7205,0,0,0,0,0,0,140
org.mudebug.prapr.mutators.MethCallResultGuard_2,9123256,6706,0,0,0,0,0,0,966
org.mudebug.prapr.mutators.ArgumentListMutator_1,9123258,6652,0,0,0,0,0,0,393
org.pitest.mutationtest.engine.gregor.mutators.NegateConditionalsMutator,9123262,6684,0,0,1,1,1,1029,695
org.mudebug.prapr.mutators.ArgumentListMutator_2,9124293,5212,0,0,0,0,0,0,60
org.pitest.mutationtest.engine.gregor.mutators.EmptyObjectReturnValsMutator,9124295,7045,0,0,0,0,0,257,96
org.pitest.mutationtest.engine.gregor.mutators.VoidMethodCallMutator,9124554,6684,0,0,0,0,0,0,695
org.mudebug.prapr.mutators.LocalToFieldAccessMutator_0,9124556,7098,0,0,0,0,0,13,1022
org.pitest.mutationtest.engine.gregor.mutators.InlineConstantMutator,9124571,1777,0,0,0,0,0,0,674
org.mudebug.prapr.mutators.MethCallResultGuard_1,9124573,7058,0,0,0,0,0,0,367
org.mudebug.prapr.mutators.LocalToFieldAccessMutator_3,9124575,6696,0,0,1,1,1,5377,835
org.mudebug.prapr.mutators.MethodNameMutator_0,9129954,1563,0,0,0,0,0,1,245
org.mudebug.prapr.mutators.MethodNameMutator_5,9129957,247,0,0,1,1,1,4269,239
org.mudebug.prapr.mutators.RelationalOperatorReplacement_1,9134228,5357,0,0,0,0,0,0,703
org.mudebug.prapr.mutators.FieldNameMutator_5,9134230,7058,0,0,0,0,0,39,455
org.mudebug.prapr.mutators.ArgumentListMutator_4,9134271,5356,0,0,1,1,1,1074,425
org.mudebug.prapr.mutators.MethodNameMutator_3,9135347,4411,0,0,1,1,1,4269,472
org.mudebug.prapr.mutators.LocalToFieldAccessMutator_2,9139618,6737,0,0,0,0,0,43,1784
org.mudebug.prapr.mutators.VoidMethodCallGuardMutator,9139663,6755,0,0,0,0,0,5,2012
org.pitest.mutationtest.engine.gregor.mutators.experimental.NakedReceiverMutator,9139670,1234,0,0,1,1,1,16,260
org.pitest.mutationtest.engine.gregor.mutators.NegateConditionalsMutator,9139688,495,0,0,1,1,1,3741,267
org.pitest.mutationtest.engine.gregor.mutators.experimental.MemberVariableMutator,9143431,6652,0,0,0,0,0,0,398
org.pitest.mutationtest.engine.gregor.mutators.ReturnValsMutator,9143433,6689,0,0,0,1,1,156,783
org.mudebug.prapr.mutators.MethodNameMutator_1,9143591,5362,0,0,0,0,0,6,816
org.mudebug.prapr.mutators.MethodNameMutator_5,9143599,7259,0,0,0,0,0,259,823
org.mudebug.prapr.mutators.LocalToFieldAccessMutator_1,9143860,1106,0,0,0,0,0,0,1142
org.mudebug.prapr.mutators.ReturningDereferenceGuardMutator_0,9143870,7627,0,0,0,0,0,0,159
org.mudebug.prapr.mutators.MethCallResultGuard_0,9143872,7059,0,0,0,0,0,0,563
org.mudebug.prapr.mutators.ArgumentListMutator_0,9143881,1052,0,0,1,1,1,4574,403
org.mudebug.prapr.mutators.ReturningDereferenceGuardMutator_0,9148457,1112,0,0,0,0,0,5,1250
org.mudebug.prapr.mutators.MethodNameMutator_0,9148467,347,0,0,0,0,0,1763,544
org.pitest.mutationtest.engine.gregor.mutators.ReturnValsMutator,9150232,7358,0,0,0,0,0,290,153
org.mudebug.prapr.mutators.LocalNameMutator_2,9150526,6743,0,0,0,1,1,1853,1874
org.mudebug.prapr.mutators.LocalToFieldAccessMutator_1,9152381,551,0,0,0,0,0,14,215
org.mudebug.prapr.mutators.LocalNameMutator_2,9152397,7058,0,0,0,0,0,2,384
org.mudebug.prapr.mutators.FieldNameMutator_0,9152401,4241,0,0,0,0,0,2,82
org.mudebug.prapr.mutators.ReturningDereferenceGuardMutator_2,9152405,5209,0,0,0,0,0,5,288
org.mudebug.prapr.mutators.ArithmeticOperatorReplacement_0,9152412,7207,0,0,0,0,0,0,198
org.pitest.mutationtest.engine.gregor.mutators.RemoveConditionalMutator_EQUAL_IF,9152414,1042,0,0,0,0,0,807,256
org.pitest.mutationtest.engine.gregor.mutators.experimental.RemoveSwitchMutator_46,9153223,555,0,0,1,1,1,386,872
org.mudebug.prapr.mutators.MethodNameMutator_3,9153611,6684,0,0,0,0,0,4,701
org.mudebug.prapr.mutators.ArithmeticOperatorReplacement_6,9153617,6713,0,0,0,0,0,71,1149
org.mudebug.prapr.mutators.LocalNameMutator_0,9153690,5376,0,0,0,0,0,1,1051
org.mudebug.prapr.mutators.FieldAccessToMethodCallMutator_2,9153693,6732,0,0,0,0,0,0,1618
org.mudebug.prapr.mutators.VoidMethodCallGuardMutator,9153695,7058,0,0,0,0,0,0,250
org.mudebug.prapr.mutators.RelationalOperatorReplacement_1,9153697,6689,0,0,0,1,1,174,778
org.pitest.mutationtest.engine.gregor.mutators.InlineConstantMutator,9153873,7058,0,0,1,1,1,5538,330
org.pitest.mutationtest.engine.gregor.mutators.NonVoidMethodCallMutator,9159413,495,0,0,1,1,1,5365,255
org.pitest.mutationtest.engine.gregor.mutators.VoidMethodCallMutator,9164782,2460,0,0,0,0,0,98,70
org.mudebug.prapr.mutators.LocalToFieldAccessMutator_0,9164882,1554,0,0,0,0,0,4,139
org.mudebug.prapr.mutators.ReturningDereferenceGuardMutator_1,9164888,6728,0,0,0,0,0,0,1418
org.mudebug.prapr.mutators.ReturningDereferenceGuardMutator_3,9164890,247,0,0,0,0,0,0,247
org.mudebug.prapr.mutators.MethodNameMutator_5,9164892,7250,0,0,0,0,0,50,663
org.mudebug.prapr.mutators.MethodNameMutator_2,9164944,6743,0,0,1,1,1,2923,1866
org.pitest.mutationtest.engine.gregor.mutators.RemoveConditionalMutator_EQUAL_ELSE,9167869,7220,0,0,0,0,0,264,177
org.pitest.mutationtest.engine.gregor.mutators.experimental.MemberVariableMutator,9168135,6859,0,0,1,1,1,5538,103
org.mudebug.prapr.mutators.MethodNameMutator_4,9173675,3675,0,0,0,0,0,1420,2358
org.mudebug.prapr.mutators.LocalNameMutator_1,9175097,5356,0,0,0,1,1,39,512
org.mudebug.prapr.mutators.FieldNameMutator_1,9175138,7058,0,0,0,0,0,2252,364
org.mudebug.prapr.mutators.ReturningDereferenceGuardMutator_4,9177392,6744,0,0,0,0,0,0,1894
org.mudebug.prapr.mutators.DereferenceGuardMutator_3,9177394,554,0,0,0,0,0,5,272
org.mudebug.prapr.mutators.MethodNameMutator_0,9177408,4411,0,0,1,1,1,1976,490
org.mudebug.prapr.mutators.MethCallResultGuard_0,9179386,5356,0,0,0,0,0,0,344
org.mudebug.prapr.mutators.LocalNameMutator_0,9179388,6689,0,0,0,0,0,0,782
org.mudebug.prapr.mutators.MethCallResultGuard_2,9179390,6742,0,0,0,0,0,0,1849
org.pitest.mutationtest.engine.gregor.mutators.InlineConstantMutator,9179392,1777,0,0,0,0,0,36,648
org.pitest.mutationtest.engine.gregor.mutators.experimental.RemoveSwitchMutator_66,9179430,5356,0,0,0,0,0,0,117
org.mudebug.prapr.mutators.MethCallResultGuard_2,9179432,6974,0,0,0,0,0,0,76
org.pitest.mutationtest.engine.gregor.mutators.InlineConstantMutator,9179434,7058,0,0,0,0,0,6,330
org.mudebug.prapr.mutators.FieldNameMutator_0,9179442,1777,0,0,0,0,0,1,655
org.mudebug.prapr.mutators.RelationalOperatorReplacement_0,9179445,5219,0,0,0,0,0,83,181
org.mudebug.prapr.mutators.MethodNameMutator_4,9179530,1245,0,0,1,1,1,75,673
org.mudebug.prapr.mutators.FieldNameMutator_2,9179607,1777,0,0,0,0,0,0,717
org.mudebug.prapr.mutators.MethodNameMutator_4,9179609,247,0,0,1,1,1,4219,239
org.mudebug.prapr.mutators.ArgumentListMutator_5,9183830,7556,0,0,0,0,0,53,70
org.mudebug.prapr.mutators.MethodNameMutator_1,9183885,7058,0,0,1,1,1,5538,357
org.mudebug.prapr.mutators.DereferenceGuardMutator_0,9189425,7627,0,0,0,0,0,0,159
org.mudebug.prapr.mutators.RelationalOperatorReplacement_0,9189427,3675,0,0,0,0,0,0,2362
org.mudebug.prapr.mutators.NonVoidMethodCallGuardMutator_0,9189429,3558,0,0,0,0,0,0,114
org.pitest.mutationtest.engine.gregor.mutators.NonVoidMethodCallMutator,9189431,3564,0,0,0,1,1,42,364
org.mudebug.prapr.mutators.FieldAccessToMethodCallMutator_1,9189475,1046,0,0,0,0,0,17,313
org.mudebug.prapr.mutators.LocalToFieldAccessMutator_2,9189494,6711,0,0,1,1,1,5365,1133
org.pitest.mutationtest.engine.gregor.mutators.InlineConstantMutator,9194861,7058,0,0,1,1,1,5538,330
org.mudebug.prapr.mutators.VoidMethodCallGuardMutator,9200401,3412,0,0,0,0,0,0,50
org.mudebug.prapr.mutators.NonVoidMethodCallGuardMutator_0,9200403,7557,0,0,0,0,0,0,76
org.mudebug.prapr.mutators.LocalToFieldAccessMutator_2,9200405,6706,0,0,0,1,1,8,967
org.pitest.mutationtest.engine.gregor.mutators.experimental.RemoveSwitchMutator_29,9200415,3584,0,0,1,1,1,1077,901
org.mudebug.prapr.mutators.LocalNameMutator_2,9201494,1234,0,0,1,1,1,4,302
org.mudebug.prapr.mutators.ArithmeticOperatorDeletion_0,9201500,553,0,0,0,0,0,41,267
org.mudebug.prapr.mutators.DereferenceGuardMutator_2,9201543,6683,0,0,0,0,0,0,683
org.pitest.mutationtest.engine.gregor.mutators.experimental.RemoveSwitchMutator_1,9201545,3584,0,0,0,0,0,0,901
org.mudebug.prapr.mutators.ArgumentListMutator_2,9201547,6678,0,0,0,0,0,0,602
org.pitest.mutationtest.engine.gregor.mutators.NonVoidMethodCallMutator,9201549,6986,0,0,0,0,0,46,145
org.mudebug.prapr.mutators.MethodNameMutator_1,9201597,3416,0,0,0,0,0,0,77
org.mudebug.prapr.mutators.DereferenceGuardMutator_2,9201599,6678,0,0,0,0,0,0,606
org.mudebug.prapr.mutators.FieldAccessToMethodCallMutator_2,9201601,6684,0,0,1,1,1,1029,703
org.mudebug.prapr.mutators.LocalNameMutator_0,9202632,7058,0,0,0,0,0,2250,364
org.mudebug.prapr.mutators.MethodNameMutator_8,9204884,551,0,0,0,0,0,17,212
org.mudebug.prapr.mutators.MethodNameMutator_7,9204903,5375,0,0,1,1,1,376,1032
org.mudebug.prapr.mutators.FieldAccessToMethodCallMutator_4,9205281,7503,0,0,0,0,0,610,444
org.pitest.mutationtest.engine.gregor.mutators.NonVoidMethodCallMutator,9205893,247,0,0,0,0,0,0,247
org.mudebug.prapr.mutators.LocalToFieldAccessMutator_1,9205895,6697,0,0,1,1,1,27,851
org.pitest.mutationtest.engine.gregor.mutators.experimental.RemoveSwitchMutator_91,9205924,555,0,0,0,0,0,2601,872
org.mudebug.prapr.mutators.RelationalOperatorReplacement_3,9208527,5358,0,0,0,0,0,9,736
org.pitest.mutationtest.engine.gregor.mutators.experimental.RemoveSwitchMutator_49,9208538,3584,0,0,0,0,0,0,901
org.mudebug.prapr.mutators.NonVoidMethodCallGuardMutator_0,9208540,6867,0,0,0,0,0,0,159
org.mudebug.prapr.mutators.DereferenceGuardMutator_3,9208542,1053,0,0,0,0,0,0,431
org.pitest.mutationtest.engine.gregor.mutators.NonVoidMethodCallMutator,9208548,240,0,0,1,1,1,2862,137
org.mudebug.prapr.mutators.LocalToFieldAccessMutator_1,9211412,6696,0,0,1,1,1,5626,837
org.pitest.mutationtest.engine.gregor.mutators.experimental.RemoveSwitchMutator_94,9217040,555,0,0,0,0,0,3,872
org.pitest.mutationtest.engine.gregor.mutators.RemoveConditionalMutator_EQUAL_ELSE,9217045,7086,0,0,0,0,0,5,892
org.mudebug.prapr.mutators.MethodNameMutator_1,9217052,7382,0,0,0,0,0,26,431
org.mudebug.prapr.mutators.MethodNameMutator_2,9217080,1231,0,0,0,0,0,7,72
org.mudebug.prapr.mutators.MethodNameMutator_9,9217089,6931,0,0,0,0,0,658,844
org.pitest.mutationtest.engine.gregor.mutators.InlineConstantMutator,9217749,5212,0,0,0,0,0,25,53
org.mudebug.prapr.mutators.MethodNameMutator_7,9217776,7302,0,0,0,0,0,87,102
org.mudebug.prapr.mutators.RelationalOperatorReplacement_2,9217865,3558,0,0,0,0,0,0,123
org.mudebug.prapr.mutators.DereferenceGuardMutator_3,9217867,6678,0,0,0,0,0,0,602
org.mudebug.prapr.mutators.MethCallResultGuard_0,9217869,4411,0,0,0,0,0,0,494
org.pitest.mutationtest.engine.gregor.mutators.experimental.NakedReceiverMutator,9217871,5356,0,0,0,0,0,5,344
org.mudebug.prapr.mutators.MethCallResultGuard_0,9217878,562,0,0,0,0,0,0,1210
org.mudebug.prapr.mutators.DereferenceGuardMutator_3,9217880,546,0,0,0,0,0,0,148
org.pitest.mutationtest.engine.gregor.mutators.InlineConstantMutator,9217882,6651,0,0,0,0,0,0,375
org.mudebug.prapr.mutators.MethodNameMutator_5,9217884,1236,1,0,1,1,1,29,522
org.mudebug.prapr.mutators.FieldAccessToMethodCallMutator_3,9217915,6678,0,0,1,1,1,5951,610
org.mudebug.prapr.mutators.NonVoidMethodCallGuardMutator_0,9223868,7058,0,0,0,0,0,0,273
org.mudebug.prapr.mutators.FieldToLocalAccessMutator_0,9223870,703,0,0,0,0,0,1,46
org.mudebug.prapr.mutators.FieldNameMutator_4,9223873,1777,0,0,0,0,0,0,722
org.pitest.mutationtest.engine.gregor.mutators.PrimitiveReturnsMutator,9223875,1141,0,0,0,0,0,246,1715
org.mudebug.prapr.mutators.RelationalOperatorReplacement_0,9224123,6689,0,0,0,1,1,166,778
org.pitest.mutationtest.engine.gregor.mutators.NonVoidMethodCallMutator,9224291,5356,0,0,0,0,0,2,103
org.pitest.mutationtest.engine.gregor.mutators.NonVoidMethodCallMutator,9224295,495,0,0,1,1,1,1082,216
org.mudebug.prapr.mutators.MethCallResultGuard_0,9225379,517,0,0,0,0,0,0,114
org.mudebug.prapr.mutators.MethodNameMutator_3,9225381,7232,0,0,0,0,0,0,273
org.mudebug.prapr.mutators.LocalNameMutator_2,9225383,7058,0,0,0,0,0,19,348
org.mudebug.prapr.mutators.ArgumentListMutator_2,9225404,347,0,0,0,0,0,778,509
org.mudebug.prapr.mutators.DereferenceGuardMutator_4,9226184,6706,0,0,0,0,0,0,929
org.mudebug.prapr.mutators.NonVoidMethodCallGuardMutator_0,9226186,329,0,0,0,0,0,0,296
org.mudebug.prapr.mutators.FieldAccessToMethodCallMutator_0,9226188,1777,0,0,0,0,0,0,728
org.mudebug.prapr.mutators.MethCallResultGuard_2,9226190,1245,0,0,0,0,0,0,713
org.mudebug.prapr.mutators.ArgumentListMutator_3,9226192,7052,0,0,1,1,1,5538,112
org.mudebug.prapr.mutators.RelationalOperatorReplacement_0,9231732,7064,0,0,0,0,0,10,614
org.pitest.mutationtest.engine.gregor.mutators.EmptyObjectReturnValsMutator,9231744,5218,0,0,0,1,1,194,176
org.mudebug.prapr.mutators.MethodNameMutator_2,9231940,1106,0,0,0,0,0,0,1137
org.pitest.mutationtest.engine.gregor.mutators.experimental.RemoveIncrementsMutator,9231942,6697,0,0,1,1,1,27,845
org.mudebug.prapr.mutators.LocalToFieldAccessMutator_3,9231971,6674,0,0,1,1,1,2754,560
org.mudebug.prapr.mutators.MethodNameMutator_6,9234727,7250,0,0,0,0,0,578,659
org.mudebug.prapr.mutators.FieldAccessToMethodCallMutator_2,9235307,1777,0,0,0,0,0,0,671
org.mudebug.prapr.mutators.FieldNameMutator_4,9235309,7058,0,0,1,1,1,5538,241
org.pitest.mutationtest.engine.gregor.mutators.NegateConditionalsMutator,9240849,6867,0,0,0,0,0,821,159
org.pitest.mutationtest.engine.gregor.mutators.experimental.MemberVariableMutator,9241672,1777,0,0,0,0,0,0,689
org.mudebug.prapr.mutators.RelationalOperatorReplacement_1,9241674,7303,0,0,0,0,0,1939,168
org.mudebug.prapr.mutators.ArithmeticOperatorReplacement_6,9243615,346,0,0,0,0,0,3,496
org.mudebug.prapr.mutators.MethCallResultGuard_1,9243620,1119,0,0,0,0,0,0,1439
org.mudebug.prapr.mutators.LocalToFieldAccessMutator_2,9243622,6732,0,0,0,0,0,1986,1596
org.pitest.mutationtest.engine.gregor.mutators.RemoveConditionalMutator_EQUAL_ELSE,9245610,7382,0,0,0,0,0,26,431
org.pitest.mutationtest.engine.gregor.mutators.experimental.MemberVariableMutator,9245638,6684,0,0,0,0,0,469,704
org.mudebug.prapr.mutators.LocalToFieldAccessMutator_0,9246109,1042,0,0,0,0,0,0,256
org.mudebug.prapr.mutators.LocalToFieldAccessMutator_0,9246111,1046,0,0,1,1,1,4574,309
org.pitest.mutationtest.engine.gregor.mutators.experimental.RemoveSwitchMutator_68,9250687,3636,0,0,0,0,0,0,1649
org.mudebug.prapr.mutators.DereferenceGuardMutator_3,9250689,1311,0,0,0,0,0,0,63
org.mudebug.prapr.mutators.FieldAccessToMethodCallMutator_4,9250691,6684,0,0,1,1,1,1026,713
org.mudebug.prapr.mutators.MethodNameMutator_0,9251719,7052,0,0,0,0,0,1911,199
org.mudebug.prapr.mutators.DereferenceGuardMutator_0,9253632,7263,0,0,0,0,0,0,850
org.mudebug.prapr.mutators.RelationalOperatorReplacement_2,9253634,7302,0,0,0,0,0,438,134
org.pitest.mutationtest.engine.gregor.mutators.NonVoidMethodCallMutator,9254074,7058,0,0,0,0,0,5,443
org.pitest.mutationtest.engine.gregor.mutators.NegateConditionalsMutator,9254081,6388,0,0,0,1,1,1310,265
org.mudebug.prapr.mutators.MethodNameMutator_1,9255393,551,0,0,0,0,0,37,215
org.mudebug.prapr.mutators.FieldAccessToMethodCallMutator_2,9255432,1777,0,0,0,0,0,0,642
org.mudebug.prapr.mutators.LocalNameMutator_0,9255434,5356,0,0,1,1,1,1499,496
org.mudebug.prapr.mutators.ReturningDereferenceGuardMutator_2,9256935,5214,0,0,0,0,0,0,112
org.mudebug.prapr.mutators.FieldToLocalAccessMutator_1,9256937,6407,0,0,1,1,1,4,2236
org.pitest.mutationtest.engine.gregor.mutators.experimental.RemoveIncrementsMutator,9256943,6697,0,0,1,1,1,27,850
org.mudebug.prapr.mutators.FieldNameMutator_4,9256975,1777,0,0,0,0,0,0,650
org.pitest.mutationtest.engine.gregor.mutators.RemoveConditionalMutator_EQUAL_ELSE,9256977,7063,0,0,1,1,1,5538,600
org.mudebug.prapr.mutators.VoidMethodCallGuardMutator,9262517,1106,0,0,0,0,0,0,1096
org.mudebug.prapr.mutators.FieldNameMutator_2,9262519,7131,0,0,0,0,0,5,71
org.mudebug.prapr.mutators.RelationalOperatorReplacement_1,9262526,6710,0,0,0,0,0,8,1063
org.mudebug.prapr.mutators.VoidMethodCallGuardMutator,9262536,5356,0,0,0,0,0,0,513
org.mudebug.prapr.mutators.NonVoidMethodCallGuardMutator_0,9262538,6420,0,0,0,0,0,0,400
org.mudebug.prapr.mutators.LocalToFieldAccessMutator_0,9262540,1046,0,0,1,1,1,2997,304
org.mudebug.prapr.mutators.DereferenceGuardMutator_4,9265539,4413,0,0,0,0,0,0,524
org.pitest.mutationtest.engine.gregor.mutators.experimental.RemoveSwitchMutator_67,9265541,5356,0,0,0,0,0,0,117
org.mudebug.prapr.mutators.MethodNameMutator_2,9265543,551,0,0,0,1,1,90,221
org.mudebug.prapr.mutators.NonVoidMethodCallGuardMutator_0,9265635,5358,0,0,0,0,0,0,724
org.mudebug.prapr.mutators.ReturningDereferenceGuardMutator_0,9265637,7219,0,0,0,0,0,0,172
org.mudebug.prapr.mutators.RelationalOperatorReplacement_2,9265639,6732,0,0,0,0,0,0,1596
org.mudebug.prapr.mutators.ReturningDereferenceGuardMutator_2,9265641,5356,0,0,0,0,0,0,696
org.mudebug.prapr.mutators.FieldAccessToMethodCallMutator_0,9265643,4395,0,0,1,1,1,5225,247
org.mudebug.prapr.mutators.RelationalOperatorReplacement_3,9270870,4666,0,0,0,0,0,5,60
org.mudebug.prapr.mutators.MethCallResultGuard_1,9270877,557,0,0,0,0,0,0,1190
org.mudebug.prapr.mutators.LocalToFieldAccessMutator_3,9270879,6683,0,0,1,1,1,2721,681
org.pitest.mutationtest.engine.gregor.mutators.ReturnValsMutator,9273602,7203,0,0,0,0,0,2267,130
org.pitest.mutationtest.engine.gregor.mutators.ReturnValsMutator,9275871,5187,0,0,0,0,0,0,239
org.mudebug.prapr.mutators.FieldToLocalAccessMutator_0,9275873,7052,0,0,0,0,0,42,196
org.mudebug.prapr.mutators.VoidMethodCallGuardMutator,9275917,3387,0,0,0,0,0,0,60
org.mudebug.prapr.mutators.MethCallResultGuard_0,9275919,495,0,0,0,0,0,5,255
org.mudebug.prapr.mutators.FieldNameMutator_1,9275926,1537,0,0,0,0,0,0,32
org.mudebug.prapr.mutators.MethodNameMutator_2,9275928,6931,0,0,0,0,0,108,852
org.mudebug.prapr.mutators.RelationalOperatorReplacement_0,9276038,5375,0,0,0,0,0,31,1036
org.mudebug.prapr.mutators.LocalToFieldAccessMutator_0,9276071,6684,0,0,0,0,0,433,704
org.mudebug.prapr.mutators.FieldNameMutator_1,9276506,1777,0,0,0,0,0,0,710
org.mudebug.prapr.mutators.DereferenceGuardMutator_3,9276508,4260,0,0,0,0,0,0,453
org.mudebug.prapr.mutators.LocalToFieldAccessMutator_0,9276510,6689,0,0,0,1,1,5,779
org.pitest.mutationtest.engine.gregor.mutators.RemoveConditionalMutator_EQUAL_IF,9276517,6652,0,0,0,0,0,0,395
org.pitest.mutationtest.engine.gregor.mutators.NonVoidMethodCallMutator,9276522,1248,0,0,0,0,0,4,878
org.mudebug.prapr.mutators.ArgumentListMutator_0,9276528,7058,0,0,0,0,0,1,527
org.mudebug.prapr.mutators.MethodNameMutator_0,9276531,1562,0,0,0,0,0,22,213
org.mudebug.prapr.mutators.FieldNameMutator_4,9276555,1777,0,0,0,0,0,0,710
org.mudebug.prapr.mutators.DereferenceGuardMutator_0,9276557,7788,0,0,0,0,0,0,298
org.mudebug.prapr.mutators.MethodNameMutator_1,9276559,6696,0,0,0,1,1,11,835
org.pitest.mutationtest.engine.gregor.mutators.IncrementsMutator,9276572,6697,0,0,1,1,1,27,850
org.mudebug.prapr.mutators.FieldToLocalAccessMutator_0,9276601,6689,0,0,0,1,1,5,783
org.mudebug.prapr.mutators.MethodNameMutator_6,9276608,7205,0,0,0,0,0,37,140
org.mudebug.prapr.mutators.ArgumentListMutator_3,9276647,3263,0,0,0,0,0,0,50
org.mudebug.prapr.mutators.FieldAccessToMethodCallMutator_0,9276649,1555,0,0,0,0,0,93,160
org.mudebug.prapr.mutators.ArgumentListMutator_4,9276744,3569,0,0,0,0,0,0,494
org.mudebug.prapr.mutators.NonVoidMethodCallGuardMutator_0,9276746,4667,0,0,0,0,0,0,67
org.pitest.mutationtest.engine.gregor.mutators.experimental.RemoveSwitchMutator_62,9276748,495,0,0,0,0,0,1286,119
org.mudebug.prapr.mutators.FieldAccessToMethodCallMutator_4,9278036,4635,0,0,0,0,0,0,136
org.pitest.mutationtest.engine.gregor.mutators.NonVoidMethodCallMutator,9278041,1313,0,0,1,1,1,59,86
org.mudebug.prapr.mutators.DereferenceGuardMutator_0,9278102,1311,0,0,0,0,0,0,62
org.mudebug.prapr.mutators.MethodNameMutator_2,9278104,551,0,0,0,0,0,17,214
org.mudebug.prapr.mutators.RelationalOperatorReplacement_2,9278123,7200,0,0,0,0,0,0,104
org.mudebug.prapr.mutators.LocalToFieldAccessMutator_0,9278125,2967,0,0,0,0,0,6,599
org.mudebug.prapr.mutators.LocalToFieldAccessMutator_2,9278135,6674,0,0,1,1,1,2709,564
org.mudebug.prapr.mutators.MethodNameMutator_3,9280846,557,0,0,0,0,0,8,1190
org.mudebug.prapr.mutators.LocalNameMutator_2,9280856,3388,0,0,1,1,1,109,77
org.mudebug.prapr.mutators.MethCallResultGuard_2,9280967,7061,0,0,0,0,0,2,573
org.mudebug.prapr.mutators.DereferenceGuardMutator_3,9280971,7057,0,0,0,0,0,0,230
org.mudebug.prapr.mutators.LocalToFieldAccessMutator_0,9280973,1048,0,0,1,1,1,4574,347
org.mudebug.prapr.mutators.MethCallResultGuard_0,9285549,7302,0,0,0,0,0,0,126
org.pitest.mutationtest.engine.gregor.mutators.experimental.RemoveSwitchMutator_62,9285553,5356,0,0,0,0,0,0,117
org.mudebug.prapr.mutators.FieldNameMutator_5,9285555,7131,0,0,0,0,0,2,74
org.mudebug.prapr.mutators.MethCallResultGuard_1,9285559,1234,0,0,0,0,0,0,262
org.pitest.mutationtest.engine.gregor.mutators.InlineConstantMutator,9285561,6710,0,0,0,0,0,8,1071
org.mudebug.prapr.mutators.ArgumentListMutator_1,9285571,6705,0,0,1,1,1,62,916
org.pitest.mutationtest.engine.gregor.mutators.NegateConditionalsMutator,9285635,1106,0,0,1,1,1,2972,1146
org.mudebug.prapr.mutators.MethodNameMutator_0,9288609,334,0,0,0,0,0,4,381
org.pitest.mutationtest.engine.gregor.mutators.NullReturnValsMutator,9288615,1106,0,0,0,0,0,0,1204
org.mudebug.prapr.mutators.MethodNameMutator_2,9288617,4411,0,0,0,0,0,0,494
org.mudebug.prapr.mutators.LocalToFieldAccessMutator_0,9288619,6684,0,0,1,1,1,980,701
org.pitest.mutationtest.engine.gregor.mutators.InlineConstantMutator,9289601,1777,0,0,0,0,0,0,641
org.mudebug.prapr.mutators.LocalNameMutator_0,9289603,6744,0,0,0,1,1,680,1894
org.pitest.mutationtest.engine.gregor.mutators.experimental.MemberVariableMutator,9290287,6168,0,0,0,0,0,130,480
org.mudebug.prapr.mutators.MethodNameMutator_5,9290419,1234,0,0,1,1,1,5,302
org.pitest.mutationtest.engine.gregor.mutators.RemoveConditionalMutator_EQUAL_IF,9290426,7302,0,0,0,0,0,1967,102
org.mudebug.prapr.mutators.FieldNameMutator_0,9292398,1777,0,0,0,0,0,0,673
org.mudebug.prapr.mutators.NonVoidMethodCallGuardMutator_0,9292400,7307,0,0,0,0,0,0,212
org.pitest.mutationtest.engine.gregor.mutators.NonVoidMethodCallMutator,9292402,7058,0,0,1,1,1,5538,494
org.pitest.mutationtest.engine.gregor.mutators.experimental.MemberVariableMutator,9297942,4392,0,0,1,1,1,5220,59
org.mudebug.prapr.mutators.MethCallResultGuard_0,9303164,7045,0,0,0,0,0,0,96
org.mudebug.prapr.mutators.LocalNameMutator_0,9303173,4411,0,0,0,0,0,2078,485
org.mudebug.prapr.mutators.FieldNameMutator_2,9305253,6721,0,0,0,1,1,586,1331
org.mudebug.prapr.mutators.FieldAccessToMethodCallMutator_0,9305841,1053,0,0,1,1,1,4579,439
org.mudebug.prapr.mutators.RelationalOperatorReplacement_3,9310422,3592,0,0,0,0,0,544,1084
org.mudebug.prapr.mutators.ArgumentListMutator_1,9310968,4157,0,0,1,1,1,4562,93
org.mudebug.prapr.mutators.LocalToFieldAccessMutator_2,9315532,6698,0,0,1,1,1,5518,859
org.pitest.mutationtest.engine.gregor.mutators.ReturnValsMutator,9321052,7257,0,0,1,1,1,5538,811
org.mudebug.prapr.mutators.ReturningDereferenceGuardMutator_3,9326592,562,0,0,0,0,0,0,1210
org.pitest.mutationtest.engine.gregor.mutators.experimental.RemoveSwitchMutator_62,9326601,3584,0,0,0,0,0,0,901
org.mudebug.prapr.mutators.FieldAccessToMethodCallMutator_2,9326603,1777,0,0,0,0,0,0,647
org.mudebug.prapr.mutators.FieldNameMutator_3,9326605,1777,0,0,0,0,0,0,677
org.mudebug.prapr.mutators.ReturningDereferenceGuardMutator_3,9326607,6706,0,0,0,0,0,0,1030
org.mudebug.prapr.mutators.LocalToFieldAccessMutator_0,9326609,5209,0,0,0,0,0,13,288
org.pitest.mutationtest.engine.gregor.mutators.RemoveConditionalMutator_EQUAL_IF,9326624,7109,0,0,0,0,0,2,1173
org.mudebug.prapr.mutators.LocalToFieldAccessMutator_1,9326628,6694,0,0,0,1,1,2586,826
org.mudebug.prapr.mutators.FieldNameMutator_0,9329216,1038,0,0,0,0,0,34,131
org.mudebug.prapr.mutators.ReturningDereferenceGuardMutator_0,9329252,7305,0,0,0,0,0,0,206
org.pitest.mutationtest.engine.gregor.mutators.experimental.RemoveSwitchMutator_19,9329254,5356,0,0,0,0,0,0,117
org.mudebug.prapr.mutators.DereferenceGuardMutator_0,9329256,7304,0,0,0,0,0,0,192
org.mudebug.prapr.mutators.FieldNameMutator_0,9329258,1046,0,0,1,1,1,4574,328
org.pitest.mutationtest.engine.gregor.mutators.ConstructorCallMutator,9333834,7058,0,0,0,0,0,32,251
org.mudebug.prapr.mutators.MethodNameMutator_2,9333868,7232,0,0,0,0,0,0,273
org.mudebug.prapr.mutators.FieldToLocalAccessMutator_0,9333870,6651,0,0,1,1,1,4342,380
org.mudebug.prapr.mutators.NonVoidMethodCallGuardMutator_0,9338214,7059,0,0,0,0,0,0,551
org.mudebug.prapr.mutators.FieldNameMutator_4,9338216,1777,0,0,0,0,0,0,648
org.mudebug.prapr.mutators.FieldNameMutator_2,9338218,6678,0,0,1,1,1,4600,606
org.mudebug.prapr.mutators.RelationalOperatorReplacement_0,9342820,5356,0,0,0,0,0,5,428
org.pitest.mutationtest.engine.gregor.mutators.NonVoidMethodCallMutator,9342827,7382,0,0,0,0,0,0,442
org.mudebug.prapr.mutators.LocalToFieldAccessMutator_0,9342829,6690,0,0,1,1,1,5427,792
org.mudebug.prapr.mutators.MethCallResultGuard_0,9348258,7064,0,0,0,0,0,0,622
org.mudebug.prapr.mutators.NonVoidMethodCallGuardMutator_0,9348260,5356,0,0,0,0,0,0,354
org.pitest.mutationtest.engine.gregor.mutators.experimental.MemberVariableMutator,9348262,240,0,0,1,1,1,2862,137
org.mudebug.prapr.mutators.FieldNameMutator_4,9351129,1106,0,0,0,0,0,15,1106
org.mudebug.prapr.mutators.RelationalOperatorReplacement_1,9351146,1049,0,0,0,0,0,5,366
org.mudebug.prapr.mutators.DereferenceGuardMutator_3,9351153,1083,0,0,0,0,0,0,844
org.pitest.mutationtest.engine.gregor.mutators.NegateConditionalsMutator,9351155,6706,0,0,0,1,1,8,965
org.mudebug.prapr.mutators.ArgumentListMutator_4,9351165,7784,0,0,0,1,1,2586,355
org.mudebug.prapr.mutators.NonVoidMethodCallGuardMutator_0,9353753,1042,0,0,0,0,0,0,246
org.mudebug.prapr.mutators.DereferenceGuardMutator_2,9353755,6652,0,0,0,0,0,0,393
org.mudebug.prapr.mutators.LocalNameMutator_0,9353757,705,0,0,1,1,1,5190,64
org.pitest.mutationtest.engine.gregor.mutators.experimental.MemberVariableMutator,9358949,1777,0,0,0,0,0,0,704
org.mudebug.prapr.mutators.ReturningDereferenceGuardMutator_0,9358951,7303,0,0,0,0,0,0,167
org.pitest.mutationtest.engine.gregor.mutators.NonVoidMethodCallMutator,9358953,5356,0,0,1,1,1,2739,82
org.mudebug.prapr.mutators.LocalToFieldAccessMutator_3,9361694,6737,0,0,1,1,1,2668,1783
org.mudebug.prapr.mutators.RelationalOperatorReplacement_0,9364364,1248,0,0,0,0,0,2,878
org.mudebug.prapr.mutators.MethodNameMutator_2,9364371,1562,0,0,0,0,0,123,229
org.pitest.mutationtest.engine.gregor.mutators.ReturnValsMutator,9364496,4169,0,0,1,1,1,4578,193
org.mudebug.prapr.mutators.FieldNameMutator_0,9369076,504,0,0,0,0,0,0,83
org.mudebug.prapr.mutators.ReturningDereferenceGuardMutator_1,9369078,5209,0,0,0,0,0,0,288
org.mudebug.prapr.mutators.MethodNameMutator_4,9369080,5356,0,0,1,1,1,1316,215
org.pitest.mutationtest.engine.gregor.mutators.NegateConditionalsMutator,9370398,4415,0,0,1,1,1,5220,546
org.mudebug.prapr.mutators.ArgumentListMutator_4,9375620,5213,0,0,0,0,0,0,90
org.pitest.mutationtest.engine.gregor.mutators.NonVoidMethodCallMutator,9375622,1119,0,0,0,0,0,0,1434
org.mudebug.prapr.mutators.MethodNameMutator_7,9375624,1245,0,0,1,1,1,20,714
org.mudebug.prapr.mutators.MethCallResultGuard_2,9375646,6987,0,0,0,0,0,0,155
org.mudebug.prapr.mutators.NonVoidMethodCallGuardMutator_0,9375648,504,0,0,0,0,0,0,87
org.mudebug.prapr.mutators.MethodNameMutator_0,9375656,7058,0,0,0,0,0,0,313
org.mudebug.prapr.mutators.FieldNameMutator_1,9375658,6169,0,0,0,0,0,0,500
org.mudebug.prapr.mutators.MethodNameMutator_9,9375660,7257,0,0,0,0,0,2113,810
org.mudebug.prapr.mutators.FieldAccessToMethodCallMutator_3,9377775,6678,0,0,1,1,1,5185,610
org.mudebug.prapr.mutators.ReturningDereferenceGuardMutator_2,9382962,6678,0,0,0,0,0,0,603
org.mudebug.prapr.mutators.MethodNameMutator_9,9382964,1231,0,0,0,0,0,9,72
org.pitest.mutationtest.engine.gregor.mutators.RemoveConditionalMutator_EQUAL_ELSE,9382975,6706,0,0,0,1,1,8,965
org.mudebug.prapr.mutators.FieldAccessToMethodCallMutator_4,9382985,6683,0,0,1,1,1,2677,685
org.mudebug.prapr.mutators.DereferenceGuardMutator_4,9385664,1106,0,0,0,0,0,5,1199
org.mudebug.prapr.mutators.LocalToFieldAccessMutator_4,9385671,1786,0,0,0,0,0,76,845
org.pitest.mutationtest.engine.gregor.mutators.NonVoidMethodCallMutator,9385749,347,0,0,0,0,0,7,516
org.mudebug.prapr.mutators.MethCallResultGuard_1,9385758,7199,0,0,0,0,0,0,85
org.mudebug.prapr.mutators.FieldNameMutator_2,9385760,1119,0,0,0,0,0,0,1439
org.mudebug.prapr.mutators.ArgumentListMutator_4,9385762,4413,0,0,0,0,0,0,523
org.mudebug.prapr.mutators.FieldAccessToMethodCallMutator_2,9385764,6652,0,0,1,1,1,5084,403
org.pitest.mutationtest.engine.gregor.mutators.experimental.RemoveSwitchMutator_7,9390850,1231,0,0,0,0,0,2,59
org.mudebug.prapr.mutators.RelationalOperatorReplacement_2,9390854,334,0,0,0,0,0,5,382
org.mudebug.prapr.mutators.MethodNameMutator_2,9390861,7382,0,0,0,0,0,1847,442
org.mudebug.prapr.mutators.MethodNameMutator_1,9392710,1234,0,0,0,1,1,14,275
org.mudebug.prapr.mutators.LocalNameMutator_0,9392726,6976,0,0,0,0,0,13,91
org.pitest.mutationtest.engine.gregor.mutators.ReturnValsMutator,9392741,6899,0,0,0,0,0,2150,331
org.mudebug.prapr.mutators.ReturningDereferenceGuardMutator_0,9394893,6689,0,0,0,0,0,0,778
org.mudebug.prapr.mutators.LocalToFieldAccessMutator_2,9394895,6715,0,0,0,0,0,1696,1173
org.mudebug.prapr.mutators.VoidMethodCallGuardMutator,9396593,6744,0,0,0,0,0,0,1893
org.mudebug.prapr.mutators.MethodNameMutator_3,9396595,1106,0,0,1,1,1,2977,1102
org.pitest.mutationtest.engine.gregor.mutators.NonVoidMethodCallMutator,9399574,1234,0,0,0,0,0,11,272
org.mudebug.prapr.mutators.ReturningDereferenceGuardMutator_0,9399587,348,0,0,0,0,0,0,556
org.mudebug.prapr.mutators.FieldAccessToMethodCallMutator_0,9399589,1777,0,0,0,0,0,0,704
org.mudebug.prapr.mutators.FieldNameMutator_1,9399591,1777,0,0,0,0,0,0,738
org.mudebug.prapr.mutators.MethCallResultGuard_2,9399593,558,0,0,0,0,0,0,1194
org.mudebug.prapr.mutators.RelationalOperatorReplacement_2,9399595,5375,0,0,0,1,1,39,1033
org.mudebug.prapr.mutators.MethodNameMutator_8,9399639,5214,0,0,0,0,0,28,112
org.mudebug.prapr.mutators.MethodNameMutator_0,9399669,3711,0,0,0,0,0,0,72
org.mudebug.prapr.mutators.NonVoidMethodCallGuardMutator_0,9399671,5358,0,0,0,0,0,0,741
org.pitest.mutationtest.engine.gregor.mutators.NegateConditionalsMutator,9399673,7200,0,0,0,0,0,3,104
org.mudebug.prapr.mutators.FieldNameMutator_1,9399678,6721,0,0,0,0,0,0,1331
org.mudebug.prapr.mutators.MethCallResultGuard_0,9399680,7365,0,0,0,0,0,1,232
org.mudebug.prapr.mutators.MethCallResultGuard_1,9399683,7058,0,0,0,0,0,0,432
org.mudebug.prapr.mutators.VoidMethodCallGuardMutator,9399685,5356,0,0,0,0,0,23,496
org.mudebug.prapr.mutators.VoidMethodCallGuardMutator,9399710,7058,0,0,0,0,0,5,395
org.pitest.mutationtest.engine.gregor.mutators.RemoveConditionalMutator_EQUAL_ELSE,9399717,6977,0,0,0,0,0,0,96
org.pitest.mutationtest.engine.gregor.mutators.NonVoidMethodCallMutator,9399719,1082,0,0,0,0,0,0,834
org.mudebug.prapr.mutators.MethodNameMutator_2,9399721,4679,0,0,0,0,0,0,115
org.mudebug.prapr.mutators.FieldNameMutator_5,9399723,7059,0,0,0,0,0,2,553
org.mudebug.prapr.mutators.RelationalOperatorReplacement_1,9399727,5356,0,0,0,0,0,0,507
org.pitest.mutationtest.engine.gregor.mutators.NonVoidMethodCallMutator,9399729,7059,0,0,1,1,1,5538,557
org.mudebug.prapr.mutators.LocalToFieldAccessMutator_0,9405269,6744,0,0,1,1,1,1245,1889
org.mudebug.prapr.mutators.LocalToFieldAccessMutator_2,9406516,1106,0,0,0,0,0,0,1166
org.mudebug.prapr.mutators.MethCallResultGuard_0,9406518,1119,0,0,0,0,0,0,1441
org.mudebug.prapr.mutators.LocalToFieldAccessMutator_1,9406520,1106,0,0,1,1,1,2974,1196
org.mudebug.prapr.mutators.DereferenceGuardMutator_3,9409496,4410,0,0,0,0,0,0,464
org.mudebug.prapr.mutators.ArgumentListMutator_4,9409498,6710,0,0,0,1,1,8,1066
org.mudebug.prapr.mutators.LocalNameMutator_2,9409508,6743,0,0,0,0,0,1668,1873
org.mudebug.prapr.mutators.NonVoidMethodCallGuardMutator_0,9411178,1046,0,0,0,0,0,0,309
org.pitest.mutationtest.engine.gregor.mutators.NegateConditionalsMutator,9411180,1248,0,0,0,0,0,8,878
org.pitest.mutationtest.engine.gregor.mutators.RemoveConditionalMutator_EQUAL_IF,9411190,7501,0,0,1,1,1,5538,422
org.mudebug.prapr.mutators.MethCallResultGuard_2,9416730,495,0,0,0,0,0,0,237
org.pitest.mutationtest.engine.gregor.mutators.NonVoidMethodCallMutator,9416732,346,0,0,1,1,1,2915,490
org.mudebug.prapr.mutators.FieldNameMutator_4,9419651,1777,0,0,0,0,0,0,669
org.mudebug.prapr.mutators.MethodNameMutator_3,9419653,6712,0,0,0,1,1,111,1137
org.mudebug.prapr.mutators.LocalToFieldAccessMutator_2,9419766,6728,0,0,0,0,0,599,1420
org.pitest.mutationtest.engine.gregor.mutators.RemoveConditionalMutator_EQUAL_IF,9420367,6899,0,0,0,0,0,802,331
org.mudebug.prapr.mutators.MethCallResultGuard_0,9421171,6973,0,0,0,0,0,0,71
org.mudebug.prapr.mutators.FieldAccessToMethodCallMutator_2,9421173,6728,0,0,0,1,1,1476,1418
org.mudebug.prapr.mutators.MethCallResultGuard_0,9422651,1119,0,0,0,0,0,0,1437
org.mudebug.prapr.mutators.MethCallResultGuard_2,9422653,7059,0,0,0,0,0,0,547
org.mudebug.prapr.mutators.MethodNameMutator_0,9422655,6743,0,0,0,0,0,2261,1868
org.mudebug.prapr.mutators.ArgumentListMutator_5,9424918,6174,0,0,0,0,0,0,548
org.mudebug.prapr.mutators.FieldNameMutator_2,9424920,7058,0,0,0,0,0,2319,345
org.mudebug.prapr.mutators.MethodNameMutator_3,9427241,7233,0,0,0,0,0,5,291
org.mudebug.prapr.mutators.MethodNameMutator_4,9427248,1106,0,0,0,1,1,2812,1099
org.mudebug.prapr.mutators.FieldAccessToMethodCallMutator_1,9430062,6699,0,0,0,0,0,74,863
org.mudebug.prapr.mutators.MethCallResultGuard_0,9430138,4415,0,0,0,0,0,5,549
org.pitest.mutationtest.engine.gregor.mutators.InlineConstantMutator,9430145,5356,0,0,1,1,1,1074,428
org.mudebug.prapr.mutators.FieldNameMutator_2,9431221,6678,0,0,1,1,1,5514,607
org.mudebug.prapr.mutators.MethCallResultGuard_1,9436737,6987,0,0,0,0,0,0,155
org.mudebug.prapr.mutators.VoidMethodCallGuardMutator,9436742,7058,0,0,0,0,0,5,417
org.mudebug.prapr.mutators.FieldAccessToMethodCallMutator_0,9436749,1803,0,0,1,1,1,2793,957
org.pitest.mutationtest.engine.gregor.mutators.NullReturnValsMutator,9439544,1231,0,0,0,0,0,3,73
org.pitest.mutationtest.engine.gregor.mutators.experimental.RemoveSwitchMutator_62,9439549,6415,0,0,0,0,0,0,273
org.mudebug.prapr.mutators.FieldNameMutator_1,9439551,1777,0,0,0,0,0,83,653
org.mudebug.prapr.mutators.ReturningDereferenceGuardMutator_4,9439636,1106,0,0,0,0,0,0,1185
org.mudebug.prapr.mutators.NonVoidMethodCallGuardMutator_0,9439638,6706,0,0,0,0,0,0,966
org.mudebug.prapr.mutators.NonVoidMethodCallGuardMutator_0,9439640,7058,0,0,0,0,0,0,439
org.mudebug.prapr.mutators.FieldNameMutator_1,9439642,1106,0,0,1,1,1,2980,1082
org.mudebug.prapr.mutators.DereferenceGuardMutator_3,9442624,6687,0,0,0,0,0,0,756
org.pitest.mutationtest.engine.gregor.mutators.RemoveConditionalMutator_EQUAL_IF,9442626,3558,0,0,0,0,0,17,114
org.mudebug.prapr.mutators.LocalNameMutator_2,9442645,1234,0,0,1,1,1,3,310
org.mudebug.prapr.mutators.NonVoidMethodCallGuardMutator_0,9442650,1234,0,0,0,0,0,0,310
org.mudebug.prapr.mutators.NonVoidMethodCallGuardMutator_0,9442652,7215,0,0,0,0,0,0,137
org.mudebug.prapr.mutators.RelationalOperatorReplacement_2,9442654,4260,0,0,0,0,0,3,453
org.mudebug.prapr.mutators.FieldAccessToMethodCallMutator_3,9442659,6651,0,0,1,1,1,4611,383
org.mudebug.prapr.mutators.FieldNameMutator_2,9447272,1777,0,0,0,0,0,0,643
org.pitest.mutationtest.engine.gregor.mutators.InlineConstantMutator,9447274,3589,0,0,0,1,1,358,1062
org.mudebug.prapr.mutators.FieldNameMutator_0,9447634,1777,0,0,0,0,0,0,753
org.mudebug.prapr.mutators.FieldNameMutator_0,9447636,1777,0,0,0,0,0,0,647
org.mudebug.prapr.mutators.NonVoidMethodCallGuardMutator_0,9447638,3675,0,0,0,0,0,0,2359
org.mudebug.prapr.mutators.MethodNameMutator_0,9447640,7064,0,0,0,0,0,0,622
org.mudebug.prapr.mutators.LocalNameMutator_2,9447642,7058,0,0,0,0,0,2252,338
org.mudebug.prapr.mutators.DereferenceGuardMutator_0,9449896,7380,0,0,0,0,0,0,397
org.pitest.mutationtest.engine.gregor.mutators.IncrementsMutator,9449898,6697,0,0,1,1,1,27,845
org.mudebug.prapr.mutators.MethCallResultGuard_0,9449927,7098,0,0,0,0,0,0,1022
org.mudebug.prapr.mutators.NonVoidMethodCallGuardMutator_0,9449929,7112,0,0,0,0,0,0,1216
org.pitest.mutationtest.engine.gregor.mutators.NonVoidMethodCallMutator,9449931,7052,0,0,0,0,0,229,132
org.mudebug.prapr.mutators.RelationalOperatorReplacement_2,9450162,1562,0,0,0,0,0,26,213
org.mudebug.prapr.mutators.LocalToFieldAccessMutator_0,9450190,4411,0,0,0,0,0,3673,497
org.mudebug.prapr.mutators.NonVoidMethodCallGuardMutator_0,9453865,6744,0,0,0,0,0,4,1888
org.mudebug.prapr.mutators.ArgumentListMutator_1,9453871,553,0,0,0,0,0,300,262
org.pitest.mutationtest.engine.gregor.mutators.experimental.RemoveSwitchMutator_28,9454173,6649,0,0,0,0,0,0,175
org.pitest.mutationtest.engine.gregor.mutators.NegateConditionalsMutator,9454175,247,0,0,0,0,0,0,247
org.pitest.mutationtest.engine.gregor.mutators.experimental.RemoveSwitchMutator_61,9454177,5356,0,0,0,0,0,0,117
org.pitest.mutationtest.engine.gregor.mutators.VoidMethodCallMutator,9454179,5356,0,0,0,0,0,49,499
org.mudebug.prapr.mutators.FieldNameMutator_2,9454230,7058,0,0,1,1,1,5231,322
org.pitest.mutationtest.engine.gregor.mutators.NegateConditionalsMutator,9459463,7382,0,0,0,0,0,1847,442
org.mudebug.prapr.mutators.DereferenceGuardMutator_4,9461312,1106,0,0,0,0,0,0,1172
org.mudebug.prapr.mutators.MethodNameMutator_3,9461314,5375,0,0,0,0,0,130,1032
org.mudebug.prapr.mutators.RelationalOperatorReplacement_1,9461446,5356,0,0,1,1,1,1491,88
org.mudebug.prapr.mutators.MethodNameMutator_5,9462939,3664,0,0,1,1,1,420,2189
org.mudebug.prapr.mutators.LocalToFieldAccessMutator_0,9463361,517,0,0,0,0,0,14,114
org.mudebug.prapr.mutators.FieldAccessToMethodCallMutator_1,9463377,1777,0,0,0,0,0,0,694
org.mudebug.prapr.mutators.MethodNameMutator_1,9463379,6706,0,0,0,1,1,8,967
org.pitest.mutationtest.engine.gregor.mutators.experimental.RemoveSwitchMutator_52,9463389,6415,0,0,0,0,0,0,273
org.mudebug.prapr.mutators.FieldAccessToMethodCallMutator_3,9463391,1777,0,0,0,0,0,0,676
org.mudebug.prapr.mutators.LocalNameMutator_1,9463393,7058,0,0,0,0,0,1609,429
org.mudebug.prapr.mutators.FieldNameMutator_3,9465004,7058,0,0,1,1,1,5538,368
org.pitest.mutationtest.engine.gregor.mutators.experimental.RemoveSwitchMutator_2,9470544,6649,0,0,0,0,0,0,175
org.mudebug.prapr.mutators.RelationalOperatorReplacement_2,9470546,334,0,0,0,0,0,67,382
org.mudebug.prapr.mutators.ArgumentListMutator_0,9470615,6710,0,0,0,1,1,8,1066
org.pitest.mutationtest.engine.gregor.mutators.NegateConditionalsMutator,9470625,6725,0,0,1,1,1,2799,1368
org.mudebug.prapr.mutators.FieldNameMutator_1,9473426,7058,0,0,0,0,0,2250,290
org.mudebug.prapr.mutators.FieldNameMutator_5,9475678,1047,0,0,0,0,0,28,339
org.mudebug.prapr.mutators.FieldNameMutator_4,9475708,1777,0,0,0,0,0,0,675
org.pitest.mutationtest.engine.gregor.mutators.InlineConstantMutator,9475710,543,0,0,0,0,0,0,89
org.mudebug.prapr.mutators.RelationalOperatorReplacement_1,9475712,1050,0,0,0,0,0,0,381
org.pitest.mutationtest.engine.gregor.mutators.experimental.MemberVariableMutator,9475714,5192,0,0,0,0,0,13,53
org.mudebug.prapr.mutators.ReturningDereferenceGuardMutator_3,9475729,6706,0,0,0,0,0,0,959
org.pitest.mutationtest.engine.gregor.mutators.RemoveConditionalMutator_EQUAL_IF,9475731,1560,0,0,0,0,0,196,189
org.mudebug.prapr.mutators.LocalNameMutator_0,9475929,4410,0,0,1,1,1,5216,457
org.mudebug.prapr.mutators.FieldAccessToMethodCallMutator_2,9481154,6728,0,0,0,1,1,2809,1407
org.mudebug.prapr.mutators.LocalNameMutator_0,9483965,6728,0,0,0,0,0,231,1409
org.mudebug.prapr.mutators.MethodNameMutator_4,9484198,7503,0,0,0,0,0,0,446
org.mudebug.prapr.mutators.MethodNameMutator_8,9484200,3626,0,0,0,0,0,410,1516
org.mudebug.prapr.mutators.RelationalOperatorReplacement_3,9484612,1246,0,0,0,1,1,10,819
org.mudebug.prapr.mutators.FieldNameMutator_2,9484624,6674,0,0,1,1,1,2709,563
org.mudebug.prapr.mutators.FieldNameMutator_0,9487335,7219,0,0,1,1,1,5538,172
org.pitest.mutationtest.engine.gregor.mutators.RemoveConditionalMutator_EQUAL_IF,9492875,1562,0,0,0,0,0,2,209
org.mudebug.prapr.mutators.ReturningDereferenceGuardMutator_4,9492879,7063,0,0,0,0,0,0,599
org.mudebug.prapr.mutators.DereferenceGuardMutator_3,9492881,6684,0,0,0,0,0,4,711
org.mudebug.prapr.mutators.LocalToFieldAccessMutator_2,9492887,6684,0,0,0,0,0,469,704
org.pitest.mutationtest.engine.gregor.mutators.NegateConditionalsMutator,9493358,6689,0,0,0,1,1,5,782
org.pitest.mutationtest.engine.gregor.mutators.NonVoidMethodCallMutator,9493365,6973,0,0,1,1,1,5538,71
org.mudebug.prapr.mutators.LocalNameMutator_2,9498905,7058,0,0,0,0,0,0,443
org.mudebug.prapr.mutators.MethCallResultGuard_0,9498907,7058,0,0,0,0,0,5,317
org.pitest.mutationtest.engine.gregor.mutators.InlineConstantMutator,9498914,7058,0,0,0,0,0,1,412
org.mudebug.prapr.mutators.FieldNameMutator_0,9498917,7059,0,0,0,0,0,0,549
org.pitest.mutationtest.engine.gregor.mutators.InlineConstantMutator,9498919,6168,0,0,0,0,0,5,477
org.mudebug.prapr.mutators.FieldToLocalAccessMutator_0,9498926,1315,0,0,0,0,0,0,100
org.mudebug.prapr.mutators.FieldAccessToMethodCallMutator_0,9498928,1777,0,0,0,0,0,0,724
org.mudebug.prapr.mutators.ArgumentListMutator_4,9498930,7059,0,0,0,0,0,0,565
org.mudebug.prapr.mutators.MethodNameMutator_7,9498932,334,0,0,0,0,0,21,382
org.mudebug.prapr.mutators.MethodNameMutator_7,9498955,1562,0,0,0,1,1,144,229
org.mudebug.prapr.mutators.ArgumentListMutator_2,9499101,7052,0,0,0,0,0,5,112
org.pitest.mutationtest.engine.gregor.mutators.experimental.RemoveSwitchMutator_89,9499108,555,0,0,0,0,0,0,872
org.mudebug.prapr.mutators.MethCallResultGuard_2,9499110,370,0,0,0,0,0,0,816
org.pitest.mutationtest.engine.gregor.mutators.RemoveConditionalMutator_EQUAL_ELSE,9499112,5358,0,0,0,0,0,0,718
org.mudebug.prapr.mutators.FieldNameMutator_1,9499114,1777,0,0,0,0,0,0,665
org.mudebug.prapr.mutators.FieldNameMutator_2,9499118,6684,0,0,1,1,1,595,697
org.mudebug.prapr.mutators.NonVoidMethodCallGuardMutator_0,9499715,1234,0,0,0,0,0,0,283
org.pitest.mutationtest.engine.gregor.mutators.InlineConstantMutator,9499717,329,0,0,1,1,1,1400,298
org.mudebug.prapr.mutators.ArgumentListMutator_0,9501119,1048,0,0,1,1,1,4574,346
org.mudebug.prapr.mutators.MethodNameMutator_2,9505695,1236,1,0,0,1,1,15,520
org.mudebug.prapr.mutators.RelationalOperatorReplacement_3,9505712,6176,0,0,0,0,0,32,571
org.mudebug.prapr.mutators.LocalToFieldAccessMutator_3,9505746,6743,0,0,1,1,1,2881,1871
org.pitest.mutationtest.engine.gregor.mutators.InlineConstantMutator,9508629,6883,0,0,0,0,0,2165,234
org.mudebug.prapr.mutators.LocalToFieldAccessMutator_1,9510796,6706,0,0,0,0,0,0,941
org.pitest.mutationtest.engine.gregor.mutators.BooleanTrueReturnValsMutator,9510798,7219,0,0,0,0,0,763,172
org.mudebug.prapr.mutators.MethodNameMutator_1,9511563,6706,0,0,0,1,1,22,964
org.mudebug.prapr.mutators.FieldNameMutator_2,9511587,7057,0,0,0,0,0,0,227
org.mudebug.prapr.mutators.LocalNameMutator_0,9511589,7058,0,0,0,0,0,2,458
org.pitest.mutationtest.engine.gregor.mutators.experimental.RemoveSwitchMutator_1,9511593,6649,0,0,0,0,0,0,175
org.pitest.mutationtest.engine.gregor.mutators.RemoveConditionalMutator_EQUAL_IF,9511595,5357,0,0,1,1,1,543,703
org.pitest.mutationtest.engine.gregor.mutators.NonVoidMethodCallMutator,9512140,1038,0,0,1,1,1,5202,155
org.mudebug.prapr.mutators.LocalNameMutator_0,9517344,6652,0,0,1,1,1,4755,400
org.pitest.mutationtest.engine.gregor.mutators.BooleanFalseReturnValsMutator,9522101,7289,0,0,0,0,0,106,75
org.mudebug.prapr.mutators.RelationalOperatorReplacement_1,9522209,6711,0,0,0,1,1,2701,1130
org.mudebug.prapr.mutators.FieldNameMutator_5,9524912,1777,0,0,0,0,0,50,657
org.mudebug.prapr.mutators.FieldNameMutator_0,9524964,3245,0,0,0,0,0,1127,81
org.mudebug.prapr.mutators.ArgumentListMutator_3,9526093,2967,0,0,0,0,0,0,596
org.mudebug.prapr.mutators.ArgumentListMutator_3,9526095,5212,0,0,0,0,0,0,65
org.pitest.mutationtest.engine.gregor.mutators.InlineConstantMutator,9526097,7058,0,0,0,0,0,3,522
org.mudebug.prapr.mutators.FieldNameMutator_2,9526102,7059,0,0,0,0,0,3,548
org.mudebug.prapr.mutators.ArgumentListMutator_3,9526107,5356,0,0,0,0,0,33,576
org.pitest.mutationtest.engine.gregor.mutators.ReturnValsMutator,9526142,6749,0,0,1,1,1,5426,1961
org.mudebug.prapr.mutators.MethodNameMutator_0,9531573,5356,0,0,0,0,0,0,93
org.pitest.mutationtest.engine.gregor.mutators.InlineConstantMutator,9531575,5356,0,0,0,0,0,1,431
org.mudebug.prapr.mutators.MethodNameMutator_3,9531578,1046,0,0,1,1,1,4538,329
org.pitest.mutationtest.engine.gregor.mutators.experimental.RemoveSwitchMutator_40,9536118,495,0,0,0,0,0,156,119
org.pitest.mutationtest.engine.gregor.mutators.RemoveConditionalMutator_EQUAL_IF,9536276,7233,0,0,0,0,0,5,297
org.mudebug.prapr.mutators.MethodNameMutator_0,9536283,6976,0,0,0,0,0,1,88
org.mudebug.prapr.mutators.NonVoidMethodCallGuardMutator_0,9536286,4257,0,0,0,0,0,0,408
org.mudebug.prapr.mutators.FieldNameMutator_5,9536288,1777,0,0,0,0,0,0,694
org.mudebug.prapr.mutators.MethCallResultGuard_2,9536290,554,0,0,0,0,0,0,272
org.mudebug.prapr.mutators.MethodNameMutator_6,9536292,7382,0,0,0,0,0,1847,442
org.mudebug.prapr.mutators.ReturningDereferenceGuardMutator_4,9538141,3243,0,0,0,0,0,5,73
org.mudebug.prapr.mutators.MethodNameMutator_0,9538148,3675,0,0,0,0,0,0,2356
org.mudebug.prapr.mutators.ArgumentListMutator_2,9538150,7052,0,0,0,0,0,0,132
org.mudebug.prapr.mutators.FieldAccessToMethodCallMutator_4,9538152,1777,0,0,0,0,0,0,678
org.pitest.mutationtest.engine.gregor.mutators.experimental.RemoveSwitchMutator_8,9538154,1231,0,0,0,0,0,1,59
org.pitest.mutationtest.engine.gregor.mutators.ReturnValsMutator,9538157,6704,0,0,0,1,1,8,908
org.mudebug.prapr.mutators.MethodNameMutator_3,9538167,6725,0,0,0,1,1,0,1369
org.mudebug.prapr.mutators.FieldNameMutator_1,9538169,7059,0,0,0,0,0,1753,561
org.mudebug.prapr.mutators.FieldNameMutator_4,9539924,7058,0,0,0,0,0,0,266
org.pitest.mutationtest.engine.gregor.mutators.RemoveConditionalMutator_EQUAL_ELSE,9539926,7503,0,0,0,0,0,0,446
org.mudebug.prapr.mutators.DereferenceGuardMutator_3,9539928,1106,0,0,0,0,0,0,1102
org.mudebug.prapr.mutators.FieldNameMutator_4,9539930,1777,0,0,0,0,0,0,751
org.mudebug.prapr.mutators.MethCallResultGuard_0,9539932,7764,0,0,0,0,0,0,462
org.pitest.mutationtest.engine.gregor.mutators.NegateConditionalsMutator,9539934,4667,0,0,0,1,1,2575,70
org.mudebug.prapr.mutators.VoidMethodCallGuardMutator,9542511,544,0,0,0,0,0,0,119
org.pitest.mutationtest.engine.gregor.mutators.InlineConstantMutator,9542513,1777,0,0,0,0,0,0,665
org.pitest.mutationtest.engine.gregor.mutators.NegateConditionalsMutator,9542515,4411,0,0,0,0,0,149,476
org.mudebug.prapr.mutators.NonVoidMethodCallGuardMutator_0,9542666,5357,0,0,0,0,0,23,703
org.mudebug.prapr.mutators.ArgumentListMutator_5,9542691,544,0,0,0,0,0,0,118
org.mudebug.prapr.mutators.MethCallResultGuard_0,9542693,4410,0,0,0,0,0,1795,453
org.mudebug.prapr.mutators.MethCallResultGuard_1,9544490,7088,0,0,0,0,0,0,914
org.pitest.mutationtest.engine.gregor.mutators.NonVoidMethodCallMutator,9544492,495,0,0,1,1,1,494,237
org.mudebug.prapr.mutators.MethodNameMutator_3,9544988,1135,0,0,0,0,0,33,1644
org.mudebug.prapr.mutators.LocalNameMutator_1,9545023,1248,0,0,0,0,0,0,913
org.mudebug.prapr.mutators.FieldNameMutator_1,9545025,7058,0,0,1,1,1,5538,258
org.mudebug.prapr.mutators.RelationalOperatorReplacement_3,9550565,7302,0,0,0,0,0,14,127
org.mudebug.prapr.mutators.RelationalOperatorReplacement_1,9550581,7199,0,0,0,0,0,0,80
org.pitest.mutationtest.engine.gregor.mutators.VoidMethodCallMutator,9550583,7058,0,0,0,0,0,1,455
org.pitest.mutationtest.engine.gregor.mutators.experimental.RemoveSwitchMutator_99,9550586,555,0,0,0,0,0,8,872
org.mudebug.prapr.mutators.MethCallResultGuard_2,9550596,347,0,0,1,1,1,1985,533
org.pitest.mutationtest.engine.gregor.mutators.VoidMethodCallMutator,9552583,7058,0,0,0,0,0,49,515
org.mudebug.prapr.mutators.DereferenceGuardMutator_1,9552634,6651,0,0,0,0,0,23,375
org.mudebug.prapr.mutators.MethCallResultGuard_0,9552659,7058,0,0,0,0,0,0,321
org.pitest.mutationtest.engine.gregor.mutators.RemoveConditionalMutator_EQUAL_ELSE,9552661,1042,0,0,0,0,0,5,256
org.pitest.mutationtest.engine.gregor.mutators.NonVoidMethodCallMutator,9552668,7052,0,0,1,1,1,5538,116
org.mudebug.prapr.mutators.DereferenceGuardMutator_3,9558208,7503,0,0,0,0,0,0,444
org.mudebug.prapr.mutators.VoidMethodCallGuardMutator,9558210,6708,0,0,0,0,0,0,1049
org.mudebug.prapr.mutators.DereferenceGuardMutator_4,9558219,1129,0,0,0,0,0,0,1604
org.pitest.mutationtest.engine.gregor.mutators.experimental.RemoveSwitchMutator_71,9558221,3636,0,0,0,0,0,0,1649
org.mudebug.prapr.mutators.LocalNameMutator_1,9558223,6728,0,0,1,1,1,2560,1420
org.mudebug.prapr.mutators.MethodNameMutator_4,9560785,5376,0,0,1,1,1,253,1045
org.mudebug.prapr.mutators.ReturningDereferenceGuardMutator_0,9561040,7231,0,0,0,0,0,0,260
org.pitest.mutationtest.engine.gregor.mutators.InlineConstantMutator,9561042,5359,0,0,0,0,0,2,777
org.mudebug.prapr.mutators.LocalNameMutator_0,9561046,4410,0,0,1,1,1,4847,457
org.mudebug.prapr.mutators.MethCallResultGuard_0,9565895,6725,0,0,0,0,0,0,1369
org.mudebug.prapr.mutators.RelationalOperatorReplacement_2,9565897,6987,0,0,0,0,0,45,152
org.mudebug.prapr.mutators.FieldNameMutator_2,9565944,1777,0,0,0,0,0,0,696
org.mudebug.prapr.mutators.RelationalOperatorReplacement_3,9565946,5356,0,0,0,0,0,82,354
org.mudebug.prapr.mutators.MethodNameMutator_0,9566030,6737,0,0,1,1,1,2668,1783
org.pitest.mutationtest.engine.gregor.mutators.VoidMethodCallMutator,9568700,7058,0,0,1,1,1,5226,417
org.mudebug.prapr.mutators.ReturningDereferenceGuardMutator_0,9573928,1106,0,0,0,0,0,0,1077
org.mudebug.prapr.mutators.MethCallResultGuard_1,9573930,7058,0,0,0,0,0,0,522
org.mudebug.prapr.mutators.RelationalOperatorReplacement_3,9573932,244,0,0,1,1,1,1055,187
org.mudebug.prapr.mutators.LocalToFieldAccessMutator_0,9574989,557,0,0,1,1,1,3132,1190
org.mudebug.prapr.mutators.LocalNameMutator_0,9578123,4643,0,0,0,1,1,1691,257
org.pitest.mutationtest.engine.gregor.mutators.InlineConstantMutator,9579816,1777,0,0,0,0,0,0,640
org.mudebug.prapr.mutators.NonVoidMethodCallGuardMutator_0,9579818,5356,0,0,0,0,0,0,499
org.mudebug.prapr.mutators.FieldAccessToMethodCallMutator_1,9579820,6651,0,0,1,1,1,2003,375
org.pitest.mutationtest.engine.gregor.mutators.NonVoidMethodCallMutator,9581825,5356,0,0,0,0,0,2,490
org.pitest.mutationtest.engine.gregor.mutators.RemoveConditionalMutator_EQUAL_IF,9581833,3489,0,0,0,0,0,0,255
org.pitest.mutationtest.engine.gregor.mutators.NegateConditionalsMutator,9581835,5362,0,0,0,0,0,26,816
org.mudebug.prapr.mutators.RelationalOperatorReplacement_0,9581863,3497,0,0,0,0,0,5,425
org.mudebug.prapr.mutators.LocalNameMutator_0,9581870,6696,0,0,0,1,1,84,837
org.mudebug.prapr.mutators.NonVoidMethodCallGuardMutator_0,9581956,334,0,0,0,0,0,0,382
org.mudebug.prapr.mutators.RelationalOperatorReplacement_1,9581958,5356,0,0,1,1,1,1316,215
org.mudebug.prapr.mutators.FieldAccessToMethodCallMutator_1,9583276,6721,0,0,0,0,0,18,1331
org.mudebug.prapr.mutators.FieldAccessToMethodCallMutator_2,9583296,6672,0,0,1,1,1,5051,552
org.mudebug.prapr.mutators.FieldNameMutator_0,9588349,6721,0,0,0,1,1,586,1331
org.mudebug.prapr.mutators.ReturningDereferenceGuardMutator_3,9588937,6688,0,0,0,0,0,0,764
org.mudebug.prapr.mutators.FieldNameMutator_0,9588939,1777,0,0,0,0,0,0,715
org.mudebug.prapr.mutators.MethCallResultGuard_0,9588943,6725,0,0,0,0,0,0,1369
org.mudebug.prapr.mutators.MethCallResultGuard_2,9588945,5358,0,0,0,0,0,0,740
org.mudebug.prapr.mutators.MethodNameMutator_8,9588947,7205,0,0,0,0,0,9,141
org.mudebug.prapr.mutators.RelationalOperatorReplacement_1,9588958,1560,0,0,0,1,1,909,184
org.mudebug.prapr.mutators.DereferenceGuardMutator_4,9589869,1106,0,0,0,0,0,0,1200
org.pitest.mutationtest.engine.gregor.mutators.experimental.NakedReceiverMutator,9589871,7112,0,0,0,0,0,12,1216
org.mudebug.prapr.mutators.FieldAccessToMethodCallMutator_4,9589885,1777,0,0,0,0,0,0,644
org.mudebug.prapr.mutators.RelationalOperatorReplacement_3,9589887,6176,0,0,0,0,0,5,571
org.pitest.mutationtest.engine.gregor.mutators.RemoveConditionalMutator_EQUAL_ELSE,9589894,5214,0,0,0,0,0,28,112
org.mudebug.prapr.mutators.MethodNameMutator_3,9589924,6986,0,0,0,0,0,46,145
org.mudebug.prapr.mutators.RelationalOperatorReplacement_0,9589972,3489,0,0,0,0,0,0,255
org.mudebug.prapr.mutators.MethodNameMutator_1,9589974,3611,0,0,0,0,0,864,1332
org.mudebug.prapr.mutators.FieldNameMutator_3,9590840,1777,0,0,0,0,0,0,703
org.pitest.mutationtest.engine.gregor.mutators.RemoveConditionalMutator_EQUAL_ELSE,9590846,1234,0,0,1,1,1,25,274
org.mudebug.prapr.mutators.MethodNameMutator_2,9590876,244,0,0,0,0,0,3,187
org.mudebug.prapr.mutators.NonVoidMethodCallGuardMutator_0,9590881,551,0,0,0,0,0,0,212
org.mudebug.prapr.mutators.ArgumentListMutator_0,9590883,6706,0,0,0,1,1,8,967
org.mudebug.prapr.mutators.MethodNameMutator_7,9590893,7204,0,0,0,0,0,7,135
org.mudebug.prapr.mutators.ArgumentListMutator_4,9590902,6725,0,0,0,1,1,0,1369
org.mudebug.prapr.mutators.RelationalOperatorReplacement_0,9590904,1234,0,0,0,1,1,3,302
org.pitest.mutationtest.engine.gregor.mutators.NegateConditionalsMutator,9590909,334,0,0,0,0,0,1890,382
org.mudebug.prapr.mutators.MethCallResultGuard_2,9592801,7058,0,0,0,0,0,0,269
org.pitest.mutationtest.engine.gregor.mutators.ReturnValsMutator,9592803,7380,0,0,1,1,1,5538,397
org.mudebug.prapr.mutators.FieldNameMutator_0,9598343,5192,0,0,0,0,0,5,54
org.mudebug.prapr.mutators.DereferenceGuardMutator_1,9598350,6697,0,0,0,0,0,0,849
org.mudebug.prapr.mutators.RelationalOperatorReplacement_1,9598352,247,0,0,0,0,0,2,247
org.pitest.mutationtest.engine.gregor.mutators.ReturnValsMutator,9598356,495,0,0,1,1,1,3741,266
org.mudebug.prapr.mutators.LocalNameMutator_0,9602106,245,0,0,0,0,0,2362,198
org.mudebug.prapr.mutators.MethodNameMutator_1,9604470,241,0,0,0,0,0,541,142
org.mudebug.prapr.mutators.RelationalOperatorReplacement_1,9605013,1049,0,0,0,0,0,0,368
org.mudebug.prapr.mutators.ArgumentListMutator_2,9605015,3249,0,0,1,1,1,4757,97
org.mudebug.prapr.mutators.LocalToFieldAccessMutator_2,9609774,6743,0,0,0,1,1,2836,1876
org.mudebug.prapr.mutators.RelationalOperatorReplacement_0,9612612,7241,0,0,0,0,0,33,429
org.mudebug.prapr.mutators.FieldAccessToMethodCallMutator_2,9612647,6732,0,0,0,0,0,1,1618
org.mudebug.prapr.mutators.LocalNameMutator_0,9612650,7382,0,0,0,0,0,31,431
org.pitest.mutationtest.engine.gregor.mutators.BooleanFalseReturnValsMutator,9612683,7219,0,0,1,1,1,5538,172
org.pitest.mutationtest.engine.gregor.mutators.InlineConstantMutator,9618223,6692,0,0,0,1,1,2066,810
org.mudebug.prapr.mutators.MethodNameMutator_1,9620291,3675,0,0,0,0,0,0,2364
org.mudebug.prapr.mutators.FieldNameMutator_1,9620293,1038,0,0,0,0,0,5,122
org.mudebug.prapr.mutators.ArgumentListMutator_1,9620300,4411,0,0,0,0,0,23,500
org.pitest.mutationtest.engine.gregor.mutators.PrimitiveReturnsMutator,9620325,6668,0,0,0,1,1,5487,536
org.mudebug.prapr.mutators.ReturningDereferenceGuardMutator_4,9625814,1106,0,0,0,0,0,0,1083
org.mudebug.prapr.mutators.ReturningDereferenceGuardMutator_2,9625816,705,0,0,0,0,0,0,69
org.mudebug.prapr.mutators.ReturningDereferenceGuardMutator_4,9625818,5209,0,0,0,0,0,0,288
org.mudebug.prapr.mutators.NonVoidMethodCallGuardMutator_0,9625820,7382,0,0,0,0,0,0,442
org.pitest.mutationtest.engine.gregor.mutators.RemoveConditionalMutator_EQUAL_IF,9625822,1562,0,0,0,0,0,1,209
org.mudebug.prapr.mutators.FieldNameMutator_0,9625825,5351,0,0,0,0,0,0,48
org.mudebug.prapr.mutators.RelationalOperatorReplacement_0,9625827,1555,0,0,0,1,1,227,154
org.mudebug.prapr.mutators.RelationalOperatorReplacement_0,9626059,333,0,0,1,1,1,5365,364
org.mudebug.prapr.mutators.FieldAccessToMethodCallMutator_0,9631426,6706,0,0,0,0,0,0,1030
org.mudebug.prapr.mutators.FieldToLocalAccessMutator_0,9631428,5378,0,0,0,0,0,4,1083
org.pitest.mutationtest.engine.gregor.mutators.RemoveConditionalMutator_EQUAL_ELSE,9631434,6713,0,0,0,0,0,1,1149
org.pitest.mutationtest.engine.gregor.mutators.NullReturnValsMutator,9631437,6175,0,0,0,0,0,0,559
org.mudebug.prapr.mutators.MethodNameMutator_0,9631439,7233,0,0,0,0,0,5,291
org.mudebug.prapr.mutators.ReturningDereferenceGuardMutator_1,9631446,1131,0,0,0,0,0,5,1619
org.mudebug.prapr.mutators.ArgumentListMutator_2,9631453,3240,0,0,1,1,1,5316,38
org.pitest.mutationtest.engine.gregor.mutators.ReturnValsMutator,9636771,5375,0,0,0,1,1,154,1040
org.pitest.mutationtest.engine.gregor.mutators.NonVoidMethodCallMutator,9636927,7307,0,0,1,1,1,5538,209
org.pitest.mutationtest.engine.gregor.mutators.NegateConditionalsMutator,9642467,7304,0,0,0,0,0,2208,186
org.mudebug.prapr.mutators.MethCallResultGuard_2,9644677,1245,0,0,0,0,0,0,718
org.mudebug.prapr.mutators.FieldToLocalAccessMutator_0,9644679,7785,0,0,0,1,1,2853,360
org.mudebug.prapr.mutators.ReturningDereferenceGuardMutator_0,9647534,7503,0,0,0,0,0,0,453
org.pitest.mutationtest.engine.gregor.mutators.experimental.RemoveSwitchMutator_59,9647536,5356,0,0,0,0,0,90,117
org.mudebug.prapr.mutators.NonVoidMethodCallGuardMutator_0,9647628,346,0,0,0,0,0,0,496
org.mudebug.prapr.mutators.MethodNameMutator_0,9647630,347,0,0,0,0,0,3966,546
org.mudebug.prapr.mutators.MethCallResultGuard_2,9651598,1231,0,0,0,0,0,0,69
org.mudebug.prapr.mutators.ArgumentListMutator_0,9651600,4411,0,0,0,0,0,23,500
org.pitest.mutationtest.engine.gregor.mutators.NonVoidMethodCallMutator,9651628,7064,0,0,0,0,0,12,622
org.mudebug.prapr.mutators.LocalNameMutator_1,9651642,6652,0,0,1,1,1,4680,404
org.mudebug.prapr.mutators.LocalNameMutator_0,9656324,5356,0,0,1,1,1,192,522
org.mudebug.prapr.mutators.ArgumentListMutator_4,9656518,1042,0,0,0,0,0,0,231
org.mudebug.prapr.mutators.NonVoidMethodCallGuardMutator_0,9656520,3558,0,0,0,0,0,0,123
org.pitest.mutationtest.engine.gregor.mutators.experimental.SwitchMutator,9656522,495,0,0,0,1,1,5365,119
org.pitest.mutationtest.engine.gregor.mutators.experimental.MemberVariableMutator,9661889,1777,0,0,0,0,0,0,758
org.mudebug.prapr.mutators.LocalToFieldAccessMutator_1,9661891,1046,0,0,1,1,1,4574,309
org.pitest.mutationtest.engine.gregor.mutators.experimental.NakedReceiverMutator,9666467,6706,0,0,0,1,1,2,978
org.mudebug.prapr.mutators.FieldAccessToMethodCallMutator_4,9666471,1777,0,0,0,0,0,0,695
org.mudebug.prapr.mutators.FieldNameMutator_4,9666473,1777,0,0,0,0,0,0,639
org.mudebug.prapr.mutators.LocalToFieldAccessMutator_3,9666475,6678,0,0,1,1,1,5985,605
org.mudebug.prapr.mutators.MethodNameMutator_6,9672462,4410,0,0,1,1,1,5088,453
org.mudebug.prapr.mutators.MethCallResultGuard_1,9677552,1231,0,0,0,0,0,0,69
org.mudebug.prapr.mutators.MethCallResultGuard_0,9677554,245,0,0,0,0,0,23,198
org.pitest.mutationtest.engine.gregor.mutators.NonVoidMethodCallMutator,9677579,333,0,0,0,0,0,4,364
org.pitest.mutationtest.engine.gregor.mutators.experimental.RemoveSwitchMutator_23,9677585,3636,0,0,0,0,0,25,1649
org.mudebug.prapr.mutators.LocalNameMutator_1,9677612,1245,0,0,0,0,0,4,727
org.mudebug.prapr.mutators.LocalToFieldAccessMutator_3,9677618,6678,0,0,1,1,1,5985,607
org.mudebug.prapr.mutators.MethCallResultGuard_2,9683605,1087,0,0,0,0,0,0,878
org.mudebug.prapr.mutators.LocalToFieldAccessMutator_1,9683607,6669,0,0,1,1,1,3119,540
org.mudebug.prapr.mutators.DereferenceGuardMutator_0,9686728,6723,0,0,0,0,0,0,1346
org.mudebug.prapr.mutators.LocalToFieldAccessMutator_0,9686730,6743,0,0,1,1,1,2923,1878
org.mudebug.prapr.mutators.ArgumentListMutator_4,9689655,1052,0,0,1,1,1,4574,403
org.pitest.mutationtest.engine.gregor.mutators.NegateConditionalsMutator,9694231,5356,0,0,0,1,1,232,76
org.pitest.mutationtest.engine.gregor.mutators.NegateConditionalsMutator,9694465,1042,0,0,0,0,0,807,256
org.mudebug.prapr.mutators.FieldNameMutator_2,9695274,1777,0,0,0,0,0,74,731
org.pitest.mutationtest.engine.gregor.mutators.NegateConditionalsMutator,9695350,6689,0,0,1,1,1,5994,776
org.mudebug.prapr.mutators.ReturningDereferenceGuardMutator_4,9701346,7064,0,0,0,0,0,0,619
org.pitest.mutationtest.engine.gregor.mutators.NegateConditionalsMutator,9701348,5356,0,0,1,1,1,1491,88
org.pitest.mutationtest.engine.gregor.mutators.experimental.MemberVariableMutator,9702841,6859,0,0,0,0,0,0,70
org.mudebug.prapr.mutators.DereferenceGuardMutator_0,9702843,247,0,0,0,0,0,0,247
org.mudebug.prapr.mutators.MethCallResultGuard_1,9702845,7059,0,0,0,0,0,0,554
org.mudebug.prapr.mutators.LocalNameMutator_1,9702847,6683,0,0,1,1,1,1027,687
org.mudebug.prapr.mutators.DereferenceGuardMutator_3,9703876,5356,0,0,0,0,0,5,696
org.mudebug.prapr.mutators.MethCallResultGuard_1,9703883,7059,0,0,0,0,0,0,556
org.mudebug.prapr.mutators.FieldAccessToMethodCallMutator_4,9703885,6652,0,0,1,1,1,5084,402
org.mudebug.prapr.mutators.DereferenceGuardMutator_0,9708971,7627,0,0,0,0,0,0,159
org.mudebug.prapr.mutators.ReturningDereferenceGuardMutator_0,9708973,6732,0,0,0,0,0,5,1624
org.mudebug.prapr.mutators.DereferenceGuardMutator_4,9708980,1106,0,0,0,0,0,5,1077
org.pitest.mutationtest.engine.gregor.mutators.RemoveConditionalMutator_EQUAL_IF,9708987,5356,0,0,0,0,0,5,344
org.pitest.mutationtest.engine.gregor.mutators.experimental.MemberVariableMutator,9708994,4411,0,0,0,0,0,23,484
org.mudebug.prapr.mutators.ArgumentListMutator_0,9709019,5212,0,0,1,1,1,2868,51
org.mudebug.prapr.mutators.LocalToFieldAccessMutator_2,9711889,1046,0,0,1,1,1,4574,328
org.mudebug.prapr.mutators.FieldToLocalAccessMutator_1,9716465,6652,0,0,1,1,1,5084,391
org.mudebug.prapr.mutators.LocalToFieldAccessMutator_0,9721551,7383,0,0,1,1,1,5153,456
org.mudebug.prapr.mutators.LocalNameMutator_0,9726706,7501,0,0,0,0,0,198,424
org.mudebug.prapr.mutators.ArgumentListMutator_1,9726906,6678,0,0,0,0,0,0,602
org.pitest.mutationtest.engine.gregor.mutators.InlineConstantMutator,9726908,7058,0,0,0,0,0,6,425
org.pitest.mutationtest.engine.gregor.mutators.NegateConditionalsMutator,9726916,5356,0,0,0,0,0,0,344
org.mudebug.prapr.mutators.LocalNameMutator_0,9726918,1562,0,0,0,0,0,4,213
org.mudebug.prapr.mutators.FieldNameMutator_3,9726924,7058,0,0,0,0,0,63,515
org.mudebug.prapr.mutators.MethCallResultGuard_2,9726989,7058,0,0,0,0,0,5,453
org.pitest.mutationtest.engine.gregor.mutators.NonVoidMethodCallMutator,9726996,7209,0,0,1,1,1,5538,51
org.pitest.mutationtest.engine.gregor.mutators.InlineConstantMutator,9732536,347,0,0,0,0,0,778,509
org.pitest.mutationtest.engine.gregor.mutators.VoidMethodCallMutator,9733316,2457,0,0,0,0,0,93,48
org.mudebug.prapr.mutators.ArgumentListMutator_0,9733411,7058,0,0,0,0,0,1597,439
org.mudebug.prapr.mutators.LocalNameMutator_1,9735010,7058,0,0,0,0,0,2251,338
org.mudebug.prapr.mutators.RelationalOperatorReplacement_3,9737263,334,0,0,0,0,0,6,382
org.mudebug.prapr.mutators.LocalToFieldAccessMutator_0,9737271,1119,0,0,0,1,1,196,1433
org.pitest.mutationtest.engine.gregor.mutators.NegateConditionalsMutator,9737469,4667,0,0,0,0,0,0,67
org.mudebug.prapr.mutators.NonVoidMethodCallGuardMutator_0,9737471,7059,0,0,0,0,0,0,545
org.mudebug.prapr.mutators.FieldNameMutator_0,9737473,543,0,0,1,1,1,5365,110
org.mudebug.prapr.mutators.MethodNameMutator_0,9742840,5356,0,0,0,0,0,0,575
org.mudebug.prapr.mutators.ArgumentListMutator_2,9742842,7059,0,0,1,1,1,5538,543
org.mudebug.prapr.mutators.MethodNameMutator_0,9748382,5358,0,0,0,0,0,39,724
org.mudebug.prapr.mutators.FieldAccessToMethodCallMutator_2,9748423,6723,0,0,0,0,0,0,1346
org.mudebug.prapr.mutators.LocalNameMutator_0,9748425,6674,0,0,1,1,1,2709,564
org.mudebug.prapr.mutators.ArgumentListMutator_5,9751136,2967,0,0,0,0,0,0,596
org.mudebug.prapr.mutators.DereferenceGuardMutator_1,9751138,546,0,0,0,0,0,0,148
org.mudebug.prapr.mutators.ArgumentListMutator_4,9751140,1788,0,0,0,0,0,25,857
org.mudebug.prapr.mutators.FieldToLocalAccessMutator_1,9751167,6652,0,0,1,1,1,5084,395
org.pitest.mutationtest.engine.gregor.mutators.experimental.RemoveSwitchMutator_88,9756253,555,0,0,0,0,0,0,872
org.pitest.mutationtest.engine.gregor.mutators.ReturnValsMutator,9756255,1106,0,0,0,0,0,3,1204
org.pitest.mutationtest.engine.gregor.mutators.NonVoidMethodCallMutator,9756260,1777,0,0,0,0,0,3,83
org.pitest.mutationtest.engine.gregor.mutators.experimental.RemoveSwitchMutator_53,9756265,3584,0,0,0,0,0,0,901
org.mudebug.prapr.mutators.ReturningDereferenceGuardMutator_3,9756267,4169,0,0,0,0,0,0,193
org.mudebug.prapr.mutators.NonVoidMethodCallGuardMutator_0,9756269,3651,0,0,0,0,0,0,1954
org.pitest.mutationtest.engine.gregor.mutators.experimental.RemoveSwitchMutator_55,9756271,3584,0,0,0,0,0,0,901
org.pitest.mutationtest.engine.gregor.mutators.experimental.RemoveSwitchMutator_0,9756273,3611,0,0,0,0,0,51,1332
org.mudebug.prapr.mutators.VoidMethodCallGuardMutator,9756326,7200,0,0,0,0,0,0,107
org.pitest.mutationtest.engine.gregor.mutators.experimental.MemberVariableMutator,9756328,1777,0,0,0,0,0,0,733
org.mudebug.prapr.mutators.ReturningDereferenceGuardMutator_3,9756330,3390,0,0,0,0,0,0,98
org.mudebug.prapr.mutators.ArgumentListMutator_4,9756332,7059,0,0,1,1,1,5538,559
org.mudebug.prapr.mutators.LocalToFieldAccessMutator_0,9761872,6696,0,0,0,1,1,580,837
org.pitest.mutationtest.engine.gregor.mutators.ReturnValsMutator,9762454,6744,0,0,1,1,1,350,1897
org.mudebug.prapr.mutators.NonVoidMethodCallGuardMutator_0,9762806,7209,0,0,0,0,0,0,51
org.mudebug.prapr.mutators.MethCallResultGuard_2,9762811,7059,0,0,0,0,0,0,551
org.mudebug.prapr.mutators.LocalNameMutator_0,9762813,6931,0,0,0,0,0,460,844
org.pitest.mutationtest.engine.gregor.mutators.NullReturnValsMutator,9763275,1106,0,0,0,0,0,5,1204
org.mudebug.prapr.mutators.MethCallResultGuard_2,9763282,6725,0,0,0,0,0,0,1369
org.mudebug.prapr.mutators.MethodNameMutator_0,9763284,7259,0,0,0,0,0,259,823
org.mudebug.prapr.mutators.FieldNameMutator_1,9763545,3246,0,0,0,0,0,951,85
org.mudebug.prapr.mutators.RelationalOperatorReplacement_0,9764498,7503,0,0,0,0,0,23,446
org.mudebug.prapr.mutators.FieldNameMutator_5,9764523,7058,0,0,1,1,1,5538,348
org.pitest.mutationtest.engine.gregor.mutators.NegateConditionalsMutator,9770063,6684,0,0,1,1,1,1029,697
org.mudebug.prapr.mutators.MethCallResultGuard_0,9771094,6710,0,0,0,0,0,0,1064
org.pitest.mutationtest.engine.gregor.mutators.InlineConstantMutator,9771096,5212,0,0,1,1,1,2868,60
org.pitest.mutationtest.engine.gregor.mutators.RemoveConditionalMutator_EQUAL_IF,9773966,1234,0,0,0,1,1,10,277
org.pitest.mutationtest.engine.gregor.mutators.experimental.RemoveSwitchMutator_27,9773978,495,0,0,0,0,0,13,119
org.mudebug.prapr.mutators.ReturningDereferenceGuardMutator_4,9773993,6738,0,0,0,0,0,0,1794
org.mudebug.prapr.mutators.MethodNameMutator_7,9773998,7302,0,0,0,0,0,241,98
org.pitest.mutationtest.engine.gregor.mutators.VoidMethodCallMutator,9774241,7058,0,0,1,1,1,5538,258
org.mudebug.prapr.mutators.FieldNameMutator_0,9779781,1777,0,0,0,0,0,0,665
org.mudebug.prapr.mutators.ArgumentListMutator_0,9779783,1564,0,0,0,0,0,90,262
org.mudebug.prapr.mutators.RelationalOperatorReplacement_1,9779875,159,0,0,0,0,0,1,649
org.mudebug.prapr.mutators.RelationalOperatorReplacement_1,9779878,7302,0,0,0,0,0,1979,110
org.mudebug.prapr.mutators.DereferenceGuardMutator_0,9781859,556,0,0,0,0,0,0,1186
org.mudebug.prapr.mutators.FieldNameMutator_5,9781861,1777,0,0,0,0,0,0,717
org.pitest.mutationtest.engine.gregor.mutators.VoidMethodCallMutator,9781863,347,0,0,0,0,0,777,537
org.mudebug.prapr.mutators.FieldNameMutator_0,9782642,5363,0,0,0,0,0,28,828
org.pitest.mutationtest.engine.gregor.mutators.RemoveConditionalMutator_EQUAL_IF,9782672,7233,0,0,0,0,0,13,297
org.mudebug.prapr.mutators.FieldAccessToMethodCallMutator_2,9782687,1053,0,0,1,1,1,4579,431
org.mudebug.prapr.mutators.FieldNameMutator_0,9787268,7302,0,0,0,0,0,0,110
org.mudebug.prapr.mutators.DereferenceGuardMutator_0,9787270,332,0,0,0,0,0,5,346
org.pitest.mutationtest.engine.gregor.mutators.RemoveConditionalMutator_EQUAL_IF,9787281,6692,0,0,0,0,0,602,809
org.mudebug.prapr.mutators.FieldAccessToMethodCallMutator_0,9787885,1777,0,0,0,0,0,0,719
org.mudebug.prapr.mutators.MethCallResultGuard_2,9787887,504,0,0,0,0,0,0,83
org.pitest.mutationtest.engine.gregor.mutators.NonVoidMethodCallMutator,9787897,7200,0,0,1,1,1,5538,107
org.mudebug.prapr.mutators.FieldNameMutator_5,9793437,7058,0,0,0,0,0,31,266
org.mudebug.prapr.mutators.FieldNameMutator_2,9793470,1777,0,0,0,0,0,0,633
org.mudebug.prapr.mutators.NonVoidMethodCallGuardMutator_0,9793472,7112,0,0,0,0,0,0,1216
org.pitest.mutationtest.engine.gregor.mutators.RemoveConditionalMutator_EQUAL_IF,9793474,5356,0,0,0,1,1,39,507
org.mudebug.prapr.mutators.RelationalOperatorReplacement_3,9793518,7233,0,0,0,0,0,5,297
org.mudebug.prapr.mutators.FieldAccessToMethodCallMutator_3,9793525,6651,0,0,0,0,0,0,382
org.mudebug.prapr.mutators.MethodNameMutator_7,9793527,5356,0,0,1,1,1,193,522
org.mudebug.prapr.mutators.ArgumentListMutator_5,9793722,5212,0,0,0,0,0,28,64
org.mudebug.prapr.mutators.FieldAccessToMethodCallMutator_2,9793752,1555,0,0,0,0,0,93,160
org.mudebug.prapr.mutators.RelationalOperatorReplacement_1,9793847,495,0,0,0,0,0,0,265
org.mudebug.prapr.mutators.MethCallResultGuard_0,9793849,1052,0,0,0,0,0,0,407
org.mudebug.prapr.mutators.MethodNameMutator_5,9793851,7247,0,0,1,1,1,5538,597
org.mudebug.prapr.mutators.LocalNameMutator_2,9799391,7058,0,0,0,0,0,1,490
org.mudebug.prapr.mutators.FieldNameMutator_1,9799394,6652,0,0,1,1,1,4808,395
org.pitest.mutationtest.engine.gregor.mutators.RemoveConditionalMutator_EQUAL_IF,9804204,6710,0,0,1,1,1,44,1069
org.mudebug.prapr.mutators.MethodNameMutator_2,9804250,343,0,0,0,0,0,0,464
org.mudebug.prapr.mutators.MethCallResultGuard_0,9804252,6743,0,0,0,0,0,0,1868
org.mudebug.prapr.mutators.LocalNameMutator_0,9804254,7501,0,0,1,1,1,5538,422
org.mudebug.prapr.mutators.FieldNameMutator_0,9809794,7057,0,0,0,0,0,0,231
org.mudebug.prapr.mutators.FieldNameMutator_5,9809796,1777,0,0,0,0,0,0,756
org.mudebug.prapr.mutators.MethodNameMutator_5,9809804,1234,0,0,1,1,1,12,276
org.mudebug.prapr.mutators.ArgumentListMutator_4,9809818,5356,0,0,1,1,1,1491,88
org.mudebug.prapr.mutators.MethodNameMutator_0,9811311,1234,0,0,1,1,1,31,271
org.pitest.mutationtest.engine.gregor.mutators.NegateConditionalsMutator,9811344,7501,0,0,0,0,0,198,422
org.mudebug.prapr.mutators.FieldNameMutator_1,9811544,7058,0,0,1,1,1,5538,238
org.mudebug.prapr.mutators.ReturningDereferenceGuardMutator_1,9817084,5356,0,0,0,0,0,0,76
org.mudebug.prapr.mutators.MethodNameMutator_2,9817086,1106,0,0,0,0,0,0,1096
org.mudebug.prapr.mutators.LocalToFieldAccessMutator_2,9817088,6737,0,0,1,1,1,2668,1783
org.pitest.mutationtest.engine.gregor.mutators.NonVoidMethodCallMutator,9819758,1246,0,0,1,1,1,24,818
org.mudebug.prapr.mutators.FieldToLocalAccessMutator_0,9819784,5212,0,0,0,0,0,163,54
org.mudebug.prapr.mutators.LocalNameMutator_1,9819949,6684,0,0,1,1,1,417,703
org.mudebug.prapr.mutators.ReturningDereferenceGuardMutator_2,9820368,1555,0,0,0,0,0,0,154
org.pitest.mutationtest.engine.gregor.mutators.InlineConstantMutator,9820370,931,0,0,0,1,1,10,633
org.pitest.mutationtest.engine.gregor.mutators.NonVoidMethodCallMutator,9820382,3388,0,0,0,1,1,148,71
org.mudebug.prapr.mutators.LocalToFieldAccessMutator_1,9820532,1562,0,0,0,0,0,0,223
org.mudebug.prapr.mutators.ArgumentListMutator_1,9820534,1106,0,0,1,1,1,2980,1095
org.pitest.mutationtest.engine.gregor.mutators.RemoveConditionalMutator_EQUAL_IF,9823516,4392,0,0,1,1,1,5218,206
org.pitest.mutationtest.engine.gregor.mutators.RemoveConditionalMutator_ORDER_ELSE,9828747,6713,0,0,0,1,1,2703,1147
org.mudebug.prapr.mutators.NonVoidMethodCallGuardMutator_0,9831452,244,0,0,0,0,0,0,187
org.pitest.mutationtest.engine.gregor.mutators.experimental.RemoveSwitchMutator_23,9831454,495,0,0,0,0,0,7,119
org.mudebug.prapr.mutators.FieldNameMutator_1,9831463,1119,0,0,0,0,0,5,1439
org.mudebug.prapr.mutators.LocalToFieldAccessMutator_0,9831470,6728,0,0,1,1,1,2821,1407
org.mudebug.prapr.mutators.MethodNameMutator_0,9834293,7200,0,0,0,0,0,10,95
org.mudebug.prapr.mutators.RelationalOperatorReplacement_0,9834305,3592,0,0,0,0,0,544,1084
org.mudebug.prapr.mutators.NonVoidMethodCallGuardMutator_0,9834851,7556,0,0,0,0,0,0,70
org.mudebug.prapr.mutators.MethodNameMutator_1,9834853,5214,0,0,0,0,0,28,112
org.pitest.mutationtest.engine.gregor.mutators.InlineConstantMutator,9834883,6652,0,0,1,1,1,5084,389
org.mudebug.prapr.mutators.DereferenceGuardMutator_3,9839969,6176,0,0,0,0,0,0,577
org.pitest.mutationtest.engine.gregor.mutators.RemoveConditionalMutator_EQUAL_ELSE,9839971,5356,0,0,0,0,0,6,431
org.mudebug.prapr.mutators.DereferenceGuardMutator_4,9839979,6728,0,0,0,0,0,0,1420
org.mudebug.prapr.mutators.RelationalOperatorReplacement_3,9839981,7302,0,0,0,0,0,0,102
org.mudebug.prapr.mutators.FieldNameMutator_5,9839983,1777,0,0,0,0,0,0,760
org.pitest.mutationtest.engine.gregor.mutators.NonVoidMethodCallMutator,9839985,346,0,0,0,0,0,3,498
org.mudebug.prapr.mutators.MethodNameMutator_4,9839990,334,0,0,0,0,0,1273,382
org.pitest.mutationtest.engine.gregor.mutators.ArgumentPropagationMutator,9841265,562,0,0,0,1,1,1778,1210
org.pitest.mutationtest.engine.gregor.mutators.NonVoidMethodCallMutator,9843045,332,0,0,1,1,1,5360,346
org.mudebug.prapr.mutators.FieldNameMutator_5,9848407,7059,0,0,0,0,0,2,546
org.mudebug.prapr.mutators.DereferenceGuardMutator_0,9848411,1555,0,0,0,0,0,0,154
org.pitest.mutationtest.engine.gregor.mutators.NonVoidMethodCallMutator,9848413,7058,0,0,0,0,0,10,317
org.mudebug.prapr.mutators.ReturningDereferenceGuardMutator_2,9848425,6706,0,0,0,0,0,0,1030
org.pitest.mutationtest.engine.gregor.mutators.NullReturnValsMutator,9848427,495,0,0,1,1,1,1082,216
org.mudebug.prapr.mutators.MethCallResultGuard_2,9849511,7059,0,0,0,0,0,0,548
org.mudebug.prapr.mutators.DereferenceGuardMutator_0,9849513,7231,0,0,0,0,0,0,260
org.mudebug.prapr.mutators.RelationalOperatorReplacement_2,9849522,1562,0,0,0,0,0,0,217
org.pitest.mutationtest.engine.gregor.mutators.BooleanTrueReturnValsMutator,9849524,7383,0,0,0,0,0,1847,462
org.pitest.mutationtest.engine.gregor.mutators.NonVoidMethodCallMutator,9851373,1042,0,0,1,1,1,4520,248
org.mudebug.prapr.mutators.RelationalOperatorReplacement_3,9855895,5356,0,0,0,0,0,3,526
org.mudebug.prapr.mutators.ReturningDereferenceGuardMutator_0,9855900,7205,0,0,0,0,0,0,140
org.mudebug.prapr.mutators.MethodNameMutator_5,9855902,1135,0,0,0,0,0,5,1644
org.mudebug.prapr.mutators.ArithmeticOperatorReplacement_0,9855909,347,0,0,0,0,0,11,539
org.mudebug.prapr.mutators.MethodNameMutator_3,9855922,3592,0,0,0,0,0,47,1084
org.mudebug.prapr.mutators.MethCallResultGuard_0,9855971,5356,0,0,0,0,0,112,350
org.mudebug.prapr.mutators.DereferenceGuardMutator_0,9856085,7265,0,0,0,0,0,0,867
org.pitest.mutationtest.engine.gregor.mutators.NonVoidMethodCallMutator,9856087,495,0,0,0,1,1,5365,119
org.mudebug.prapr.mutators.ReturningDereferenceGuardMutator_0,9861454,329,0,0,0,0,0,5,295
org.mudebug.prapr.mutators.LocalToFieldAccessMutator_1,9861461,6755,0,0,1,1,1,2994,2012
org.mudebug.prapr.mutators.FieldNameMutator_0,9864457,6683,0,0,0,0,0,718,683
org.mudebug.prapr.mutators.LocalToFieldAccessMutator_0,9865177,7063,0,0,0,0,0,6,609
org.mudebug.prapr.mutators.DereferenceGuardMutator_3,9865185,6706,0,0,0,0,0,0,929
org.mudebug.prapr.mutators.ArithmeticOperatorReplacement_7,9865187,4720,0,0,0,0,0,2,42
org.mudebug.prapr.mutators.DereferenceGuardMutator_0,9865191,7557,0,0,0,0,0,5,76
org.mudebug.prapr.mutators.MethodNameMutator_6,9865198,159,0,0,1,1,1,3,649
org.pitest.mutationtest.engine.gregor.mutators.InlineConstantMutator,9865203,334,0,0,1,1,1,5146,382
org.mudebug.prapr.mutators.LocalNameMutator_1,9870351,7501,0,0,1,1,1,5538,423
org.mudebug.prapr.mutators.FieldNameMutator_1,9875891,5212,0,0,0,0,0,164,61
org.mudebug.prapr.mutators.DereferenceGuardMutator_4,9876057,6683,0,0,0,0,0,0,686
org.mudebug.prapr.mutators.MethCallResultGuard_2,9876059,6987,0,0,0,0,0,0,153
org.mudebug.prapr.mutators.ArgumentListMutator_2,9876061,355,0,0,1,1,1,2371,627
org.mudebug.prapr.mutators.FieldAccessToMethodCallMutator_0,9878434,6678,0,0,0,0,0,0,606
org.mudebug.prapr.mutators.ReturningDereferenceGuardMutator_0,9878436,4415,0,0,0,0,0,0,551
org.mudebug.prapr.mutators.FieldAccessToMethodCallMutator_1,9878438,1777,0,0,0,0,0,0,644
org.mudebug.prapr.mutators.FieldAccessToMethodCallMutator_4,9878440,1777,0,0,0,0,0,0,715
org.mudebug.prapr.mutators.MethCallResultGuard_2,9878442,1046,0,0,0,0,0,0,328
org.mudebug.prapr.mutators.FieldAccessToMethodCallMutator_1,9878444,6650,0,0,1,1,1,6028,370
org.mudebug.prapr.mutators.LocalToFieldAccessMutator_1,9884474,6743,0,0,1,1,1,2137,1869
org.mudebug.prapr.mutators.MethodNameMutator_0,9886613,6867,0,0,0,0,0,711,159
org.mudebug.prapr.mutators.MethodNameMutator_0,9887326,7233,0,0,0,0,0,19,298
org.mudebug.prapr.mutators.FieldAccessToMethodCallMutator_0,9887347,7215,0,0,0,0,0,1672,137
org.mudebug.prapr.mutators.MethodNameMutator_2,9889021,7265,0,0,1,1,1,5538,867
org.mudebug.prapr.mutators.FieldAccessToMethodCallMutator_4,9894561,4169,0,0,1,1,1,4583,193
org.mudebug.prapr.mutators.ArgumentListMutator_2,9899146,1082,0,0,0,0,0,5,834
org.mudebug.prapr.mutators.LocalNameMutator_0,9899153,5356,0,0,0,0,0,47,110
org.mudebug.prapr.mutators.MethCallResultGuard_0,9899202,3416,0,0,0,0,0,0,77
org.mudebug.prapr.mutators.MethodNameMutator_8,9899204,5356,0,0,0,0,0,1,215
org.mudebug.prapr.mutators.MethCallResultGuard_1,9899207,7764,0,0,0,0,0,5,465
org.mudebug.prapr.mutators.LocalToFieldAccessMutator_0,9899214,1106,0,0,1,1,1,2972,1102
org.pitest.mutationtest.engine.gregor.mutators.InlineConstantMutator,9902188,7058,0,0,1,1,1,5538,303
org.pitest.mutationtest.engine.gregor.mutators.RemoveConditionalMutator_EQUAL_IF,9907728,1050,0,0,0,1,1,147,381
org.mudebug.prapr.mutators.DereferenceGuardMutator_2,9907877,6678,0,0,0,0,0,0,610
org.mudebug.prapr.mutators.MethodNameMutator_9,9907879,7241,0,0,0,0,0,1,435
org.mudebug.prapr.mutators.FieldNameMutator_1,9907882,1777,0,0,0,0,0,0,559
org.mudebug.prapr.mutators.FieldNameMutator_2,9907887,7059,0,0,0,0,0,141,545
org.mudebug.prapr.mutators.MethodNameMutator_3,9908030,6743,0,0,1,1,1,2701,1867
org.mudebug.prapr.mutators.FieldNameMutator_1,9910733,7059,0,0,0,0,0,76,547
org.mudebug.prapr.mutators.ReturningDereferenceGuardMutator_4,9910811,1106,0,0,0,0,0,0,1200
org.mudebug.prapr.mutators.RelationalOperatorReplacement_2,9910813,6176,0,0,0,1,1,172,571
org.pitest.mutationtest.engine.gregor.mutators.NonVoidMethodCallMutator,9910987,7059,0,0,1,1,1,5538,558
org.mudebug.prapr.mutators.ReturningDereferenceGuardMutator_1,9916527,6678,0,0,0,0,0,0,606
org.mudebug.prapr.mutators.MethodNameMutator_6,9916529,6931,0,0,0,0,0,111,852
org.mudebug.prapr.mutators.LocalToFieldAccessMutator_1,9916642,6728,0,0,1,1,1,2558,1420
org.pitest.mutationtest.engine.gregor.mutators.experimental.RemoveSwitchMutator_4,9919202,495,0,0,0,0,0,5,119
org.mudebug.prapr.mutators.LocalToFieldAccessMutator_1,9919209,547,0,0,0,0,0,127,166
org.mudebug.prapr.mutators.ReturningDereferenceGuardMutator_4,9919338,4413,0,0,0,0,0,0,523
org.mudebug.prapr.mutators.FieldAccessToMethodCallMutator_0,9919343,7378,0,0,1,1,1,5543,380
org.mudebug.prapr.mutators.MethCallResultGuard_2,9924891,332,0,0,0,0,0,0,344
org.pitest.mutationtest.engine.gregor.mutators.RemoveConditionalMutator_EQUAL_ELSE,9924893,7200,0,0,0,0,0,2,104
org.mudebug.prapr.mutators.FieldNameMutator_2,9924897,1777,0,0,0,0,0,0,648
org.mudebug.prapr.mutators.NonVoidMethodCallGuardMutator_0,9924899,1042,0,0,0,0,0,5,231
org.pitest.mutationtest.engine.gregor.mutators.NegateConditionalsMutator,9924906,7199,0,0,0,0,0,1652,80
org.mudebug.prapr.mutators.MethCallResultGuard_2,9926560,5213,0,0,0,0,0,0,91
org.mudebug.prapr.mutators.FieldNameMutator_0,9926562,1777,0,0,0,0,0,0,658
org.mudebug.prapr.mutators.LocalNameMutator_0,9926564,1236,1,0,0,1,1,15,533
org.mudebug.prapr.mutators.FieldAccessToMethodCallMutator_1,9926581,6652,0,0,1,1,1,5079,402
org.mudebug.prapr.mutators.MethodNameMutator_1,9931662,551,0,0,0,0,0,317,215
org.mudebug.prapr.mutators.LocalNameMutator_0,9931981,517,0,0,0,1,1,2223,106
org.mudebug.prapr.mutators.MethodNameMutator_6,9934206,6977,0,0,0,0,0,0,96
org.mudebug.prapr.mutators.MethodNameMutator_1,9934208,547,0,0,0,0,0,0,167
org.mudebug.prapr.mutators.MethodNameMutator_3,9934210,7250,0,0,0,0,0,45,659
org.pitest.mutationtest.engine.gregor.mutators.ReturnValsMutator,9934269,5357,0,0,0,1,1,100,703
org.pitest.mutationtest.engine.gregor.mutators.RemoveConditionalMutator_EQUAL_IF,9934371,546,0,0,0,0,0,2,149
org.mudebug.prapr.mutators.RelationalOperatorReplacement_3,9934375,7382,0,0,0,0,0,26,431
org.mudebug.prapr.mutators.DereferenceGuardMutator_0,9934403,3416,0,0,0,0,0,0,77
org.pitest.mutationtest.engine.gregor.mutators.NegateConditionalsMutator,9939471,4415,0,0,1,1,1,5218,543
org.mudebug.prapr.mutators.MethodNameMutator_7,9944691,6986,0,0,0,0,0,46,145
org.pitest.mutationtest.engine.gregor.mutators.experimental.RemoveSwitchMutator_5,9944739,3587,0,0,0,0,0,0,1015
org.pitest.mutationtest.engine.gregor.mutators.RemoveConditionalMutator_EQUAL_ELSE,9944741,7215,0,0,1,1,1,5538,132
org.pitest.mutationtest.engine.gregor.mutators.RemoveConditionalMutator_EQUAL_ELSE,9950281,6732,0,0,0,0,0,0,1618
org.mudebug.prapr.mutators.FieldNameMutator_2,9950283,6650,0,0,0,0,0,5,370
org.mudebug.prapr.mutators.FieldNameMutator_0,9950290,1777,0,0,0,0,0,0,646
org.pitest.mutationtest.engine.gregor.mutators.RemoveConditionalMutator_EQUAL_IF,9950292,7304,0,0,0,0,0,1875,188
org.mudebug.prapr.mutators.MethCallResultGuard_1,9952169,7064,0,0,0,0,0,0,622
org.mudebug.prapr.mutators.FieldNameMutator_3,9952171,7058,0,0,1,1,1,5538,238
org.mudebug.prapr.mutators.ArgumentListMutator_2,9957711,5356,0,0,1,1,1,251,512
org.mudebug.prapr.mutators.MethodNameMutator_0,9957964,5376,0,0,0,0,0,1,1051
org.pitest.mutationtest.engine.gregor.mutators.experimental.RemoveSwitchMutator_74,9957967,495,0,0,0,0,0,0,119
org.mudebug.prapr.mutators.MethodNameMutator_8,9957969,1234,0,0,1,1,1,33,262
org.pitest.mutationtest.engine.gregor.mutators.RemoveConditionalMutator_EQUAL_ELSE,9958004,2967,0,0,0,0,0,25,598
org.mudebug.prapr.mutators.MethCallResultGuard_1,9958031,334,0,0,0,0,0,0,382
org.mudebug.prapr.mutators.FieldAccessToMethodCallMutator_0,9958033,1131,0,0,1,1,1,1694,1619
org.mudebug.prapr.mutators.FieldNameMutator_2,9959729,1777,0,0,0,0,0,0,691
org.mudebug.prapr.mutators.FieldNameMutator_0,9959731,1777,0,0,0,0,0,0,639
org.mudebug.prapr.mutators.FieldAccessToMethodCallMutator_1,9959736,5193,0,0,1,1,1,5173,90
org.mudebug.prapr.mutators.FieldNameMutator_4,9964911,7058,0,0,0,0,0,2251,405
org.mudebug.prapr.mutators.MethodNameMutator_3,9967164,244,0,0,0,1,1,56,180
org.mudebug.prapr.mutators.FieldAccessToMethodCallMutator_0,9967222,6650,0,0,0,0,0,5,369
org.pitest.mutationtest.engine.gregor.mutators.NegateConditionalsMutator,9967229,5214,0,0,0,0,0,28,112
org.mudebug.prapr.mutators.NonVoidMethodCallGuardMutator_0,9967262,7098,0,0,0,0,0,0,1022
org.pitest.mutationtest.engine.gregor.mutators.RemoveConditionalMutator_EQUAL_ELSE,9967264,7259,0,0,0,0,0,0,823
org.pitest.mutationtest.engine.gregor.mutators.InlineConstantMutator,9967268,6895,0,0,0,0,0,2,294
org.mudebug.prapr.mutators.MethCallResultGuard_2,9967272,5356,0,0,0,0,0,0,336
org.mudebug.prapr.mutators.MethCallResultGuard_1,9967274,1313,0,0,0,0,0,0,83
org.mudebug.prapr.mutators.LocalNameMutator_0,9967276,6725,0,0,0,1,1,0,1369
org.mudebug.prapr.mutators.LocalToFieldAccessMutator_3,9967278,6684,0,0,0,0,0,193,711
org.mudebug.prapr.mutators.MethodNameMutator_6,9967476,551,0,0,1,1,1,4284,215
org.mudebug.prapr.mutators.NonVoidMethodCallGuardMutator_0,9971762,6706,0,0,0,0,0,0,976
org.pitest.mutationtest.engine.gregor.mutators.RemoveConditionalMutator_EQUAL_IF,9971764,551,0,0,0,0,0,0,212
org.mudebug.prapr.mutators.MethodNameMutator_3,9971766,1245,0,0,1,1,1,20,718
org.mudebug.prapr.mutators.MethodNameMutator_0,9971788,4411,0,0,1,1,1,4269,494
org.mudebug.prapr.mutators.LocalToFieldAccessMutator_2,9976059,6744,0,0,1,1,1,937,1888
org.mudebug.prapr.mutators.LocalNameMutator_0,9976998,6711,0,0,0,1,1,2701,1130
org.mudebug.prapr.mutators.MethodNameMutator_0,9979709,3664,0,0,0,0,0,75,2181
org.pitest.mutationtest.engine.gregor.mutators.ConstructorCallMutator,9979786,7215,0,0,1,1,1,5538,134
org.mudebug.prapr.mutators.RelationalOperatorReplacement_2,9985326,1106,0,0,0,0,0,0,1178
org.mudebug.prapr.mutators.MethCallResultGuard_2,9985328,1234,0,0,0,0,0,0,310
org.mudebug.prapr.mutators.ArgumentListMutator_0,9985330,7059,0,0,1,1,1,5538,545
org.pitest.mutationtest.engine.gregor.mutators.NegateConditionalsMutator,9990870,6931,0,0,1,1,1,5538,865
org.mudebug.prapr.mutators.LocalToFieldAccessMutator_3,9996410,6737,0,0,1,1,1,2650,1782
org.mudebug.prapr.mutators.MethodNameMutator_5,9999062,1237,0,0,0,0,0,9,545
org.mudebug.prapr.mutators.MethodNameMutator_3,9999073,7200,0,0,0,0,0,1,104
org.pitest.mutationtest.engine.gregor.mutators.RemoveConditionalMutator_EQUAL_IF,9999076,7259,0,0,1,1,1,5538,823
org.mudebug.prapr.mutators.MethodNameMutator_0,10004616,348,0,0,1,1,1,384,559
org.mudebug.prapr.mutators.LocalToFieldAccessMutator_0,10005002,7063,0,0,0,0,0,146,602
org.mudebug.prapr.mutators.ReturningDereferenceGuardMutator_1,10005150,3390,0,0,0,0,0,0,98
org.pitest.mutationtest.engine.gregor.mutators.RemoveConditionalMutator_EQUAL_IF,10005160,6684,0,0,0,0,0,4,697
org.pitest.mutationtest.engine.gregor.mutators.NegateConditionalsMutator,10005166,6977,0,0,0,0,0,1,96
org.pitest.mutationtest.engine.gregor.mutators.IncrementsMutator,10005169,6706,0,0,1,1,1,27,973
org.mudebug.prapr.mutators.LocalToFieldAccessMutator_2,10005198,6743,0,0,0,0,0,2053,1873
org.pitest.mutationtest.engine.gregor.mutators.VoidMethodCallMutator,10007253,347,0,0,0,0,0,2094,544
org.pitest.mutationtest.engine.gregor.mutators.ReturnValsMutator,10009349,6800,0,0,1,1,1,5538,109
org.mudebug.prapr.mutators.RelationalOperatorReplacement_2,10014889,1143,0,0,0,0,0,0,1727
org.pitest.mutationtest.engine.gregor.mutators.ArgumentPropagationMutator,10014891,350,0,0,1,1,1,689,584
org.mudebug.prapr.mutators.FieldNameMutator_1,10015582,7064,0,0,1,1,1,5538,615
org.pitest.mutationtest.engine.gregor.mutators.RemoveConditionalMutator_EQUAL_ELSE,10021122,6867,0,0,0,0,0,18,159
org.mudebug.prapr.mutators.ReturningDereferenceGuardMutator_0,10021142,6706,0,0,0,0,0,0,1020
org.mudebug.prapr.mutators.DereferenceGuardMutator_0,10021144,7057,0,0,0,0,0,0,230
org.mudebug.prapr.mutators.MethCallResultGuard_2,10021146,347,0,0,0,0,0,0,548
org.mudebug.prapr.mutators.NonVoidMethodCallGuardMutator_0,10021148,7241,0,0,0,0,0,0,435
org.mudebug.prapr.mutators.FieldNameMutator_4,10021150,1777,0,0,0,0,0,24,743
org.pitest.mutationtest.engine.gregor.mutators.VoidMethodCallMutator,10021176,6174,0,0,0,0,0,0,548
org.mudebug.prapr.mutators.LocalToFieldAccessMutator_1,10021178,6696,0,0,0,0,0,1,836
org.mudebug.prapr.mutators.FieldNameMutator_1,10021181,1777,0,0,0,0,0,0,687
org.pitest.mutationtest.engine.gregor.mutators.NonVoidMethodCallMutator,10021183,7351,0,0,0,0,0,943,54
org.mudebug.prapr.mutators.FieldNameMutator_3,10022128,1777,0,0,0,0,0,55,726
org.mudebug.prapr.mutators.FieldAccessToMethodCallMutator_4,10022185,1777,0,0,0,0,0,0,640
org.mudebug.prapr.mutators.ReturningDereferenceGuardMutator_1,10022187,1053,0,0,0,0,0,0,434
org.mudebug.prapr.mutators.MethodNameMutator_2,10022189,4666,0,0,0,0,0,0,60
org.mudebug.prapr.mutators.RelationalOperatorReplacement_3,10022191,1106,0,0,0,0,0,5,1099
org.mudebug.prapr.mutators.MethodNameMutator_7,10022198,244,0,0,0,1,1,57,180
org.pitest.mutationtest.engine.gregor.mutators.experimental.MemberVariableMutator,10022257,1106,0,0,1,1,1,2980,1082
org.mudebug.prapr.mutators.ReturningDereferenceGuardMutator_0,10025239,1083,0,0,0,0,0,0,844
org.mudebug.prapr.mutators.MethodNameMutator_2,10025241,1143,0,0,0,0,0,0,1727
org.mudebug.prapr.mutators.RelationalOperatorReplacement_2,10025243,5356,0,0,0,0,0,0,103
org.mudebug.prapr.mutators.ReturningDereferenceGuardMutator_3,10025245,7503,0,0,0,0,0,0,444
org.mudebug.prapr.mutators.ArgumentListMutator_1,10025247,5356,0,0,0,0,0,0,425
org.mudebug.prapr.mutators.DereferenceGuardMutator_0,10025249,7302,0,0,0,0,0,0,117
org.mudebug.prapr.mutators.FieldAccessToMethodCallMutator_0,10025253,7052,0,0,0,0,0,54,200
org.pitest.mutationtest.engine.gregor.mutators.NonVoidMethodCallMutator,10025309,6867,0,0,0,0,0,18,159
org.mudebug.prapr.mutators.LocalNameMutator_0,10025329,7058,0,0,0,0,0,4,482
org.mudebug.prapr.mutators.LocalNameMutator_1,10025335,6728,0,0,0,1,1,2802,1421
org.mudebug.prapr.mutators.MethCallResultGuard_2,10028139,7058,0,0,0,0,0,5,482
org.mudebug.prapr.mutators.MethCallResultGuard_0,10028146,247,0,0,0,0,0,0,240
org.mudebug.prapr.mutators.ArgumentListMutator_1,10028148,561,0,0,0,1,1,4883,1206
org.mudebug.prapr.mutators.FieldNameMutator_0,10033033,562,0,0,0,0,0,2,1210
org.mudebug.prapr.mutators.LocalToFieldAccessMutator_0,10033037,547,0,0,0,0,0,38,161
org.mudebug.prapr.mutators.DereferenceGuardMutator_0,10033079,2308,0,0,0,0,0,0,92
org.mudebug.prapr.mutators.DereferenceGuardMutator_4,10033081,6732,0,0,0,0,0,5,1596
org.mudebug.prapr.mutators.MethodNameMutator_1,10033088,347,0,0,0,0,0,11,542
org.mudebug.prapr.mutators.MethodNameMutator_2,10033101,3564,0,0,0,1,1,66,364
org.mudebug.prapr.mutators.NonVoidMethodCallGuardMutator_0,10033169,1231,0,0,0,0,0,0,68
org.mudebug.prapr.mutators.FieldAccessToMethodCallMutator_3,10033171,1777,0,0,0,0,0,0,646
org.mudebug.prapr.mutators.MethCallResultGuard_0,10033173,7058,0,0,0,0,0,0,494
org.mudebug.prapr.mutators.MethodNameMutator_7,10033175,7204,0,0,0,0,0,14,134
org.mudebug.prapr.mutators.MethodNameMutator_0,10033191,7259,0,0,1,1,1,5538,823
org.pitest.mutationtest.engine.gregor.mutators.BooleanTrueReturnValsMutator,10038731,334,0,0,1,1,1,4361,379
org.pitest.mutationtest.engine.gregor.mutators.RemoveConditionalMutator_EQUAL_IF,10043094,334,0,0,0,0,0,4,382
org.mudebug.prapr.mutators.RelationalOperatorReplacement_0,10043100,7790,0,0,0,0,0,0,315
org.pitest.mutationtest.engine.gregor.mutators.NonVoidMethodCallMutator,10043102,7215,0,0,0,0,0,1386,137
org.mudebug.prapr.mutators.FieldAccessToMethodCallMutator_2,10044490,6652,0,0,0,0,0,0,389
org.pitest.mutationtest.engine.gregor.mutators.experimental.NakedReceiverMutator,10044492,159,0,0,0,0,0,0,649
org.mudebug.prapr.mutators.ReturningDereferenceGuardMutator_3,10044494,6860,0,0,0,0,0,0,110
org.mudebug.prapr.mutators.LocalToFieldAccessMutator_3,10044496,6743,0,0,1,1,1,2924,1867
org.mudebug.prapr.mutators.MethodNameMutator_1,10047422,329,0,0,1,1,1,1390,298
org.mudebug.prapr.mutators.MethCallResultGuard_0,10048818,346,0,0,0,0,0,0,490
org.pitest.mutationtest.engine.gregor.mutators.InlineConstantMutator,10048820,7204,0,0,0,0,0,1799,135
org.pitest.mutationtest.engine.gregor.mutators.NonVoidMethodCallMutator,10050621,6727,0,0,0,0,0,0,1392
org.mudebug.prapr.mutators.FieldAccessToMethodCallMutator_0,10050623,6744,0,0,0,1,1,0,1894
org.mudebug.prapr.mutators.DereferenceGuardMutator_0,10050625,5356,0,0,0,0,0,0,577
org.mudebug.prapr.mutators.MethodNameMutator_0,10050627,545,0,0,0,1,1,2231,127
org.mudebug.prapr.mutators.ArithmeticOperatorReplacement_8,10052860,6713,0,0,0,0,0,66,1149
org.mudebug.prapr.mutators.FieldNameMutator_0,10052928,1777,0,0,0,0,0,0,706
org.mudebug.prapr.mutators.LocalNameMutator_0,10052930,5356,0,0,1,1,1,2868,117
org.mudebug.prapr.mutators.NonVoidMethodCallGuardMutator_0,10055800,6706,0,0,0,0,0,0,967
org.mudebug.prapr.mutators.FieldNameMutator_2,10055802,1777,0,0,0,0,0,0,638
org.mudebug.prapr.mutators.FieldNameMutator_4,10055804,1777,0,0,0,0,0,0,686
org.mudebug.prapr.mutators.FieldNameMutator_1,10055806,6728,0,0,0,1,1,2559,1418
org.mudebug.prapr.mutators.ArgumentListMutator_4,10058367,3497,0,0,0,0,0,0,421
org.pitest.mutationtest.engine.gregor.mutators.InlineConstantMutator,10058369,1777,0,0,0,0,0,3,696
org.mudebug.prapr.mutators.LocalToFieldAccessMutator_1,10058374,6694,0,0,1,1,1,5384,824
org.mudebug.prapr.mutators.FieldAccessToMethodCallMutator_2,10063760,6650,0,0,1,1,1,5298,369
org.pitest.mutationtest.engine.gregor.mutators.RemoveConditionalMutator_EQUAL_IF,10069060,5356,0,0,0,0,0,5,425
org.mudebug.prapr.mutators.LocalNameMutator_2,10069067,7058,0,0,0,0,0,17,379
org.mudebug.prapr.mutators.FieldAccessToMethodCallMutator_0,10069086,1777,0,0,0,0,0,74,730
org.mudebug.prapr.mutators.MethCallResultGuard_1,10069162,6725,0,0,0,0,0,0,1369
org.mudebug.prapr.mutators.MethodNameMutator_7,10069164,7204,0,0,0,0,0,7,135
org.pitest.mutationtest.engine.gregor.mutators.BooleanTrueReturnValsMutator,10069173,7497,0,0,0,0,0,545,377
org.mudebug.prapr.mutators.LocalNameMutator_0,10069720,6728,0,0,0,0,0,2158,1420
org.mudebug.prapr.mutators.ArgumentListMutator_2,10071880,7059,0,0,1,1,1,5538,554
org.pitest.mutationtest.engine.gregor.mutators.RemoveConditionalMutator_EQUAL_IF,10077420,3489,0,0,0,0,0,0,252
org.mudebug.prapr.mutators.ArgumentListMutator_1,10077422,5356,0,0,0,0,0,1,499
org.mudebug.prapr.mutators.ArgumentListMutator_4,10077425,1038,0,0,1,1,1,5303,1599
org.pitest.mutationtest.engine.gregor.mutators.experimental.RemoveSwitchMutator_86,10082730,3636,0,0,0,0,0,7,1649
org.mudebug.prapr.mutators.FieldAccessToMethodCallMutator_0,10082739,1106,0,0,1,1,1,2974,1199
org.pitest.mutationtest.engine.gregor.mutators.experimental.RemoveSwitchMutator_46,10085715,6649,0,0,0,0,0,0,175
org.mudebug.prapr.mutators.FieldNameMutator_0,10085717,1777,0,0,0,0,0,0,722
org.mudebug.prapr.mutators.FieldNameMutator_0,10085719,7058,0,0,1,1,1,5226,275
org.mudebug.prapr.mutators.LocalNameMutator_0,10090947,7058,0,0,0,0,0,23,408
org.pitest.mutationtest.engine.gregor.mutators.NullReturnValsMutator,10090972,329,0,0,1,1,1,3596,301
org.mudebug.prapr.mutators.LocalNameMutator_0,10094570,4411,0,0,1,1,1,1976,490
org.pitest.mutationtest.engine.gregor.mutators.ArgumentPropagationMutator,10096548,347,0,0,0,0,0,2,522
org.mudebug.prapr.mutators.VoidMethodCallGuardMutator,10096552,7355,0,0,0,0,0,0,116
org.mudebug.prapr.mutators.LocalNameMutator_0,10096554,1245,0,0,0,0,0,5,718
org.mudebug.prapr.mutators.MethCallResultGuard_2,10096561,369,0,0,0,0,0,0,806
org.mudebug.prapr.mutators.MethodNameMutator_2,10096563,6728,0,0,0,1,1,2809,1407
org.mudebug.prapr.mutators.FieldNameMutator_2,10099374,6678,0,0,1,1,1,5499,607
org.mudebug.prapr.mutators.MethCallResultGuard_0,10104875,7058,0,0,0,0,0,0,476
org.mudebug.prapr.mutators.MethCallResultGuard_2,10104877,7501,0,0,0,0,0,0,423
org.mudebug.prapr.mutators.FieldAccessToMethodCallMutator_2,10104879,1777,0,0,0,0,0,0,673
org.mudebug.prapr.mutators.MethodNameMutator_2,10104881,6710,0,0,1,1,1,44,1066
org.mudebug.prapr.mutators.FieldNameMutator_3,10104927,3711,0,0,0,0,0,5,72
org.mudebug.prapr.mutators.MethCallResultGuard_2,10104934,5356,0,0,0,0,0,1,215
org.mudebug.prapr.mutators.DereferenceGuardMutator_0,10104937,6725,0,0,0,0,0,0,1369
org.pitest.mutationtest.engine.gregor.mutators.NonVoidMethodCallMutator,10104939,5357,0,0,0,0,0,2,703
org.mudebug.prapr.mutators.NonVoidMethodCallGuardMutator_0,10104943,5375,0,0,0,0,0,0,1034
org.mudebug.prapr.mutators.NonVoidMethodCallGuardMutator_0,10104945,1248,0,0,0,0,0,0,867
org.mudebug.prapr.mutators.FieldAccessToMethodCallMutator_2,10104947,6652,0,0,1,1,1,5079,402
org.mudebug.prapr.mutators.FieldAccessToMethodCallMutator_1,10110028,6652,0,0,1,1,1,5084,403
org.mudebug.prapr.mutators.MethCallResultGuard_1,10115114,3664,0,0,0,0,0,0,2189
org.pitest.mutationtest.engine.gregor.mutators.InlineConstantMutator,10115116,7088,0,0,1,1,1,5159,914
org.pitest.mutationtest.engine.gregor.mutators.RemoveConditionalMutator_EQUAL_IF,10120277,5214,0,0,1,1,1,2840,112
org.mudebug.prapr.mutators.LocalToFieldAccessMutator_2,10123119,6678,0,0,1,1,1,4872,607
org.mudebug.prapr.mutators.MethodNameMutator_3,10127993,5356,0,0,1,1,1,1074,428
org.mudebug.prapr.mutators.LocalNameMutator_0,10129069,6652,0,0,1,1,1,4947,399
org.mudebug.prapr.mutators.MethCallResultGuard_2,10134018,5214,0,0,0,0,0,0,112
org.mudebug.prapr.mutators.VoidMethodCallGuardMutator,10134020,3416,0,0,0,0,0,0,77
org.pitest.mutationtest.engine.gregor.mutators.InlineConstantMutator,10134022,347,0,0,0,0,0,3808,526
org.mudebug.prapr.mutators.MethodNameMutator_2,10137832,7233,0,0,0,0,0,10,291
org.mudebug.prapr.mutators.RelationalOperatorReplacement_3,10137844,6696,0,0,0,1,1,585,836
org.mudebug.prapr.mutators.NonVoidMethodCallGuardMutator_0,10138431,561,0,0,0,0,0,0,1206
org.mudebug.prapr.mutators.DereferenceGuardMutator_0,10138433,347,0,0,0,0,0,23,548
org.mudebug.prapr.mutators.FieldNameMutator_0,10138458,6652,0,0,1,1,1,5022,400
org.mudebug.prapr.mutators.MethodNameMutator_1,10143482,6683,0,0,1,1,1,2718,681
org.mudebug.prapr.mutators.FieldNameMutator_0,10146202,7059,0,0,0,0,0,2,553
org.mudebug.prapr.mutators.RelationalOperatorReplacement_0,10146206,1042,0,0,0,0,0,11,256
org.mudebug.prapr.mutators.MethodNameMutator_2,10146219,1237,0,0,1,1,1,9,545
org.pitest.mutationtest.engine.gregor.mutators.NullReturnValsMutator,10146230,561,0,0,1,1,1,5320,1206
org.mudebug.prapr.mutators.ArithmeticOperatorReplacement_1,10151552,4257,0,0,0,0,0,26,409
org.mudebug.prapr.mutators.ReturningDereferenceGuardMutator_3,10151580,1106,0,0,0,0,0,0,1074
org.mudebug.prapr.mutators.NonVoidMethodCallGuardMutator_0,10151582,7198,0,0,0,0,0,0,68
org.pitest.mutationtest.engine.gregor.mutators.RemoveConditionalMutator_EQUAL_IF,10151584,4415,0,0,1,1,1,5218,543
org.mudebug.prapr.mutators.MethCallResultGuard_2,10156804,7247,0,0,0,0,0,0,598
org.pitest.mutationtest.engine.gregor.mutators.InlineConstantMutator,10156806,5356,0,0,0,1,1,71,431
org.mudebug.prapr.mutators.DereferenceGuardMutator_0,10156879,247,0,0,0,0,0,0,251
org.mudebug.prapr.mutators.FieldAccessToMethodCallMutator_3,10156881,1777,0,0,0,0,0,0,689
org.mudebug.prapr.mutators.ArgumentListMutator_2,10156883,6706,0,0,0,1,1,2,977
org.mudebug.prapr.mutators.MethodNameMutator_5,10156887,5376,0,0,0,0,0,1,1045
org.mudebug.prapr.mutators.MethodNameMutator_2,10156890,6931,0,0,0,0,0,473,844
org.mudebug.prapr.mutators.DereferenceGuardMutator_0,10157365,1135,0,0,0,0,0,0,1647
org.pitest.mutationtest.engine.gregor.mutators.RemoveConditionalMutator_EQUAL_IF,10157367,7497,0,0,0,0,0,35,377
org.mudebug.prapr.mutators.FieldToLocalAccessMutator_0,10157404,6684,0,0,0,0,0,133,714
org.mudebug.prapr.mutators.FieldAccessToMethodCallMutator_3,10157539,6728,0,0,0,1,1,2802,1418
org.mudebug.prapr.mutators.FieldNameMutator_0,10160343,7503,0,0,0,0,0,1036,448
org.pitest.mutationtest.engine.gregor.mutators.RemoveConditionalMutator_EQUAL_IF,10161381,5356,0,0,0,0,0,2,358
org.mudebug.prapr.mutators.FieldAccessToMethodCallMutator_0,10161385,1112,0,0,0,0,0,22,1250
org.mudebug.prapr.mutators.FieldAccessToMethodCallMutator_1,10161409,1777,0,0,0,0,0,0,663
org.mudebug.prapr.mutators.ArithmeticOperatorDeletion_0,10161411,6714,0,0,0,1,1,118,1164
org.mudebug.prapr.mutators.FieldAccessToMethodCallMutator_0,10161531,6684,0,0,1,1,1,599,697
org.mudebug.prapr.mutators.FieldToLocalAccessMutator_1,10162132,6743,0,0,0,0,0,2081,1874
org.pitest.mutationtest.engine.gregor.mutators.RemoveConditionalMutator_EQUAL_IF,10164215,7379,0,0,0,0,0,1,390
org.mudebug.prapr.mutators.FieldAccessToMethodCallMutator_0,10164218,1046,0,0,0,0,0,17,313
org.mudebug.prapr.mutators.FieldAccessToMethodCallMutator_4,10164237,1777,0,0,0,0,0,0,672
org.mudebug.prapr.mutators.LocalToFieldAccessMutator_0,10164239,7108,0,0,1,1,1,5538,1156
org.mudebug.prapr.mutators.FieldAccessToMethodCallMutator_4,10169779,1777,0,0,0,0,0,0,665
org.mudebug.prapr.mutators.LocalToFieldAccessMutator_1,10169781,6742,0,0,1,1,1,2939,1854
org.mudebug.prapr.mutators.RelationalOperatorReplacement_0,10172722,1563,0,0,0,0,0,0,241
org.pitest.mutationtest.engine.gregor.mutators.NonVoidMethodCallMutator,10172724,7059,0,0,0,0,0,15,565
org.mudebug.prapr.mutators.DereferenceGuardMutator_3,10172741,7263,0,0,0,0,0,0,853
org.mudebug.prapr.mutators.ReturningDereferenceGuardMutator_3,10172743,1042,0,0,0,0,0,0,229
org.pitest.mutationtest.engine.gregor.mutators.experimental.SwitchMutator,10172745,6706,0,0,0,1,1,2,980
org.mudebug.prapr.mutators.LocalToFieldAccessMutator_3,10172749,6706,0,0,0,1,1,2,977
org.mudebug.prapr.mutators.MethodNameMutator_0,10172753,1135,0,0,0,0,0,0,1644
org.mudebug.prapr.mutators.ReturningDereferenceGuardMutator_0,10172755,6728,0,0,0,0,0,0,1407
org.pitest.mutationtest.engine.gregor.mutators.experimental.RemoveSwitchMutator_13,10172757,6649,0,0,0,0,0,0,175
org.mudebug.prapr.mutators.FieldAccessToMethodCallMutator_4,10172759,1777,0,0,0,0,0,0,724
org.mudebug.prapr.mutators.FieldNameMutator_5,10172761,1777,0,0,0,0,0,0,709
org.pitest.mutationtest.engine.gregor.mutators.NegateConditionalsMutator,10172763,3558,0,0,0,1,1,35,114
org.mudebug.prapr.mutators.ReturningDereferenceGuardMutator_3,10172800,705,0,0,0,0,0,0,69
org.mudebug.prapr.mutators.FieldAccessToMethodCallMutator_0,10172802,1777,0,0,0,0,0,79,744
org.mudebug.prapr.mutators.LocalNameMutator_0,10172883,1234,0,0,0,0,0,3,302
org.mudebug.prapr.mutators.NonVoidMethodCallGuardMutator_0,10172888,7257,0,0,0,0,0,0,810
org.mudebug.prapr.mutators.RelationalOperatorReplacement_1,10172890,333,0,0,0,0,0,0,364
org.mudebug.prapr.mutators.ArgumentListMutator_5,10172892,1042,0,0,1,1,1,5291,242
org.mudebug.prapr.mutators.LocalToFieldAccessMutator_0,10178185,6732,0,0,1,1,1,2822,1618
org.mudebug.prapr.mutators.LocalToFieldAccessMutator_2,10181009,1048,0,0,1,1,1,4574,347
org.mudebug.prapr.mutators.NonVoidMethodCallGuardMutator_0,10185585,247,0,0,0,0,0,2,251
org.mudebug.prapr.mutators.MethCallResultGuard_1,10190655,7058,0,0,0,0,0,0,321
org.mudebug.prapr.mutators.ArgumentListMutator_0,10190657,7058,0,0,0,0,0,12,317
org.mudebug.prapr.mutators.FieldAccessToMethodCallMutator_0,10190671,1777,0,0,0,0,0,0,665
org.mudebug.prapr.mutators.FieldNameMutator_0,10190673,1777,0,0,0,0,0,3,83
org.mudebug.prapr.mutators.FieldAccessToMethodCallMutator_2,10190678,6671,0,0,1,1,1,5488,548
org.mudebug.prapr.mutators.DereferenceGuardMutator_4,10196168,1047,0,0,0,0,0,0,339
org.mudebug.prapr.mutators.MethodNameMutator_4,10196170,5376,0,0,0,0,0,1,1045
org.mudebug.prapr.mutators.LocalNameMutator_0,10196173,6732,0,0,0,0,0,5,1618
org.mudebug.prapr.mutators.MethodNameMutator_0,10196180,1053,0,0,0,0,0,5,441
org.mudebug.prapr.mutators.DereferenceGuardMutator_4,10196187,7627,0,0,0,0,0,0,159
org.pitest.mutationtest.engine.gregor.mutators.InlineConstantMutator,10196189,6684,0,0,1,1,1,1029,695
org.mudebug.prapr.mutators.DereferenceGuardMutator_1,10197220,1554,0,0,0,0,0,0,143
org.mudebug.prapr.mutators.MethodNameMutator_4,10197222,7247,0,0,0,0,0,0,597
org.mudebug.prapr.mutators.ReturningDereferenceGuardMutator_0,10197224,1109,0,0,0,0,0,0,1223
org.mudebug.prapr.mutators.MethodNameMutator_8,10197226,5356,0,0,0,0,0,0,344
org.mudebug.prapr.mutators.FieldNameMutator_0,10197228,7052,0,0,0,0,0,54,200
org.mudebug.prapr.mutators.RelationalOperatorReplacement_2,10197284,6728,0,0,0,0,0,5,1412
org.mudebug.prapr.mutators.FieldNameMutator_4,10197291,7058,0,0,1,1,1,5226,338
org.mudebug.prapr.mutators.ArithmeticOperatorReplacement_5,10202519,6714,0,0,0,1,1,126,1164
org.mudebug.prapr.mutators.DereferenceGuardMutator_0,10202647,1106,0,0,0,0,0,0,1202
org.mudebug.prapr.mutators.FieldNameMutator_0,10202649,6743,0,0,0,0,0,1920,1871
org.mudebug.prapr.mutators.LocalToFieldAccessMutator_1,10204571,6688,0,0,1,1,1,5993,763
org.mudebug.prapr.mutators.FieldNameMutator_5,10210566,1777,0,0,0,0,0,0,710
org.mudebug.prapr.mutators.MethodNameMutator_3,10210568,244,0,0,0,0,0,3,187
org.pitest.mutationtest.engine.gregor.mutators.experimental.MemberVariableMutator,10210573,1777,0,0,0,0,0,52,645
org.pitest.mutationtest.engine.gregor.mutators.RemoveConditionalMutator_EQUAL_IF,10210627,5356,0,0,1,1,1,2539,87
org.pitest.mutationtest.engine.gregor.mutators.NonVoidMethodCallMutator,10213168,1560,0,0,0,1,1,230,184
org.mudebug.prapr.mutators.MethCallResultGuard_0,10213403,7059,0,0,0,0,0,0,547
org.mudebug.prapr.mutators.ArgumentListMutator_2,10213405,5356,0,0,0,0,0,0,215
org.pitest.mutationtest.engine.gregor.mutators.NegateConditionalsMutator,10213407,1560,0,0,0,0,0,210,189
org.mudebug.prapr.mutators.LocalToFieldAccessMutator_0,10213619,6728,0,0,1,1,1,2822,1407
org.mudebug.prapr.mutators.ArgumentListMutator_4,10216443,7059,0,0,1,1,1,5538,552
org.mudebug.prapr.mutators.FieldNameMutator_2,10221983,1777,0,0,0,0,0,35,660
org.mudebug.prapr.mutators.RelationalOperatorReplacement_0,10222020,4411,0,0,0,0,0,0,500
org.mudebug.prapr.mutators.ReturningDereferenceGuardMutator_3,10222024,1082,0,0,0,0,0,0,836
org.pitest.mutationtest.engine.gregor.mutators.NegateConditionalsMutator,10222026,7233,0,0,1,1,1,5227,287
org.mudebug.prapr.mutators.ReturningDereferenceGuardMutator_2,10227255,2459,0,0,0,0,0,0,58
org.mudebug.prapr.mutators.RelationalOperatorReplacement_3,10227257,7382,0,0,0,0,0,5,422
org.mudebug.prapr.mutators.DereferenceGuardMutator_3,10227264,1313,0,0,0,0,0,0,86
org.pitest.mutationtest.engine.gregor.mutators.RemoveConditionalMutator_EQUAL_ELSE,10227266,5358,0,0,0,0,0,9,736
org.mudebug.prapr.mutators.FieldNameMutator_0,10227277,1777,0,0,0,0,0,84,654
org.mudebug.prapr.mutators.NonVoidMethodCallGuardMutator_0,10227363,7063,0,0,0,0,0,0,609
org.pitest.mutationtest.engine.gregor.mutators.InlineConstantMutator,10227365,543,0,0,1,1,1,5365,85
org.pitest.mutationtest.engine.gregor.mutators.experimental.RemoveSwitchMutator_92,10232732,3584,0,0,0,0,0,1,901
org.mudebug.prapr.mutators.DereferenceGuardMutator_3,10232735,7505,0,0,0,0,0,0,467
org.mudebug.prapr.mutators.FieldNameMutator_3,10232739,7059,0,0,0,0,0,2,556
org.pitest.mutationtest.engine.gregor.mutators.RemoveConditionalMutator_EQUAL_IF,10232743,1564,0,0,0,0,0,205,262
org.mudebug.prapr.mutators.ArgumentListMutator_3,10232950,6684,0,0,0,0,0,4,697
org.mudebug.prapr.mutators.NonVoidMethodCallGuardMutator_0,10232956,6726,0,0,0,0,0,5,1383
org.mudebug.prapr.mutators.MethodNameMutator_3,10232963,495,0,0,0,1,1,5365,119
org.mudebug.prapr.mutators.NonVoidMethodCallGuardMutator_0,10238330,1245,0,0,0,0,0,0,713
org.mudebug.prapr.mutators.NonVoidMethodCallGuardMutator_0,10238332,7059,0,0,0,0,0,0,543
org.pitest.mutationtest.engine.gregor.mutators.NonVoidMethodCallMutator,10238334,5195,0,0,1,1,1,5152,102
org.mudebug.prapr.mutators.DereferenceGuardMutator_4,10243488,7063,0,0,0,0,0,0,602
org.mudebug.prapr.mutators.LocalToFieldAccessMutator_1,10243497,6743,0,0,1,1,1,2924,1878
org.pitest.mutationtest.engine.gregor.mutators.ArgumentPropagationMutator,10246423,1311,0,0,0,0,0,0,62
org.mudebug.prapr.mutators.LocalToFieldAccessMutator_4,10246425,6714,0,0,0,1,1,165,1161
org.pitest.mutationtest.engine.gregor.mutators.RemoveConditionalMutator_EQUAL_ELSE,10246592,7233,0,0,0,0,0,5,297
org.mudebug.prapr.mutators.MethodNameMutator_1,10246601,244,0,0,1,1,1,2584,180
org.mudebug.prapr.mutators.DereferenceGuardMutator_1,10249187,6728,0,0,0,0,0,0,1418
org.mudebug.prapr.mutators.LocalNameMutator_1,10249189,7764,0,0,1,1,1,5419,481
org.mudebug.prapr.mutators.FieldToLocalAccessMutator_0,10254612,7355,0,0,0,0,0,73,83
org.mudebug.prapr.mutators.RelationalOperatorReplacement_2,10254687,3489,0,0,0,0,0,0,255
org.mudebug.prapr.mutators.CaseBreakerMutator_4,10254689,495,0,0,0,0,0,1002,119
org.pitest.mutationtest.engine.gregor.mutators.RemoveConditionalMutator_EQUAL_ELSE,10255693,1564,0,0,0,0,0,90,262
org.pitest.mutationtest.engine.gregor.mutators.ReturnValsMutator,10255785,1804,0,0,0,0,0,2483,961
org.pitest.mutationtest.engine.gregor.mutators.RemoveConditionalMutator_EQUAL_IF,10258270,4411,0,0,0,0,0,89,487
org.pitest.mutationtest.engine.gregor.mutators.NonVoidMethodCallMutator,10258361,370,0,0,0,0,0,1734,815
org.mudebug.prapr.mutators.MethCallResultGuard_2,10260097,1106,0,0,0,0,0,0,1098
org.mudebug.prapr.mutators.ArgumentListMutator_2,10260099,7058,0,0,0,0,0,5,284
org.mudebug.prapr.mutators.NonVoidMethodCallGuardMutator_0,10260106,1143,0,0,0,0,0,0,1727
org.mudebug.prapr.mutators.NonVoidMethodCallGuardMutator_0,10260108,7383,0,0,0,0,0,0,460
org.mudebug.prapr.mutators.FieldToLocalAccessMutator_0,10260110,7302,0,0,0,0,0,8,105
org.mudebug.prapr.mutators.DereferenceGuardMutator_3,10260120,544,0,0,0,0,0,0,119
org.mudebug.prapr.mutators.LocalToFieldAccessMutator_3,10260122,6678,0,0,1,1,1,5985,602
org.mudebug.prapr.mutators.ArithmeticOperatorReplacement_0,10266109,6710,0,0,0,0,0,8,1071
org.mudebug.prapr.mutators.MethodNameMutator_2,10266119,1106,0,0,0,0,0,0,1102
org.mudebug.prapr.mutators.ArithmeticOperatorReplacement_3,10266121,6713,0,0,0,1,1,105,1152
org.mudebug.prapr.mutators.ArgumentListMutator_2,10266228,1042,0,0,0,0,0,0,231
org.mudebug.prapr.mutators.ArgumentListMutator_2,10266230,4157,0,0,1,1,1,4577,93
org.mudebug.prapr.mutators.NonVoidMethodCallGuardMutator_0,10270809,1052,0,0,0,0,0,0,407
org.mudebug.prapr.mutators.MethCallResultGuard_2,10270811,1234,0,0,0,0,0,0,276
org.pitest.mutationtest.engine.gregor.mutators.RemoveConditionalMutator_EQUAL_IF,10270813,4413,0,0,0,0,0,0,523
org.mudebug.prapr.mutators.MethodNameMutator_5,10270815,7557,0,0,0,0,0,0,76
org.mudebug.prapr.mutators.ArgumentListMutator_0,10270817,702,0,0,1,1,1,5195,41
org.pitest.mutationtest.engine.gregor.mutators.RemoveConditionalMutator_EQUAL_ELSE,10276014,1106,0,0,0,1,1,0,1185
org.mudebug.prapr.mutators.LocalNameMutator_0,10276016,247,0,0,0,0,0,2353,242
org.mudebug.prapr.mutators.NonVoidMethodCallGuardMutator_0,10278371,7247,0,0,0,0,0,0,598
org.mudebug.prapr.mutators.LocalNameMutator_1,10278373,7058,0,0,0,0,0,9,476
org.mudebug.prapr.mutators.LocalToFieldAccessMutator_3,10278384,6678,0,0,1,1,1,5950,610
org.mudebug.prapr.mutators.ArgumentListMutator_2,10284336,6704,0,0,1,1,1,49,908
org.mudebug.prapr.mutators.DereferenceGuardMutator_0,10284387,343,0,0,0,0,0,0,463
org.pitest.mutationtest.engine.gregor.mutators.experimental.RemoveSwitchMutator_31,10284389,6649,0,0,0,0,0,0,175
org.mudebug.prapr.mutators.MethCallResultGuard_0,10284391,5214,0,0,0,0,0,0,112
org.mudebug.prapr.mutators.ArgumentListMutator_4,10284393,7058,0,0,0,0,0,12,412
org.pitest.mutationtest.engine.gregor.mutators.RemoveConditionalMutator_EQUAL_ELSE,10284410,5359,0,0,0,1,1,9,794
org.mudebug.prapr.mutators.FieldAccessToMethodCallMutator_0,10284421,7204,0,0,0,0,0,0,134
org.mudebug.prapr.mutators.ReturningDereferenceGuardMutator_3,10284423,4260,0,0,0,0,0,0,453
org.pitest.mutationtest.engine.gregor.mutators.RemoveConditionalMutator_EQUAL_IF,10284425,1562,0,0,0,0,0,91,213
org.mudebug.prapr.mutators.LocalToFieldAccessMutator_3,10284518,6710,0,0,0,0,0,8,1063
org.mudebug.prapr.mutators.LocalNameMutator_0,10284528,242,0,0,0,0,0,2,157
org.pitest.mutationtest.engine.gregor.mutators.experimental.RemoveSwitchMutator_56,10284532,5356,0,0,0,0,0,0,117
org.mudebug.prapr.mutators.RelationalOperatorReplacement_2,10284534,5356,0,0,0,0,0,0,364
org.pitest.mutationtest.engine.gregor.mutators.NonVoidMethodCallMutator,10284536,7209,0,0,0,0,0,13,73
org.pitest.mutationtest.engine.gregor.mutators.InlineConstantMutator,10284551,7058,0,0,1,1,1,5538,317
org.mudebug.prapr.mutators.ReturningDereferenceGuardMutator_3,10290091,7061,0,0,0,0,0,0,573
org.pitest.mutationtest.engine.gregor.mutators.ReturnValsMutator,10290093,3636,0,0,1,1,1,2868,1691
org.mudebug.prapr.mutators.FieldNameMutator_1,10292963,7058,0,0,0,0,0,2268,524
org.mudebug.prapr.mutators.MethCallResultGuard_0,10295233,1245,0,0,0,0,0,0,713
org.mudebug.prapr.mutators.MethCallResultGuard_0,10295235,3664,0,0,0,0,0,0,2189
org.mudebug.prapr.mutators.FieldAccessToMethodCallMutator_2,10295237,1777,0,0,0,0,0,0,748
org.mudebug.prapr.mutators.RelationalOperatorReplacement_2,10295241,1234,0,0,0,1,1,17,267
org.mudebug.prapr.mutators.ReturningDereferenceGuardMutator_1,10295260,6674,0,0,0,0,0,0,563
org.pitest.mutationtest.engine.gregor.mutators.experimental.NakedReceiverMutator,10295262,551,0,0,0,0,0,17,212
org.mudebug.prapr.mutators.RelationalOperatorReplacement_1,10295281,7250,0,0,0,0,0,2060,655
org.pitest.mutationtest.engine.gregor.mutators.VoidMethodCallMutator,10297343,1046,0,0,0,0,0,0,306
org.mudebug.prapr.mutators.NonVoidMethodCallGuardMutator_0,10297345,1245,0,0,0,0,0,0,718
org.pitest.mutationtest.engine.gregor.mutators.NonVoidMethodCallMutator,10297347,3514,0,0,0,0,0,5,967
org.pitest.mutationtest.engine.gregor.mutators.NonVoidMethodCallMutator,10297354,3417,0,0,1,1,1,5202,88
org.pitest.mutationtest.engine.gregor.mutators.ReturnValsMutator,10302558,7112,0,0,0,0,0,33,1216
org.mudebug.prapr.mutators.MethCallResultGuard_1,10302593,1231,0,0,0,0,0,0,98
org.mudebug.prapr.mutators.DereferenceGuardMutator_3,10302595,1053,0,0,0,0,0,5,439
org.mudebug.prapr.mutators.LocalToFieldAccessMutator_1,10302602,551,0,0,0,0,0,1505,214
org.mudebug.prapr.mutators.RelationalOperatorReplacement_3,10304109,247,0,0,0,0,0,2,247
org.mudebug.prapr.mutators.MethodNameMutator_1,10304113,4679,0,0,0,0,0,26,115
org.mudebug.prapr.mutators.ReturningDereferenceGuardMutator_3,10304141,1311,0,0,0,0,0,0,63
org.mudebug.prapr.mutators.FieldNameMutator_1,10304143,7058,0,0,0,0,0,2258,534
org.pitest.mutationtest.engine.gregor.mutators.experimental.RemoveSwitchMutator_73,10306403,3636,0,0,0,0,0,0,1649
org.pitest.mutationtest.engine.gregor.mutators.InlineConstantMutator,10306405,6706,0,0,0,0,0,2,933
org.mudebug.prapr.mutators.RelationalOperatorReplacement_0,10306409,247,0,0,0,0,0,0,251
org.mudebug.prapr.mutators.MethodNameMutator_2,10306411,1052,0,1,1,1,1,2587,406
org.mudebug.prapr.mutators.LocalToFieldAccessMutator_0,10308999,6747,0,0,1,1,1,5538,1923
org.mudebug.prapr.mutators.NonVoidMethodCallGuardMutator_0,10314539,4411,0,0,0,0,0,0,472
org.mudebug.prapr.mutators.FieldNameMutator_2,10314541,6651,0,0,1,1,1,4556,382
org.pitest.mutationtest.engine.gregor.mutators.NonVoidMethodCallMutator,10319099,6976,0,0,0,0,0,57,91
org.mudebug.prapr.mutators.ArgumentListMutator_1,10319158,6737,0,0,0,0,0,0,1782
org.mudebug.prapr.mutators.ArgumentListMutator_1,10319160,7379,0,0,0,0,0,0,390
org.mudebug.prapr.mutators.ArgumentListMutator_0,10319162,517,0,0,1,1,1,5288,106
org.mudebug.prapr.mutators.FieldAccessToMethodCallMutator_2,10324452,6742,0,0,1,1,1,2939,1855
org.mudebug.prapr.mutators.MethodNameMutator_5,10327393,247,0,0,1,1,1,4269,239
org.mudebug.prapr.mutators.MethCallResultGuard_1,10331664,546,0,0,0,0,0,14,148
org.pitest.mutationtest.engine.gregor.mutators.experimental.NakedReceiverMutator,10331680,3569,0,0,0,0,0,28,494
org.pitest.mutationtest.engine.gregor.mutators.RemoveConditionalMutator_EQUAL_ELSE,10331710,7358,0,0,0,0,0,97,153
org.mudebug.prapr.mutators.MethodNameMutator_5,10331809,5214,0,0,0,0,0,26,112
org.pitest.mutationtest.engine.gregor.mutators.RemoveConditionalMutator_EQUAL_IF,10331837,5358,0,0,0,0,0,30,736
org.mudebug.prapr.mutators.DereferenceGuardMutator_0,10331869,4627,0,0,0,0,0,0,94
org.mudebug.prapr.mutators.ArgumentListMutator_5,10331871,7061,0,0,1,1,1,5538,576
org.mudebug.prapr.mutators.FieldNameMutator_0,10337411,1777,0,0,0,0,0,0,751
org.mudebug.prapr.mutators.RelationalOperatorReplacement_1,10337413,5356,0,0,0,0,0,0,344
org.mudebug.prapr.mutators.RelationalOperatorReplacement_2,10337415,244,0,0,0,0,0,23,181
org.mudebug.prapr.mutators.MethodNameMutator_0,10337440,1106,0,0,0,0,0,19,1196
org.mudebug.prapr.mutators.FieldNameMutator_3,10337461,1777,0,0,0,0,0,42,659
org.pitest.mutationtest.engine.gregor.mutators.NonVoidMethodCallMutator,10337505,7501,0,0,0,0,0,198,423
org.mudebug.prapr.mutators.DereferenceGuardMutator_4,10337705,6684,0,0,0,0,0,0,695
org.mudebug.prapr.mutators.FieldAccessToMethodCallMutator_0,10337707,1777,0,0,0,0,0,0,647
org.mudebug.prapr.mutators.ReturningDereferenceGuardMutator_3,10337709,7304,0,0,0,0,0,0,192
org.mudebug.prapr.mutators.FieldNameMutator_5,10337711,7058,0,0,0,0,0,136,484
org.mudebug.prapr.mutators.MethodNameMutator_5,10337849,6743,0,0,0,0,0,1834,1867
org.mudebug.prapr.mutators.ReturningDereferenceGuardMutator_0,10339685,1132,0,0,0,0,0,0,1627
org.mudebug.prapr.mutators.FieldNameMutator_4,10339687,1777,0,0,0,0,0,0,740
org.mudebug.prapr.mutators.LocalToFieldAccessMutator_3,10339689,6744,0,0,1,1,1,905,1894
org.mudebug.prapr.mutators.DereferenceGuardMutator_3,10340596,1129,0,0,0,0,0,0,1604
org.mudebug.prapr.mutators.FieldNameMutator_3,10340598,1777,0,0,0,0,0,76,655
org.mudebug.prapr.mutators.MethCallResultGuard_1,10340676,4411,0,0,0,0,0,0,493
org.pitest.mutationtest.engine.gregor.mutators.experimental.RemoveSwitchMutator_1,10340678,3563,0,0,0,0,0,11,293
org.mudebug.prapr.mutators.DereferenceGuardMutator_3,10340691,6718,0,0,0,0,0,0,1267
org.mudebug.prapr.mutators.NonVoidMethodCallGuardMutator_0,10340693,370,0,0,0,0,0,5,814
org.pitest.mutationtest.engine.gregor.mutators.NonVoidMethodCallMutator,10340700,7052,0,0,0,0,0,2263,136
org.mudebug.prapr.mutators.FieldAccessToMethodCallMutator_4,10342965,1777,0,0,0,0,0,5,649
org.pitest.mutationtest.engine.gregor.mutators.RemoveConditionalMutator_ORDER_IF,10342972,3651,0,0,1,1,1,2723,1953
org.mudebug.prapr.mutators.FieldAccessToMethodCallMutator_0,10345697,6721,0,0,0,0,0,1,1331
org.pitest.mutationtest.engine.gregor.mutators.ReturnValsMutator,10345700,6689,0,0,1,1,1,5192,779
org.mudebug.prapr.mutators.ArgumentListMutator_0,10350894,7784,0,0,0,1,1,2581,355
org.mudebug.prapr.mutators.MethodNameMutator_3,10353477,1234,0,0,1,1,1,30,272
org.pitest.mutationtest.engine.gregor.mutators.RemoveConditionalMutator_EQUAL_IF,10353511,1132,0,0,0,0,0,2188,1627
org.pitest.mutationtest.engine.gregor.mutators.NegateConditionalsMutator,10360767,7247,0,0,1,1,1,5538,597
org.pitest.mutationtest.engine.gregor.mutators.NonVoidMethodCallMutator,10366307,7241,0,0,0,0,0,23,429
org.mudebug.prapr.mutators.MethodNameMutator_4,10366332,4411,0,0,1,1,1,4269,493
org.mudebug.prapr.mutators.MethodNameMutator_0,10370603,517,0,0,0,0,0,1393,96
org.mudebug.prapr.mutators.FieldNameMutator_3,10371998,1777,0,0,0,0,0,0,671
org.mudebug.prapr.mutators.LocalNameMutator_0,10372000,1245,0,0,0,1,1,10,800
org.mudebug.prapr.mutators.MethCallResultGuard_2,10372012,7059,0,0,0,0,0,0,546
org.mudebug.prapr.mutators.RelationalOperatorReplacement_2,10372014,159,0,0,0,1,1,1,649
org.mudebug.prapr.mutators.ReturningDereferenceGuardMutator_2,10372017,543,0,0,0,0,0,0,90
org.mudebug.prapr.mutators.FieldNameMutator_0,10372019,1777,0,0,0,0,0,0,675
org.mudebug.prapr.mutators.ReturningDereferenceGuardMutator_0,10372021,6684,0,0,0,0,0,4,695
org.mudebug.prapr.mutators.MethodNameMutator_9,10372027,3626,0,0,1,1,1,4269,1516
org.mudebug.prapr.mutators.ArgumentListMutator_3,10376298,7052,0,0,1,1,1,5538,132
org.mudebug.prapr.mutators.MethodNameMutator_0,10381838,6691,0,0,1,1,1,4181,800
org.mudebug.prapr.mutators.RelationalOperatorReplacement_3,10386021,333,0,0,0,0,0,9,364
org.mudebug.prapr.mutators.FieldNameMutator_0,10386032,6684,0,0,0,0,0,125,713
org.mudebug.prapr.mutators.ArgumentListMutator_2,10386159,5356,0,0,1,1,1,251,513
org.pitest.mutationtest.engine.gregor.mutators.experimental.RemoveSwitchMutator_36,10386412,3584,0,0,1,1,1,309,901
org.pitest.mutationtest.engine.gregor.mutators.NullReturnValsMutator,10386723,1231,0,0,0,0,0,8,69
org.pitest.mutationtest.engine.gregor.mutators.NegateConditionalsMutator,10386733,244,0,0,1,1,1,1151,187
org.pitest.mutationtest.engine.gregor.mutators.RemoveConditionalMutator_EQUAL_IF,10387886,3563,0,0,0,1,1,68,307
org.mudebug.prapr.mutators.ReturningDereferenceGuardMutator_0,10387956,343,0,0,0,0,0,0,463
org.mudebug.prapr.mutators.LocalToFieldAccessMutator_0,10387960,7107,0,0,1,1,1,5538,1137
org.mudebug.prapr.mutators.FieldAccessToMethodCallMutator_4,10393500,6732,0,0,0,0,0,0,1596
org.pitest.mutationtest.engine.gregor.mutators.InlineConstantMutator,10393502,6684,0,0,0,0,0,0,695
org.mudebug.prapr.mutators.FieldNameMutator_1,10393504,6678,0,0,1,1,1,5445,603
org.mudebug.prapr.mutators.NonVoidMethodCallGuardMutator_0,10398951,7233,0,0,0,0,0,0,291
org.pitest.mutationtest.engine.gregor.mutators.NonVoidMethodCallMutator,10398953,3249,0,0,0,0,0,0,97
org.mudebug.prapr.mutators.VoidMethodCallGuardMutator,10398955,1042,0,0,0,0,0,0,231
org.mudebug.prapr.mutators.LocalNameMutator_0,10398957,3611,0,0,0,0,0,0,1331
org.mudebug.prapr.mutators.FieldAccessToMethodCallMutator_0,10398959,1777,0,0,0,0,0,0,642
org.mudebug.prapr.mutators.ArithmeticOperatorReplacement_4,10398961,5219,0,0,1,1,1,294,181
org.pitest.mutationtest.engine.gregor.mutators.VoidMethodCallMutator,10399257,6651,0,0,0,0,0,23,377
org.mudebug.prapr.mutators.RelationalOperatorReplacement_1,10399282,5357,0,0,0,0,0,3,703
org.pitest.mutationtest.engine.gregor.mutators.InlineConstantMutator,10399287,7058,0,0,1,1,1,5538,425
org.pitest.mutationtest.engine.gregor.mutators.RemoveConditionalMutator_EQUAL_ELSE,10404831,6976,0,0,0,0,0,1,88
org.mudebug.prapr.mutators.VoidMethodCallGuardMutator,10404834,551,0,0,0,0,0,23,215
org.pitest.mutationtest.engine.gregor.mutators.InlineConstantMutator,10404859,4626,0,0,0,0,0,1,82
org.mudebug.prapr.mutators.FieldNameMutator_1,10404862,6743,0,0,0,0,0,1920,1871
org.mudebug.prapr.mutators.LocalNameMutator_0,10406784,7058,0,0,0,0,0,2,534
org.pitest.mutationtest.engine.gregor.mutators.RemoveConditionalMutator_EQUAL_ELSE,10406788,6684,0,0,0,0,0,108,711
org.mudebug.prapr.mutators.RelationalOperatorReplacement_3,10406898,334,0,0,0,0,0,4,382
org.pitest.mutationtest.engine.gregor.mutators.experimental.RemoveSwitchMutator_63,10406904,3636,0,0,0,0,0,0,1649
org.mudebug.prapr.mutators.RelationalOperatorReplacement_2,10406906,3651,0,0,0,0,0,790,1953
org.mudebug.prapr.mutators.RelationalOperatorReplacement_3,10407698,159,0,0,0,0,0,0,649
org.pitest.mutationtest.engine.gregor.mutators.experimental.RemoveSwitchMutator_91,10407700,3584,0,0,0,0,0,7,901
org.pitest.mutationtest.engine.gregor.mutators.InlineConstantMutator,10407709,7505,0,0,1,1,1,5538,467
org.mudebug.prapr.mutators.LocalNameMutator_1,10413249,5356,0,0,0,0,0,7,93
org.mudebug.prapr.mutators.ArgumentListMutator_5,10413258,1044,0,0,0,1,1,4566,284
org.mudebug.prapr.mutators.RelationalOperatorReplacement_0,10417826,6899,0,0,1,1,1,5538,324
org.pitest.mutationtest.engine.gregor.mutators.RemoveConditionalMutator_EQUAL_ELSE,10423366,1564,0,0,0,0,0,205,262
org.mudebug.prapr.mutators.MethodNameMutator_1,10423573,3592,0,0,0,0,0,293,1084
org.mudebug.prapr.mutators.LocalNameMutator_0,10423868,4411,0,0,0,0,0,46,502
org.pitest.mutationtest.engine.gregor.mutators.ArgumentPropagationMutator,10423916,3249,0,0,0,0,0,1218,103
org.mudebug.prapr.mutators.LocalToFieldAccessMutator_1,10425136,547,0,0,0,0,0,127,167
org.mudebug.prapr.mutators.FieldNameMutator_1,10425265,7058,0,0,1,1,1,5538,422
org.mudebug.prapr.mutators.MethodNameMutator_3,10430805,1234,0,0,0,0,0,7,283
org.pitest.mutationtest.engine.gregor.mutators.NonVoidMethodCallMutator,10430817,347,0,0,0,0,0,25,537
org.mudebug.prapr.mutators.LocalToFieldAccessMutator_2,10430844,6728,0,0,0,1,1,2812,1407
org.mudebug.prapr.mutators.RelationalOperatorReplacement_3,10433658,6715,0,0,0,0,0,5,1173
org.mudebug.prapr.mutators.LocalToFieldAccessMutator_0,10433665,6697,0,0,1,1,1,49,849
org.pitest.mutationtest.engine.gregor.mutators.NonVoidMethodCallMutator,10433716,561,0,0,1,1,1,5320,1206
org.mudebug.prapr.mutators.NonVoidMethodCallGuardMutator_0,10439038,7205,0,0,0,0,0,0,141
org.pitest.mutationtest.engine.gregor.mutators.InlineConstantMutator,10439040,4411,0,0,0,0,0,28,476
org.mudebug.prapr.mutators.RelationalOperatorReplacement_3,10439070,6931,0,0,0,0,0,14,865
org.mudebug.prapr.mutators.LocalToFieldAccessMutator_0,10439086,7106,0,0,1,1,1,5538,1128
org.mudebug.prapr.mutators.ReturningDereferenceGuardMutator_0,10444626,7303,0,0,0,0,0,0,160
org.pitest.mutationtest.engine.gregor.mutators.NonVoidMethodCallMutator,10444628,6744,0,0,0,0,0,4,1889
org.mudebug.prapr.mutators.FieldNameMutator_2,10444634,7058,0,0,0,0,0,2319,354
org.mudebug.prapr.mutators.LocalNameMutator_1,10446955,1234,0,0,0,0,0,0,277
org.mudebug.prapr.mutators.ReturningDereferenceGuardMutator_2,10446957,1053,0,0,0,0,0,5,431
org.mudebug.prapr.mutators.DereferenceGuardMutator_3,10446964,1042,0,0,0,0,0,5,229
org.mudebug.prapr.mutators.FieldAccessToMethodCallMutator_0,10446971,4626,0,0,0,0,0,5,70
org.mudebug.prapr.mutators.FieldNameMutator_3,10446978,7059,0,0,0,0,0,5,559
org.mudebug.prapr.mutators.NonVoidMethodCallGuardMutator_0,10446985,547,0,0,0,0,0,0,160
org.pitest.mutationtest.engine.gregor.mutators.NegateConditionalsMutator,10446987,6706,0,0,0,1,1,24,973
org.mudebug.prapr.mutators.ArgumentListMutator_2,10447013,4411,0,0,0,0,0,23,471
org.pitest.mutationtest.engine.gregor.mutators.experimental.MemberVariableMutator,10447038,4626,0,0,0,0,0,5,62
org.mudebug.prapr.mutators.RelationalOperatorReplacement_2,10447045,7302,0,0,0,0,0,1940,105
org.pitest.mutationtest.engine.gregor.mutators.NullReturnValsMutator,10448987,7202,0,0,1,1,1,5538,126
org.pitest.mutationtest.engine.gregor.mutators.experimental.MemberVariableMutator,10454527,6859,0,0,0,0,0,0,71
org.mudebug.prapr.mutators.DereferenceGuardMutator_0,10454529,1101,0,0,0,0,0,0,1022
org.mudebug.prapr.mutators.LocalNameMutator_0,10454531,1234,0,0,1,1,1,3,312
org.mudebug.prapr.mutators.LocalToFieldAccessMutator_0,10454536,6721,0,0,1,1,1,1745,1331
org.mudebug.prapr.mutators.FieldAccessToMethodCallMutator_3,10456283,1777,0,0,0,0,0,0,740
org.mudebug.prapr.mutators.LocalToFieldAccessMutator_0,10456285,1562,0,0,0,0,0,31,223
org.mudebug.prapr.mutators.MethCallResultGuard_0,10456318,369,0,0,0,0,0,0,807
org.mudebug.prapr.mutators.MethodNameMutator_8,10456320,7241,0,0,0,0,0,0,435
org.mudebug.prapr.mutators.VoidMethodCallGuardMutator,10456324,1234,0,0,0,0,0,0,313
org.mudebug.prapr.mutators.ArithmeticOperatorReplacement_0,10456326,553,0,0,0,0,0,40,267
org.mudebug.prapr.mutators.ArgumentListMutator_5,10456368,1053,0,0,1,1,1,4574,430
org.mudebug.prapr.mutators.MethodNameMutator_4,10460944,7086,0,0,0,0,0,0,892
org.pitest.mutationtest.engine.gregor.mutators.RemoveConditionalMutator_EQUAL_ELSE,10460946,7064,0,0,1,1,1,5538,617
org.pitest.mutationtest.engine.gregor.mutators.ReturnValsMutator,10466486,7304,0,0,0,0,0,2208,192
org.mudebug.prapr.mutators.RelationalOperatorReplacement_1,10468696,1554,0,0,0,0,0,0,139
org.pitest.mutationtest.engine.gregor.mutators.experimental.RemoveSwitchMutator_38,10468698,555,0,0,0,0,0,0,872
org.mudebug.prapr.mutators.MethodNameMutator_3,10468700,6728,0,0,0,1,1,2803,1407
org.mudebug.prapr.mutators.RelationalOperatorReplacement_2,10471505,3675,0,0,0,0,0,23,2354
org.mudebug.prapr.mutators.MethCallResultGuard_1,10471530,7764,0,0,0,0,0,5,462
org.pitest.mutationtest.engine.gregor.mutators.ReturnValsMutator,10471537,6176,0,0,0,1,1,223,577
org.mudebug.prapr.mutators.MethCallResultGuard_1,10471762,1042,0,0,0,0,0,0,243
org.mudebug.prapr.mutators.LocalNameMutator_0,10471764,6678,0,0,1,1,1,4953,607
org.mudebug.prapr.mutators.DereferenceGuardMutator_2,10476719,6728,0,0,0,0,0,0,1420
org.mudebug.prapr.mutators.FieldNameMutator_2,10476721,7059,0,0,0,0,0,7,558
org.mudebug.prapr.mutators.ReturningDereferenceGuardMutator_3,10476730,6687,0,0,0,0,0,0,756
org.mudebug.prapr.mutators.LocalNameMutator_1,10476734,7058,0,0,0,0,0,11,394
org.mudebug.prapr.mutators.MethodNameMutator_0,10476747,159,0,0,0,0,0,0,649
org.pitest.mutationtest.engine.gregor.mutators.VoidMethodCallMutator,10476749,7058,0,0,0,0,0,3,394
org.mudebug.prapr.mutators.LocalNameMutator_0,10476754,4411,0,0,1,1,1,4269,494
org.pitest.mutationtest.engine.gregor.mutators.experimental.MemberVariableMutator,10481025,1777,0,0,0,0,0,84,654
org.pitest.mutationtest.engine.gregor.mutators.NegateConditionalsMutator,10481114,1788,0,0,1,1,1,4520,856
org.mudebug.prapr.mutators.VoidMethodCallGuardMutator,10485636,7058,0,0,0,0,0,5,314
org.mudebug.prapr.mutators.MethodNameMutator_6,10485643,1236,1,0,0,1,1,15,521
org.pitest.mutationtest.engine.gregor.mutators.RemoveConditionalMutator_EQUAL_IF,10485660,334,0,0,0,0,0,21,382
org.mudebug.prapr.mutators.RelationalOperatorReplacement_0,10485683,7215,0,0,0,0,0,779,132
org.mudebug.prapr.mutators.MethCallResultGuard_0,10486464,7060,0,0,0,0,0,0,569
org.mudebug.prapr.mutators.FieldToLocalAccessMutator_1,10486466,6743,0,0,0,0,0,1091,1869
org.mudebug.prapr.mutators.FieldNameMutator_5,10487559,1777,0,0,0,0,0,0,662
org.mudebug.prapr.mutators.ReturningDereferenceGuardMutator_4,10487561,6696,0,0,0,0,0,0,837
org.mudebug.prapr.mutators.MethodNameMutator_0,10487563,1118,0,0,0,0,0,3,1425
org.mudebug.prapr.mutators.MethCallResultGuard_2,10487570,6728,0,0,0,0,0,0,1407
org.mudebug.prapr.mutators.FieldAccessToMethodCallMutator_2,10487572,1777,0,0,0,0,0,0,648
org.mudebug.prapr.mutators.VoidMethodCallGuardMutator,10487574,7059,0,0,0,0,0,0,554
org.mudebug.prapr.mutators.LocalToFieldAccessMutator_2,10487576,7302,0,0,0,0,0,1940,105
org.mudebug.prapr.mutators.DereferenceGuardMutator_3,10489518,5356,0,0,0,0,0,5,115
org.mudebug.prapr.mutators.MethodNameMutator_0,10489525,347,0,0,0,0,0,8,516
org.pitest.mutationtest.engine.gregor.mutators.VoidMethodCallMutator,10489535,3387,0,0,1,1,1,212,58
org.mudebug.prapr.mutators.MethCallResultGuard_0,10489749,495,0,0,0,0,0,0,229
org.mudebug.prapr.mutators.FieldNameMutator_0,10489751,1777,0,0,0,0,0,1,700
org.mudebug.prapr.mutators.ArgumentListMutator_0,10489754,6725,0,0,0,1,1,0,1369
org.mudebug.prapr.mutators.NonVoidMethodCallGuardMutator_0,10489756,4257,0,0,0,0,0,0,409
org.mudebug.prapr.mutators.FieldNameMutator_2,10489758,7058,0,0,0,0,0,228,524
org.mudebug.prapr.mutators.MethCallResultGuard_0,10489988,7106,0,0,0,0,0,0,1128
org.mudebug.prapr.mutators.ReturningDereferenceGuardMutator_3,10489990,1042,0,0,0,0,0,5,256
org.mudebug.prapr.mutators.LocalToFieldAccessMutator_3,10489997,6728,0,0,1,1,1,2825,1407
org.mudebug.prapr.mutators.MethodNameMutator_7,10492824,517,0,0,0,0,0,1412,95
org.pitest.mutationtest.engine.gregor.mutators.BooleanTrueReturnValsMutator,10494238,4680,0,0,0,0,0,1713,120
org.mudebug.prapr.mutators.FieldNameMutator_4,10495953,7058,0,0,1,1,1,5538,409
org.mudebug.prapr.mutators.FieldNameMutator_0,10501493,6698,0,0,0,1,1,176,859
org.mudebug.prapr.mutators.ArithmeticOperatorReplacement_2,10501671,6710,0,0,0,0,0,8,1071
org.mudebug.prapr.mutators.DereferenceGuardMutator_1,10501689,6689,0,0,0,0,0,0,779
org.mudebug.prapr.mutators.FieldNameMutator_4,10501691,7058,0,0,1,1,1,5538,399
org.mudebug.prapr.mutators.LocalToFieldAccessMutator_1,10507231,6695,0,0,0,1,1,504,831
org.mudebug.prapr.mutators.RelationalOperatorReplacement_2,10507737,551,0,0,1,1,1,5354,212
org.mudebug.prapr.mutators.ReturningDereferenceGuardMutator_2,10513093,7684,0,0,0,0,0,0,83
org.mudebug.prapr.mutators.DereferenceGuardMutator_3,10513095,347,0,0,0,0,0,22,522
org.mudebug.prapr.mutators.ReturningDereferenceGuardMutator_2,10513119,6688,0,0,0,0,0,0,764
org.mudebug.prapr.mutators.ArgumentListMutator_4,10513121,1564,0,0,0,0,0,90,262
org.mudebug.prapr.mutators.ArgumentListMutator_0,10513213,7059,0,0,1,1,1,5538,544
org.mudebug.prapr.mutators.ReturningDereferenceGuardMutator_1,10518753,332,0,0,0,0,0,0,346
org.mudebug.prapr.mutators.ArgumentListMutator_4,10518755,1042,0,0,1,1,1,5291,262
org.mudebug.prapr.mutators.RelationalOperatorReplacement_0,10524048,1234,0,0,1,1,1,6,283
org.mudebug.prapr.mutators.ReturningDereferenceGuardMutator_3,10524056,3243,0,0,0,0,0,0,73
org.pitest.mutationtest.engine.gregor.mutators.NonVoidMethodCallMutator,10524058,1046,0,0,1,1,1,4574,328
org.mudebug.prapr.mutators.LocalToFieldAccessMutator_3,10528634,6688,0,0,1,1,1,5430,763
org.mudebug.prapr.mutators.MethodNameMutator_7,10534066,1118,0,0,0,0,0,107,1425
org.pitest.mutationtest.engine.gregor.mutators.NegateConditionalsMutator,10534175,5356,0,0,0,1,1,93,432
org.mudebug.prapr.mutators.ReturningDereferenceGuardMutator_1,10534270,6683,0,0,0,0,0,1,683
org.pitest.mutationtest.engine.gregor.mutators.experimental.MemberVariableMutator,10534273,7613,0,0,0,0,0,0,60
org.mudebug.prapr.mutators.LocalToFieldAccessMutator_1,10534275,6683,0,0,1,1,1,945,682
org.mudebug.prapr.mutators.FieldNameMutator_0,10535222,7059,0,0,0,0,0,2,555
org.mudebug.prapr.mutators.FieldAccessToMethodCallMutator_1,10535226,6728,0,0,0,1,1,2559,1418
org.mudebug.prapr.mutators.MethodNameMutator_1,10537787,242,0,0,0,0,0,1225,150
org.mudebug.prapr.mutators.LocalNameMutator_2,10539014,7058,0,0,0,0,0,0,321
org.mudebug.prapr.mutators.ArgumentListMutator_3,10539016,3240,0,0,0,0,0,1290,38
org.mudebug.prapr.mutators.NonVoidMethodCallGuardMutator_0,10540308,6710,0,0,0,0,0,0,1070
org.pitest.mutationtest.engine.gregor.mutators.experimental.RemoveSwitchMutator_51,10540310,3584,0,0,0,0,0,0,901
org.mudebug.prapr.mutators.VoidMethodCallGuardMutator,10540312,7058,0,0,0,0,0,0,251
org.mudebug.prapr.mutators.ReturningDereferenceGuardMutator_2,10540314,6684,0,0,0,0,0,4,711
org.mudebug.prapr.mutators.ArithmeticOperatorDeletion_1,10540320,6713,0,0,0,0,0,5,1152
org.mudebug.prapr.mutators.RelationalOperatorReplacement_1,10540327,3651,0,0,0,0,0,5,1953
org.mudebug.prapr.mutators.MethodNameMutator_2,10540334,333,0,0,0,0,0,4,364
org.mudebug.prapr.mutators.NonVoidMethodCallGuardMutator_0,10540340,1560,0,0,0,0,0,0,184
org.mudebug.prapr.mutators.DereferenceGuardMutator_0,10540342,7231,0,0,0,0,0,0,263
org.mudebug.prapr.mutators.DereferenceGuardMutator_4,10540344,6678,0,0,0,0,0,0,603
org.mudebug.prapr.mutators.FieldNameMutator_0,10540346,7058,0,0,0,0,0,2295,405
org.mudebug.prapr.mutators.MethCallResultGuard_2,10542643,1236,1,0,0,0,0,0,522
org.mudebug.prapr.mutators.FieldNameMutator_1,10542645,1777,0,0,0,0,0,0,693
org.mudebug.prapr.mutators.RelationalOperatorReplacement_2,10542647,553,0,0,0,0,0,5,263
org.pitest.mutationtest.engine.gregor.mutators.RemoveConditionalMutator_EQUAL_IF,10542654,6732,0,0,0,0,0,6,1618
org.mudebug.prapr.mutators.FieldToLocalAccessMutator_2,10542662,6652,0,0,1,1,1,5084,403
org.mudebug.prapr.mutators.FieldToLocalAccessMutator_0,10547748,3411,0,0,1,1,1,5207,43
org.mudebug.prapr.mutators.FieldNameMutator_3,10552957,1777,0,0,0,0,0,0,559
org.mudebug.prapr.mutators.MethCallResultGuard_0,10552959,347,0,0,0,0,0,0,544
org.pitest.mutationtest.engine.gregor.mutators.RemoveConditionalMutator_ORDER_IF,10552961,5375,0,0,0,0,0,0,1033
org.mudebug.prapr.mutators.MethodNameMutator_4,10552963,1248,0,0,1,1,1,63,870
org.pitest.mutationtest.engine.gregor.mutators.RemoveConditionalMutator_EQUAL_IF,10553028,5209,0,0,0,0,0,5,288
org.pitest.mutationtest.engine.gregor.mutators.NullReturnValsMutator,10553035,7106,0,0,0,0,0,1735,1128
org.mudebug.prapr.mutators.LocalNameMutator_0,10554772,6651,0,0,1,1,1,4462,382
org.pitest.mutationtest.engine.gregor.mutators.RemoveConditionalMutator_EQUAL_ELSE,10559236,6706,0,0,0,0,0,0,1029
org.pitest.mutationtest.engine.gregor.mutators.experimental.RemoveSwitchMutator_19,10559238,555,0,0,0,0,0,10,872
org.mudebug.prapr.mutators.LocalToFieldAccessMutator_3,10559250,6689,0,0,0,1,1,8,778
org.pitest.mutationtest.engine.gregor.mutators.ReturnValsMutator,10559260,3587,0,0,0,0,0,762,1030
org.mudebug.prapr.mutators.NonVoidMethodCallGuardMutator_0,10560026,495,0,0,0,0,0,0,268
org.mudebug.prapr.mutators.MethodNameMutator_0,10560028,5356,0,0,0,1,1,94,440
org.pitest.mutationtest.engine.gregor.mutators.ReturnValsMutator,10560124,6699,0,0,0,0,0,73,863
org.mudebug.prapr.mutators.FieldNameMutator_0,10560199,4260,0,0,0,0,0,122,453
org.mudebug.prapr.mutators.RelationalOperatorReplacement_0,10560323,7259,0,0,0,0,0,0,823
org.mudebug.prapr.mutators.LocalToFieldAccessMutator_3,10560325,6749,0,0,1,1,1,5426,1961
org.mudebug.prapr.mutators.MethCallResultGuard_1,10565753,7059,0,0,0,0,0,0,564
org.mudebug.prapr.mutators.NonVoidMethodCallGuardMutator_0,10565755,6706,0,0,0,0,0,0,931
org.mudebug.prapr.mutators.NonVoidMethodCallGuardMutator_0,10565757,347,0,0,0,0,0,0,539
org.mudebug.prapr.mutators.MethCallResultGuard_2,10565759,561,0,0,0,0,0,5,1206
org.mudebug.prapr.mutators.DereferenceGuardMutator_0,10565766,1041,0,0,0,0,0,0,220
org.mudebug.prapr.mutators.ArgumentListMutator_2,10565768,6737,0,0,0,0,0,0,1782
org.mudebug.prapr.mutators.LocalToFieldAccessMutator_1,10565770,1049,0,0,1,1,1,4574,368
org.mudebug.prapr.mutators.LocalNameMutator_0,10570346,5356,0,0,0,0,0,0,88
org.mudebug.prapr.mutators.ReturningDereferenceGuardMutator_0,10570348,1834,0,0,0,0,0,5,78
org.pitest.mutationtest.engine.gregor.mutators.InlineConstantMutator,10570355,7131,0,0,1,1,1,5538,71
org.mudebug.prapr.mutators.DereferenceGuardMutator_0,10575895,6684,0,0,0,0,0,4,697
org.pitest.mutationtest.engine.gregor.mutators.experimental.NakedReceiverMutator,10575901,6725,0,0,0,1,1,0,1369
org.mudebug.prapr.mutators.ArgumentListMutator_2,10575903,5212,0,0,0,0,0,0,64
org.pitest.mutationtest.engine.gregor.mutators.NonVoidMethodCallMutator,10575905,2306,0,0,0,0,0,2,41
org.mudebug.prapr.mutators.LocalToFieldAccessMutator_2,10575909,6706,0,0,1,1,1,49,1030
org.mudebug.prapr.mutators.FieldAccessToMethodCallMutator_1,10575960,1777,0,0,0,0,0,0,685
org.mudebug.prapr.mutators.ReturningDereferenceGuardMutator_1,10575962,1053,0,0,0,0,0,0,441
org.mudebug.prapr.mutators.DereferenceGuardMutator_0,10575970,6684,0,0,0,0,0,0,711
org.mudebug.prapr.mutators.ReturningDereferenceGuardMutator_4,10575972,2459,0,0,0,0,0,0,60
org.mudebug.prapr.mutators.FieldToLocalAccessMutator_0,10575974,6672,0,0,1,1,1,4980,552
org.pitest.mutationtest.engine.gregor.mutators.VoidMethodCallMutator,10580956,6750,0,0,0,0,0,1413,1968
org.mudebug.prapr.mutators.ArgumentListMutator_5,10582371,6725,0,0,0,1,1,0,1369
org.mudebug.prapr.mutators.LocalToFieldAccessMutator_1,10582373,6742,0,0,1,1,1,2939,1853
org.mudebug.prapr.mutators.MethCallResultGuard_1,10585314,7058,0,0,0,0,0,0,357
org.mudebug.prapr.mutators.RelationalOperatorReplacement_1,10585316,1234,0,0,1,1,1,12,283
org.pitest.mutationtest.engine.gregor.mutators.RemoveConditionalMutator_EQUAL_ELSE,10585330,333,0,0,0,0,0,1,373
org.mudebug.prapr.mutators.DereferenceGuardMutator_4,10585333,556,0,0,0,0,0,0,1186
org.mudebug.prapr.mutators.FieldNameMutator_0,10585335,6168,0,0,0,0,0,0,479
org.pitest.mutationtest.engine.gregor.mutators.NonVoidMethodCallMutator,10585337,7383,0,0,0,0,0,0,460
org.mudebug.prapr.mutators.LocalToFieldAccessMutator_2,10585339,6728,0,0,0,1,1,2578,1420
org.mudebug.prapr.mutators.LocalNameMutator_1,10587919,1246,0,0,1,1,1,22,820
org.mudebug.prapr.mutators.FieldAccessToMethodCallMutator_1,10587943,1129,0,0,1,1,1,5308,1604
org.mudebug.prapr.mutators.RelationalOperatorReplacement_0,10593253,6706,0,0,1,1,1,59,930
org.mudebug.prapr.mutators.RelationalOperatorReplacement_3,10593314,3664,0,0,0,0,0,66,2190
org.mudebug.prapr.mutators.RelationalOperatorReplacement_1,10593382,3563,0,0,0,1,1,70,307
org.mudebug.prapr.mutators.FieldToLocalAccessMutator_0,10593454,7131,0,0,0,0,0,3,76
org.mudebug.prapr.mutators.DereferenceGuardMutator_0,10593459,4169,0,0,0,0,0,0,193
org.mudebug.prapr.mutators.FieldNameMutator_0,10593461,1777,0,0,0,0,0,84,636
org.mudebug.prapr.mutators.LocalToFieldAccessMutator_0,10593547,6732,0,0,1,1,1,2821,1624
org.mudebug.prapr.mutators.ReturningDereferenceGuardMutator_0,10596373,7627,0,0,0,0,0,0,159
org.mudebug.prapr.mutators.FieldAccessToMethodCallMutator_1,10596375,6742,0,0,1,1,1,2939,1854
org.mudebug.prapr.mutators.LocalNameMutator_0,10599320,6684,0,0,1,1,1,741,706
org.mudebug.prapr.mutators.FieldNameMutator_0,10600066,7215,0,0,1,1,1,5538,108
org.mudebug.prapr.mutators.RelationalOperatorReplacement_1,10605606,6728,0,0,0,1,1,2810,1407
org.mudebug.prapr.mutators.MethodNameMutator_9,10608418,1563,0,0,0,0,0,1,245
org.mudebug.prapr.mutators.NonVoidMethodCallGuardMutator_0,10608421,556,0,0,0,0,0,0,1186
org.mudebug.prapr.mutators.ArithmeticOperatorReplacement_4,10608423,553,0,0,0,0,0,196,267
org.mudebug.prapr.mutators.LocalToFieldAccessMutator_3,10608624,6711,0,0,0,0,0,13,1133
org.pitest.mutationtest.engine.gregor.mutators.VoidMethodCallMutator,10608639,4411,0,0,0,0,0,0,500
org.mudebug.prapr.mutators.FieldNameMutator_0,10608641,1777,0,0,0,0,0,0,683
org.mudebug.prapr.mutators.FieldNameMutator_4,10608643,1777,0,0,0,0,0,0,635
org.mudebug.prapr.mutators.RelationalOperatorReplacement_3,10608645,7265,0,0,0,0,0,0,867
org.mudebug.prapr.mutators.DereferenceGuardMutator_3,10608647,6721,0,0,0,0,0,0,1331
org.pitest.mutationtest.engine.gregor.mutators.NullReturnValsMutator,10608649,6718,0,0,1,1,1,4953,1267
org.mudebug.prapr.mutators.FieldNameMutator_4,10613604,1777,0,0,0,0,0,74,730
org.mudebug.prapr.mutators.RelationalOperatorReplacement_3,10613682,1562,0,0,0,0,0,16,209
org.mudebug.prapr.mutators.FieldNameMutator_2,10613700,7058,0,0,0,0,0,223,490
org.mudebug.prapr.mutators.FieldNameMutator_3,10613925,504,0,0,0,0,0,5,83
org.mudebug.prapr.mutators.DereferenceGuardMutator_3,10613932,1106,0,0,0,0,0,0,1200
org.pitest.mutationtest.engine.gregor.mutators.NegateConditionalsMutator,10613934,334,0,0,0,0,0,68,382
org.pitest.mutationtest.engine.gregor.mutators.RemoveConditionalMutator_ORDER_IF,10614004,2459,0,0,0,0,0,1930,61
org.mudebug.prapr.mutators.LocalNameMutator_0,10615936,5356,0,0,0,1,1,195,368
org.mudebug.prapr.mutators.LocalNameMutator_0,10616133,1245,0,0,0,0,0,0,749
org.mudebug.prapr.mutators.FieldAccessToMethodCallMutator_0,10616135,6732,0,0,0,0,0,0,1596
org.pitest.mutationtest.engine.gregor.mutators.VoidMethodCallMutator,10616137,242,0,0,0,0,0,0,156
org.mudebug.prapr.mutators.FieldNameMutator_4,10616139,1777,0,0,0,0,0,0,82
org.mudebug.prapr.mutators.MethCallResultGuard_0,10616141,7058,0,0,0,0,0,0,494
org.mudebug.prapr.mutators.LocalToFieldAccessMutator_3,10616143,6695,0,0,1,1,1,5393,831
org.mudebug.prapr.mutators.FieldNameMutator_3,10621538,1777,0,0,0,0,0,0,687
org.mudebug.prapr.mutators.FieldNameMutator_0,10621540,7058,0,0,1,1,1,5538,422
org.mudebug.prapr.mutators.MethodNameMutator_3,10627080,551,0,0,0,0,0,46,223
org.mudebug.prapr.mutators.MethodNameMutator_7,10627128,7232,0,0,0,0,0,0,273
org.mudebug.prapr.mutators.DereferenceGuardMutator_3,10627130,546,0,0,0,0,0,0,149
org.mudebug.prapr.mutators.FieldAccessToMethodCallMutator_1,10627132,1777,0,0,1,1,1,2769,757
org.mudebug.prapr.mutators.MethodNameMutator_0,10629903,7302,0,0,0,0,0,396,117
org.mudebug.prapr.mutators.DereferenceGuardMutator_3,10630301,1132,0,0,0,0,0,0,1626
org.mudebug.prapr.mutators.LocalNameMutator_0,10630303,6710,0,0,1,1,1,44,1069
org.mudebug.prapr.mutators.FieldNameMutator_2,10630349,4241,0,0,0,0,0,0,82
org.mudebug.prapr.mutators.FieldAccessToMethodCallMutator_3,10630351,1777,0,0,0,0,0,0,643
org.pitest.mutationtest.engine.gregor.mutators.VoidMethodCallMutator,10630353,346,0,0,0,0,0,3,497
org.pitest.mutationtest.engine.gregor.mutators.NonVoidMethodCallMutator,10630358,7058,0,0,1,1,1,5538,317
org.mudebug.prapr.mutators.MethCallResultGuard_0,10635898,1046,0,0,0,0,0,0,328
org.pitest.mutationtest.engine.gregor.mutators.RemoveConditionalMutator_EQUAL_IF,10635900,1564,0,0,0,0,0,2,262
org.pitest.mutationtest.engine.gregor.mutators.NonVoidMethodCallMutator,10635904,495,0,0,1,1,1,3741,268
org.mudebug.prapr.mutators.LocalToFieldAccessMutator_1,10639647,6713,0,0,0,0,0,75,1152
org.pitest.mutationtest.engine.gregor.mutators.RemoveConditionalMutator_EQUAL_IF,10639724,6743,0,0,1,1,1,2924,1867
org.mudebug.prapr.mutators.FieldNameMutator_0,10642650,6671,0,0,1,1,1,5488,548
org.mudebug.prapr.mutators.NonVoidMethodCallGuardMutator_0,10648140,1245,0,0,0,0,0,0,673
org.mudebug.prapr.mutators.FieldToLocalAccessMutator_0,10648142,6652,0,0,1,1,1,5084,393
org.pitest.mutationtest.engine.gregor.mutators.RemoveConditionalMutator_EQUAL_IF,10653228,551,0,0,1,1,1,5363,212
org.mudebug.prapr.mutators.FieldNameMutator_1,10658593,7059,0,0,0,0,0,2,546
org.mudebug.prapr.mutators.ArgumentListMutator_0,10658597,7058,0,0,1,1,1,5538,470
org.mudebug.prapr.mutators.FieldAccessToMethodCallMutator_3,10664137,6652,0,0,1,1,1,5084,398
org.mudebug.prapr.mutators.LocalNameMutator_0,10669223,6651,0,0,0,1,1,1760,385
org.mudebug.prapr.mutators.FieldToLocalAccessMutator_0,10670985,543,0,0,0,0,0,2847,106
org.mudebug.prapr.mutators.FieldAccessToMethodCallMutator_0,10673834,1777,0,0,0,0,0,0,688
org.mudebug.prapr.mutators.FieldNameMutator_3,10673836,3711,0,0,0,0,0,1,72
org.pitest.mutationtest.engine.gregor.mutators.RemoveConditionalMutator_EQUAL_IF,10673839,6683,0,0,0,0,0,90,686
org.pitest.mutationtest.engine.gregor.mutators.RemoveConditionalMutator_EQUAL_ELSE,10673931,4411,0,0,0,0,0,216,479
org.mudebug.prapr.mutators.FieldAccessToMethodCallMutator_3,10674149,6728,0,0,0,0,0,2029,1420
org.pitest.mutationtest.engine.gregor.mutators.InlineConstantMutator,10676180,1564,0,0,0,0,0,0,262
org.pitest.mutationtest.engine.gregor.mutators.experimental.RemoveSwitchMutator_39,10676182,3584,0,0,0,0,0,58,901
org.mudebug.prapr.mutators.LocalToFieldAccessMutator_0,10676242,6673,0,0,1,1,1,5504,556
org.mudebug.prapr.mutators.DereferenceGuardMutator_3,10681748,1106,0,0,0,0,0,0,1096
org.mudebug.prapr.mutators.DereferenceGuardMutator_0,10681750,4410,0,0,0,0,0,0,464
org.mudebug.prapr.mutators.ReturningDereferenceGuardMutator_3,10681752,1082,0,0,0,0,0,0,836
org.pitest.mutationtest.engine.gregor.mutators.NullReturnValsMutator,10681754,6169,0,0,0,0,0,99,501
org.mudebug.prapr.mutators.FieldNameMutator_1,10681855,1106,0,0,0,0,0,0,1200
org.mudebug.prapr.mutators.NonVoidMethodCallGuardMutator_0,10681857,7259,0,0,0,0,0,5,823
org.pitest.mutationtest.engine.gregor.mutators.NegateConditionalsMutator,10681864,7086,0,0,0,0,0,25,892
org.mudebug.prapr.mutators.FieldNameMutator_1,10681896,7303,0,0,0,0,0,1960,158
org.mudebug.prapr.mutators.FieldNameMutator_4,10683858,1777,0,0,0,0,0,76,637
org.mudebug.prapr.mutators.FieldNameMutator_0,10683936,1777,0,0,0,0,0,76,637
org.mudebug.prapr.mutators.RelationalOperatorReplacement_0,10684021,1562,0,0,0,0,0,91,213
org.mudebug.prapr.mutators.MethodNameMutator_0,10684114,7112,0,0,0,0,0,3,1216
org.mudebug.prapr.mutators.ReturningDereferenceGuardMutator_3,10684119,1053,0,0,0,0,0,0,439
org.mudebug.prapr.mutators.RelationalOperatorReplacement_3,10684121,4411,0,0,1,1,1,4269,500
org.mudebug.prapr.mutators.DereferenceGuardMutator_3,10688392,4415,0,0,0,0,0,5,551
org.mudebug.prapr.mutators.MethCallResultGuard_2,10688399,7058,0,0,0,0,0,0,269
org.mudebug.prapr.mutators.NonVoidMethodCallGuardMutator_0,10688401,2306,0,0,0,0,0,0,41
org.mudebug.prapr.mutators.ReturningDereferenceGuardMutator_2,10688403,6678,0,0,0,0,0,0,602
org.mudebug.prapr.mutators.NonVoidMethodCallGuardMutator_0,10688405,7503,0,0,0,0,0,0,450
org.mudebug.prapr.mutators.NonVoidMethodCallGuardMutator_0,10688407,5356,0,0,0,0,0,23,490
org.mudebug.prapr.mutators.LocalNameMutator_0,10688432,558,0,0,1,1,1,4105,1194
org.mudebug.prapr.mutators.FieldAccessToMethodCallMutator_3,10692539,6743,0,0,1,1,1,2887,1871
org.mudebug.prapr.mutators.DereferenceGuardMutator_0,10695428,6698,0,0,0,0,0,0,859
org.mudebug.prapr.mutators.ArgumentListMutator_3,10695430,1048,0,0,1,1,1,4574,346
org.mudebug.prapr.mutators.NonVoidMethodCallGuardMutator_0,10700006,7501,0,0,0,0,0,0,424
org.mudebug.prapr.mutators.LocalNameMutator_2,10700008,4411,0,0,0,0,0,313,497
org.mudebug.prapr.mutators.ReturningDereferenceGuardMutator_2,10700323,6687,0,0,0,0,0,0,756
org.mudebug.prapr.mutators.VoidMethodCallGuardMutator,10700325,347,0,0,0,0,0,22,508
org.mudebug.prapr.mutators.RelationalOperatorReplacement_2,10700349,5219,0,0,1,1,1,2714,181
org.mudebug.prapr.mutators.MethodNameMutator_1,10703065,5358,0,0,1,1,1,364,718
org.mudebug.prapr.mutators.MethodNameMutator_0,10703431,244,0,0,0,0,0,3,187
org.mudebug.prapr.mutators.MethCallResultGuard_2,10703436,6706,0,0,0,0,0,0,932
org.mudebug.prapr.mutators.FieldNameMutator_0,10703438,6706,0,0,0,0,0,2,933
org.mudebug.prapr.mutators.ReturningDereferenceGuardMutator_3,10703442,1106,0,0,0,0,0,0,1102
org.mudebug.prapr.mutators.MethCallResultGuard_2,10703444,247,0,0,0,0,0,0,243
org.mudebug.prapr.mutators.LocalNameMutator_0,10703446,6744,0,0,1,1,1,354,1897
org.mudebug.prapr.mutators.ReturningDereferenceGuardMutator_4,10703802,6671,0,0,0,0,0,0,548
org.mudebug.prapr.mutators.LocalNameMutator_0,10703804,6684,0,0,0,0,0,274,713
org.mudebug.prapr.mutators.DereferenceGuardMutator_0,10704080,6689,0,0,0,0,0,5,781
org.mudebug.prapr.mutators.MethodNameMutator_0,10704087,6931,0,0,0,0,0,786,852
org.pitest.mutationtest.engine.gregor.mutators.RemoveConditionalMutator_ORDER_ELSE,10704875,5375,0,0,0,1,1,39,1033
org.mudebug.prapr.mutators.MethCallResultGuard_2,10704916,3569,0,0,0,0,0,0,494
org.pitest.mutationtest.engine.gregor.mutators.experimental.RemoveSwitchMutator_54,10704918,5356,0,0,0,0,0,0,117
org.mudebug.prapr.mutators.MethCallResultGuard_0,10704920,6725,0,0,0,0,0,0,1369
org.mudebug.prapr.mutators.LocalNameMutator_1,10704922,6728,0,0,0,1,1,2801,1420
org.mudebug.prapr.mutators.RelationalOperatorReplacement_2,10707725,1563,0,0,0,0,0,1,237
org.mudebug.prapr.mutators.DereferenceGuardMutator_0,10707728,1106,0,0,0,0,0,0,1102
org.pitest.mutationtest.engine.gregor.mutators.ConstructorCallMutator,10707730,7058,0,0,1,1,1,5538,425
org.mudebug.prapr.mutators.FieldAccessToMethodCallMutator_4,10713270,6652,0,0,0,0,0,5,391
org.mudebug.prapr.mutators.LocalToFieldAccessMutator_2,10713277,6683,0,0,1,1,1,852,687
org.pitest.mutationtest.engine.gregor.mutators.experimental.RemoveSwitchMutator_63,10714131,3584,0,0,0,0,0,0,901
org.mudebug.prapr.mutators.ArgumentListMutator_0,10714133,7556,0,0,0,0,0,53,70
org.mudebug.prapr.mutators.DereferenceGuardMutator_0,10714192,6738,0,0,0,0,0,0,1794
org.mudebug.prapr.mutators.LocalToFieldAccessMutator_1,10714194,6706,0,0,0,1,1,2,977
org.mudebug.prapr.mutators.MethodNameMutator_2,10714198,4411,0,0,1,1,1,4269,472
org.mudebug.prapr.mutators.DereferenceGuardMutator_0,10718469,347,0,0,0,0,0,0,526
org.pitest.mutationtest.engine.gregor.mutators.experimental.RemoveSwitchMutator_47,10718471,6415,0,0,0,0,0,0,273
org.pitest.mutationtest.engine.gregor.mutators.ArgumentPropagationMutator,10718473,1563,0,0,0,0,0,1,245
org.mudebug.prapr.mutators.RelationalOperatorReplacement_0,10718476,6931,0,0,0,0,0,780,848
org.mudebug.prapr.mutators.LocalNameMutator_0,10719258,6743,0,0,1,1,1,2403,1869
org.mudebug.prapr.mutators.LocalToFieldAccessMutator_0,10721663,6678,0,0,1,1,1,5985,605
org.mudebug.prapr.mutators.FieldAccessToMethodCallMutator_3,10727650,1777,0,0,0,0,0,0,664
org.mudebug.prapr.mutators.RelationalOperatorReplacement_2,10727652,7303,0,0,0,0,0,0,168
org.mudebug.prapr.mutators.MethodNameMutator_6,10727654,1234,0,0,1,1,1,5,276
org.pitest.mutationtest.engine.gregor.mutators.experimental.RemoveSwitchMutator_85,10727661,555,0,0,0,0,0,0,872
org.mudebug.prapr.mutators.MethodNameMutator_1,10727663,1052,0,1,1,1,1,2499,412
org.mudebug.prapr.mutators.LocalToFieldAccessMutator_0,10730163,1132,0,0,0,0,0,2188,1627
org.mudebug.prapr.mutators.FieldNameMutator_4,10732353,7059,0,0,0,0,0,33,564
org.mudebug.prapr.mutators.MethCallResultGuard_0,10732395,5356,0,0,0,1,1,17,344
org.mudebug.prapr.mutators.ReturningDereferenceGuardMutator_3,10732414,6706,0,0,0,0,0,0,1020
org.mudebug.prapr.mutators.MethodNameMutator_3,10732416,1234,0,0,1,1,1,30,262
org.mudebug.prapr.mutators.DereferenceGuardMutator_4,10732448,6728,0,0,0,0,0,0,1418
org.mudebug.prapr.mutators.LocalToFieldAccessMutator_2,10732450,6751,0,0,1,1,1,5540,1977
org.mudebug.prapr.mutators.MethodNameMutator_0,10737992,7379,0,0,1,1,1,5538,390
org.pitest.mutationtest.engine.gregor.mutators.NegateConditionalsMutator,10743532,2967,0,0,0,1,1,163,599
org.mudebug.prapr.mutators.LocalToFieldAccessMutator_2,10743697,6743,0,0,0,0,0,1443,1871
org.pitest.mutationtest.engine.gregor.mutators.experimental.RemoveSwitchMutator_12,10745142,495,0,0,0,0,0,38,119
org.mudebug.prapr.mutators.FieldNameMutator_0,10745182,6684,0,0,1,1,1,595,695
org.mudebug.prapr.mutators.ArgumentListMutator_2,10745779,7059,0,0,1,1,1,5538,553
org.mudebug.prapr.mutators.ArgumentListMutator_5,10751319,6710,0,0,1,1,1,36,1064
org.mudebug.prapr.mutators.MethodNameMutator_3,10751357,348,0,0,1,1,1,494,557
org.mudebug.prapr.mutators.DereferenceGuardMutator_0,10751853,6674,0,0,0,0,0,0,560
org.mudebug.prapr.mutators.LocalNameMutator_0,10751855,7503,0,0,0,0,0,0,446
org.pitest.mutationtest.engine.gregor.mutators.ReturnValsMutator,10751857,1041,0,0,0,0,0,25,220
org.mudebug.prapr.mutators.FieldNameMutator_0,10751884,6732,0,0,0,0,0,0,1618
org.pitest.mutationtest.engine.gregor.mutators.experimental.NakedReceiverMutator,10751886,5375,0,0,0,1,1,9,1033
org.mudebug.prapr.mutators.NonVoidMethodCallGuardMutator_0,10751897,1052,0,0,0,0,0,0,413
org.pitest.mutationtest.engine.gregor.mutators.RemoveConditionalMutator_EQUAL_ELSE,10751899,5374,0,0,0,0,0,0,1006
org.mudebug.prapr.mutators.LocalToFieldAccessMutator_3,10751901,6684,0,0,1,1,1,564,703
org.pitest.mutationtest.engine.gregor.mutators.NullReturnValsMutator,10752467,7257,0,0,1,1,1,5538,811
org.mudebug.prapr.mutators.ArithmeticOperatorReplacement_6,10758007,6710,0,0,0,0,0,8,1071
org.pitest.mutationtest.engine.gregor.mutators.experimental.MemberVariableMutator,10758017,7008,0,0,0,0,0,0,503
org.pitest.mutationtest.engine.gregor.mutators.experimental.MemberVariableMutator,10758021,1038,0,0,1,1,1,5202,155
org.pitest.mutationtest.engine.gregor.mutators.NonVoidMethodCallMutator,10763225,551,0,0,0,0,0,12,212
org.mudebug.prapr.mutators.MethCallResultGuard_2,10763239,6725,0,0,0,0,0,0,1369
org.pitest.mutationtest.engine.gregor.mutators.experimental.MemberVariableMutator,10763241,6744,0,0,0,1,1,680,1894
org.mudebug.prapr.mutators.FieldAccessToMethodCallMutator_0,10763926,6743,0,0,1,1,1,2912,1876
org.pitest.mutationtest.engine.gregor.mutators.ConditionalsBoundaryMutator,10766840,7303,0,0,0,0,0,0,168
org.mudebug.prapr.mutators.RelationalOperatorReplacement_1,10766842,5212,0,0,0,0,0,5,64
org.mudebug.prapr.mutators.MethodNameMutator_1,10766849,4411,0,0,1,1,1,4269,472
org.mudebug.prapr.mutators.FieldNameMutator_4,10771120,7058,0,0,1,1,1,5226,471
org.mudebug.prapr.mutators.LocalNameMutator_0,10776348,6713,0,0,0,0,0,1,1147
org.mudebug.prapr.mutators.RelationalOperatorReplacement_0,10776351,551,0,0,0,0,0,33,217
org.pitest.mutationtest.engine.gregor.mutators.RemoveConditionalMutator_EQUAL_ELSE,10776386,245,0,0,1,1,1,4269,197
org.mudebug.prapr.mutators.FieldAccessToMethodCallMutator_3,10780657,6699,0,0,0,0,0,69,863
org.pitest.mutationtest.engine.gregor.mutators.experimental.MemberVariableMutator,10780728,1777,0,0,0,0,0,5,728
org.mudebug.prapr.mutators.RelationalOperatorReplacement_0,10780735,5356,0,0,0,0,0,0,344
org.mudebug.prapr.mutators.FieldAccessToMethodCallMutator_0,10780737,1777,0,0,0,0,0,0,676
org.mudebug.prapr.mutators.FieldAccessToMethodCallMutator_3,10780739,6683,0,0,1,1,1,945,683
org.mudebug.prapr.mutators.MethodNameMutator_1,10781686,329,0,0,1,1,1,1401,299
org.mudebug.prapr.mutators.ArgumentListMutator_4,10783089,3675,0,0,0,0,0,0,2354
org.mudebug.prapr.mutators.FieldAccessToMethodCallMutator_1,10783091,6652,0,0,1,1,1,4808,395
org.mudebug.prapr.mutators.ArgumentListMutator_2,10787901,5356,0,0,0,0,0,1,110
org.mudebug.prapr.mutators.RelationalOperatorReplacement_2,10787904,7382,0,0,1,1,1,5538,422
org.mudebug.prapr.mutators.ReturningDereferenceGuardMutator_0,10793444,6737,0,0,0,0,0,0,1783
org.mudebug.prapr.mutators.MethCallResultGuard_0,10793446,7058,0,0,0,0,0,0,412
org.mudebug.prapr.mutators.NonVoidMethodCallGuardMutator_0,10793448,5356,0,0,0,0,0,0,358
org.mudebug.prapr.mutators.FieldNameMutator_1,10793450,1777,0,0,0,0,0,1,637
org.mudebug.prapr.mutators.RelationalOperatorReplacement_3,10793453,495,0,0,1,1,1,3741,265
org.mudebug.prapr.mutators.MethodNameMutator_6,10797196,6867,0,0,0,0,0,15,159
org.mudebug.prapr.mutators.MethodNameMutator_4,10797213,1563,0,0,0,0,0,1,245
org.mudebug.prapr.mutators.DereferenceGuardMutator_4,10797216,6674,0,0,0,0,0,0,563
org.pitest.mutationtest.engine.gregor.mutators.ReturnValsMutator,10797218,7397,0,0,1,1,1,5538,102
org.mudebug.prapr.mutators.LocalNameMutator_1,10802758,5356,0,0,0,0,0,24,490
org.mudebug.prapr.mutators.MethodNameMutator_3,10802784,347,0,0,1,1,1,4299,550
org.pitest.mutationtest.engine.gregor.mutators.VoidMethodCallMutator,10807085,6744,0,0,0,1,1,0,1893
org.mudebug.prapr.mutators.MethodNameMutator_1,10807087,1048,0,0,0,0,0,1772,348
org.mudebug.prapr.mutators.LocalNameMutator_0,10808863,1245,0,0,0,0,0,4,727
org.mudebug.prapr.mutators.FieldNameMutator_0,10808869,7059,0,0,0,0,0,1,548
org.mudebug.prapr.mutators.DereferenceGuardMutator_2,10808872,6674,0,0,0,0,0,5,560
org.mudebug.prapr.mutators.FieldNameMutator_2,10808879,1777,0,0,0,0,0,52,645
org.pitest.mutationtest.engine.gregor.mutators.RemoveConditionalMutator_EQUAL_ELSE,10808933,3558,0,0,0,0,0,1,128
org.mudebug.prapr.mutators.LocalNameMutator_0,10808936,7764,0,0,1,1,1,5426,469
org.pitest.mutationtest.engine.gregor.mutators.RemoveConditionalMutator_EQUAL_IF,10814364,5214,0,0,0,0,0,4,112
org.mudebug.prapr.mutators.ArgumentListMutator_4,10814370,7059,0,0,1,1,1,5538,562
org.mudebug.prapr.mutators.MethodNameMutator_1,10819910,1834,0,0,0,1,1,4455,78
org.pitest.mutationtest.engine.gregor.mutators.InlineConstantMutator,10824367,7058,0,0,1,1,1,5538,488
org.mudebug.prapr.mutators.ArgumentListMutator_4,10829907,3249,0,0,1,1,1,4757,103
org.pitest.mutationtest.engine.gregor.mutators.NonVoidMethodCallMutator,10834666,1118,0,0,0,1,1,117,1426
org.pitest.mutationtest.engine.gregor.mutators.ReturnValsMutator,10834785,1245,0,0,1,1,1,21,807
org.mudebug.prapr.mutators.LocalNameMutator_2,10834808,7058,0,0,0,0,0,60,449
org.pitest.mutationtest.engine.gregor.mutators.InlineConstantMutator,10834870,1777,0,0,0,0,0,32,679
org.mudebug.prapr.mutators.FieldNameMutator_0,10834904,1106,0,0,1,1,1,2974,1172
org.mudebug.prapr.mutators.LocalToFieldAccessMutator_4,10837883,6649,0,0,0,1,1,2,175
org.mudebug.prapr.mutators.RelationalOperatorReplacement_1,10837887,1248,0,0,0,0,0,0,867
org.pitest.mutationtest.engine.gregor.mutators.ArgumentPropagationMutator,10837889,7759,0,0,0,0,0,119,422
org.mudebug.prapr.mutators.FieldAccessToMethodCallMutator_4,10838010,6652,0,0,1,1,1,5084,403
org.mudebug.prapr.mutators.FieldNameMutator_0,10843096,6712,0,0,1,1,1,5272,1137
org.mudebug.prapr.mutators.RelationalOperatorReplacement_3,10848370,5356,0,0,0,0,0,1,358
org.mudebug.prapr.mutators.MethCallResultGuard_0,10848373,1040,0,0,0,0,0,0,209
org.pitest.mutationtest.engine.gregor.mutators.experimental.NakedReceiverMutator,10848375,333,0,0,0,0,0,4,364
org.mudebug.prapr.mutators.FieldToLocalAccessMutator_0,10848384,3489,0,0,0,0,0,0,252
org.mudebug.prapr.mutators.MethodNameMutator_7,10848386,4415,0,0,0,0,0,2103,549
org.mudebug.prapr.mutators.FieldAccessToMethodCallMutator_3,10850491,1777,0,0,0,0,0,0,703
org.mudebug.prapr.mutators.ArgumentListMutator_4,10850493,562,0,0,0,0,0,10,1210
org.mudebug.prapr.mutators.NonVoidMethodCallGuardMutator_0,10850505,159,0,0,0,0,0,0,649
org.mudebug.prapr.mutators.FieldNameMutator_5,10850507,1119,0,0,0,0,0,1,1434
org.mudebug.prapr.mutators.ReturningDereferenceGuardMutator_0,10850510,1106,0,0,0,0,0,0,1070
org.pitest.mutationtest.engine.gregor.mutators.InlineConstantMutator,10850512,7505,0,0,0,0,0,6,467
org.mudebug.prapr.mutators.LocalToFieldAccessMutator_3,10850523,1049,0,0,0,0,0,5,368
org.mudebug.prapr.mutators.FieldAccessToMethodCallMutator_2,10850530,6678,0,0,0,0,0,0,603
org.mudebug.prapr.mutators.MethodNameMutator_0,10850532,5375,0,0,0,0,0,1,1036
org.mudebug.prapr.mutators.LocalNameMutator_2,10850535,7058,0,0,0,0,0,15,353
org.mudebug.prapr.mutators.LocalNameMutator_0,10850552,6652,0,0,1,1,1,5060,399
org.mudebug.prapr.mutators.RelationalOperatorReplacement_0,10855614,334,0,0,0,0,0,6,382
org.pitest.mutationtest.engine.gregor.mutators.experimental.MemberVariableMutator,10855622,543,0,0,1,1,1,5365,104
org.pitest.mutationtest.engine.gregor.mutators.RemoveConditionalMutator_EQUAL_ELSE,10860989,5356,0,0,0,0,0,0,344
org.mudebug.prapr.mutators.FieldToLocalAccessMutator_0,10860991,2457,0,0,0,0,0,2311,47
org.mudebug.prapr.mutators.ReturningDereferenceGuardMutator_3,10863304,7203,0,0,0,0,0,0,130
org.mudebug.prapr.mutators.NonVoidMethodCallGuardMutator_0,10863306,551,0,0,0,0,0,0,212
org.mudebug.prapr.mutators.LocalToFieldAccessMutator_1,10863308,6721,0,0,0,1,1,586,1331
org.pitest.mutationtest.engine.gregor.mutators.experimental.NakedReceiverMutator,10863896,3675,0,0,0,0,0,0,2364
org.pitest.mutationtest.engine.gregor.mutators.ReturnValsMutator,10863898,1404,0,0,0,0,0,30,41
org.mudebug.prapr.mutators.MethodNameMutator_8,10863930,334,0,0,0,0,0,9,382
org.mudebug.prapr.mutators.FieldNameMutator_0,10863941,1106,0,0,1,1,1,2980,1082
org.pitest.mutationtest.engine.gregor.mutators.NegateConditionalsMutator,10866923,1562,0,0,0,0,0,2,209
org.mudebug.prapr.mutators.MethodNameMutator_0,10866927,1234,0,0,0,0,0,7,283
org.mudebug.prapr.mutators.FieldNameMutator_0,10866936,1777,0,0,0,0,0,0,649
org.pitest.mutationtest.engine.gregor.mutators.NegateConditionalsMutator,10866938,7255,0,0,0,0,0,156,757
org.mudebug.prapr.mutators.RelationalOperatorReplacement_3,10867096,6388,0,0,0,1,1,1310,265
org.pitest.mutationtest.engine.gregor.mutators.RemoveConditionalMutator_EQUAL_ELSE,10868408,1135,0,0,1,1,1,5202,1643
org.mudebug.prapr.mutators.MethodNameMutator_6,10873612,1562,0,0,0,0,0,3,204
org.mudebug.prapr.mutators.NonVoidMethodCallGuardMutator_0,10873617,1052,0,0,0,0,0,0,412
org.mudebug.prapr.mutators.ArithmeticOperatorDeletion_0,10873619,7207,0,0,0,0,0,0,198
org.mudebug.prapr.mutators.FieldNameMutator_4,10873621,1777,0,0,0,0,0,76,655
org.mudebug.prapr.mutators.MethCallResultGuard_0,10873699,4679,0,0,0,0,0,0,115
org.mudebug.prapr.mutators.FieldNameMutator_0,10873701,4706,0,0,0,0,0,0,757
org.mudebug.prapr.mutators.VoidMethodCallGuardMutator,10873703,551,0,0,0,0,0,5,224
org.mudebug.prapr.mutators.LocalToFieldAccessMutator_1,10873710,6711,0,0,1,1,1,5365,1129
org.mudebug.prapr.mutators.LocalToFieldAccessMutator_0,10879077,6748,0,0,0,0,0,6,1927
org.mudebug.prapr.mutators.RelationalOperatorReplacement_2,10879085,1248,0,0,0,0,0,0,867
org.mudebug.prapr.mutators.ArgumentListMutator_3,10879087,7355,0,0,0,0,0,0,110
org.mudebug.prapr.mutators.ArgumentListMutator_2,10879089,3391,0,1,1,1,1,2319,297
org.mudebug.prapr.mutators.RelationalOperatorReplacement_3,10881412,1560,0,0,0,0,0,789,184
org.mudebug.prapr.mutators.FieldNameMutator_2,10882203,6743,0,0,0,0,0,1107,1869
org.mudebug.prapr.mutators.MethodNameMutator_3,10883312,551,0,0,0,0,0,14,215
org.mudebug.prapr.mutators.RelationalOperatorReplacement_2,10883328,3651,0,0,0,0,0,2,1955
org.mudebug.prapr.mutators.FieldNameMutator_0,10883332,6684,0,0,1,1,1,738,703
org.pitest.mutationtest.engine.gregor.mutators.InlineConstantMutator,10884075,1777,0,0,0,0,0,0,574
org.mudebug.prapr.mutators.RelationalOperatorReplacement_3,10884077,6691,0,0,0,0,0,495,800
org.mudebug.prapr.mutators.LocalToFieldAccessMutator_0,10884574,6678,0,0,1,1,1,5950,611
org.mudebug.prapr.mutators.MethCallResultGuard_1,10890526,1231,0,0,0,0,0,0,68
org.mudebug.prapr.mutators.ReturningDereferenceGuardMutator_1,10890528,5213,0,0,0,0,0,0,91
org.mudebug.prapr.mutators.ReturningDereferenceGuardMutator_0,10890530,6743,0,0,0,0,0,0,1870
org.pitest.mutationtest.engine.gregor.mutators.InlineConstantMutator,10890532,3675,0,0,0,0,0,0,2362
org.mudebug.prapr.mutators.NonVoidMethodCallGuardMutator_0,10890534,1042,0,0,0,0,0,0,256
org.mudebug.prapr.mutators.FieldNameMutator_2,10890536,1777,0,0,0,0,0,0,679
org.mudebug.prapr.mutators.ReturningDereferenceGuardMutator_4,10890538,7061,0,0,0,0,0,0,573
org.pitest.mutationtest.engine.gregor.mutators.ConstructorCallMutator,10890540,347,0,0,1,1,1,1985,507
org.mudebug.prapr.mutators.FieldAccessToMethodCallMutator_3,10892527,6678,0,0,1,1,1,5985,606
org.mudebug.prapr.mutators.ArgumentListMutator_0,10898514,1082,0,0,0,0,0,0,834
org.mudebug.prapr.mutators.MethodNameMutator_0,10898519,347,0,0,0,0,0,44,539
org.mudebug.prapr.mutators.MethCallResultGuard_0,10898565,1119,0,0,0,0,0,0,1435
org.mudebug.prapr.mutators.LocalToFieldAccessMutator_3,10898567,6669,0,0,1,1,1,3030,540
org.mudebug.prapr.mutators.LocalNameMutator_0,10901599,4410,0,0,1,1,1,5218,453
org.mudebug.prapr.mutators.MethCallResultGuard_2,10906819,1234,0,0,0,0,0,0,312
org.mudebug.prapr.mutators.FieldNameMutator_1,10906821,1777,0,0,0,0,0,0,680
org.mudebug.prapr.mutators.MethCallResultGuard_2,10906823,7058,0,0,0,0,0,0,313
org.pitest.mutationtest.engine.gregor.mutators.BooleanTrueReturnValsMutator,10906825,1313,0,0,0,0,0,3,86
org.mudebug.prapr.mutators.LocalToFieldAccessMutator_2,10906830,6687,0,0,1,1,1,5365,756
org.mudebug.prapr.mutators.MethodNameMutator_0,10912197,504,0,0,1,1,1,5753,81
org.pitest.mutationtest.engine.gregor.mutators.VoidMethodCallMutator,10917952,7059,0,0,0,0,0,7,546
org.mudebug.prapr.mutators.DereferenceGuardMutator_2,10917961,6652,0,0,0,0,0,0,391
org.mudebug.prapr.mutators.ArgumentListMutator_2,10917963,561,0,0,0,1,1,63,1206
org.mudebug.prapr.mutators.ReturningDereferenceGuardMutator_3,10918028,6651,0,0,0,0,0,0,377
org.mudebug.prapr.mutators.MethCallResultGuard_0,10918030,7183,0,0,0,0,0,0,103
org.mudebug.prapr.mutators.FieldNameMutator_1,10918032,1777,0,0,0,0,0,0,760
org.pitest.mutationtest.engine.gregor.mutators.ConstructorCallMutator,10918034,1788,0,0,0,0,0,79,857
org.mudebug.prapr.mutators.FieldNameMutator_1,10918115,7063,0,0,1,1,1,5538,602
org.mudebug.prapr.mutators.ArgumentListMutator_3,10923655,1311,0,0,0,0,0,0,62
org.mudebug.prapr.mutators.LocalNameMutator_0,10923657,1234,0,0,0,1,1,0,267
org.pitest.mutationtest.engine.gregor.mutators.RemoveConditionalMutator_EQUAL_IF,10923659,6738,0,0,0,0,0,3,1795
org.mudebug.prapr.mutators.FieldAccessToMethodCallMutator_0,10923664,1777,0,0,0,0,0,0,702
org.mudebug.prapr.mutators.RelationalOperatorReplacement_0,10923666,2967,0,0,0,0,0,5,614
org.mudebug.prapr.mutators.ArgumentListMutator_4,10923673,6678,0,0,0,0,0,0,602
org.mudebug.prapr.mutators.ArgumentListMutator_5,10923675,6706,0,0,0,1,1,2,976
org.mudebug.prapr.mutators.FieldAccessToMethodCallMutator_0,10923679,1777,0,0,0,0,0,0,717
org.pitest.mutationtest.engine.gregor.mutators.experimental.NakedReceiverMutator,10923681,247,0,0,0,0,0,0,239
org.pitest.mutationtest.engine.gregor.mutators.experimental.RemoveSwitchMutator_53,10923683,5356,0,0,0,0,0,5,117
org.mudebug.prapr.mutators.FieldAccessToMethodCallMutator_0,10923690,1777,0,0,0,0,0,0,679
org.pitest.mutationtest.engine.gregor.mutators.InlineConstantMutator,10923692,7265,0,0,0,0,0,0,867
org.mudebug.prapr.mutators.NonVoidMethodCallGuardMutator_0,10923694,7382,0,0,0,0,0,5,429
org.pitest.mutationtest.engine.gregor.mutators.NegateConditionalsMutator,10923701,241,0,0,1,1,1,5190,142
org.mudebug.prapr.mutators.FieldAccessToMethodCallMutator_1,10928893,6651,0,0,1,1,1,4342,380
org.mudebug.prapr.mutators.MethodNameMutator_6,10933237,7086,0,0,0,0,0,5,892
org.mudebug.prapr.mutators.MethodNameMutator_0,10933244,4415,0,0,0,0,0,5,549
org.mudebug.prapr.mutators.MethCallResultGuard_0,10933251,7199,0,0,0,0,0,0,85
org.mudebug.prapr.mutators.FieldAccessToMethodCallMutator_1,10933253,1537,0,0,0,0,0,0,31
org.mudebug.prapr.mutators.FieldNameMutator_2,10933255,1777,0,0,0,0,0,0,716
org.mudebug.prapr.mutators.ArgumentListMutator_2,10933257,5356,0,0,0,0,0,0,499
org.mudebug.prapr.mutators.RelationalOperatorReplacement_1,10933259,4411,0,0,0,0,0,23,476
org.mudebug.prapr.mutators.DereferenceGuardMutator_4,10933284,6684,0,0,0,0,0,4,711
org.mudebug.prapr.mutators.MethodNameMutator_2,10933290,347,0,0,0,0,0,0,525
org.mudebug.prapr.mutators.ArgumentListMutator_1,10933292,1048,0,0,1,1,1,4574,346
org.pitest.mutationtest.engine.gregor.mutators.RemoveConditionalMutator_EQUAL_ELSE,10937871,5356,0,0,1,1,1,1495,87
org.mudebug.prapr.mutators.FieldNameMutator_3,10939368,7059,0,0,0,0,0,1753,561
org.mudebug.prapr.mutators.MethCallResultGuard_0,10941123,7200,0,0,0,0,0,0,105
org.mudebug.prapr.mutators.FieldAccessToMethodCallMutator_4,10941125,1777,0,0,0,0,0,0,682
org.pitest.mutationtest.engine.gregor.mutators.NonVoidMethodCallMutator,10941155,7058,0,0,1,1,1,5538,412
org.pitest.mutationtest.engine.gregor.mutators.ArgumentPropagationMutator,10946695,346,0,0,0,1,1,2000,490
org.mudebug.prapr.mutators.LocalNameMutator_0,10948700,347,0,0,0,0,0,6,522
org.pitest.mutationtest.engine.gregor.mutators.BooleanFalseReturnValsMutator,10948708,6721,0,0,0,1,1,586,1331
org.mudebug.prapr.mutators.DereferenceGuardMutator_1,10949296,6678,0,0,0,0,0,5,610
org.pitest.mutationtest.engine.gregor.mutators.NegateConditionalsMutator,10949303,247,0,0,1,1,1,3102,241
org.mudebug.prapr.mutators.FieldNameMutator_3,10952407,7059,0,0,0,0,0,10,551
org.mudebug.prapr.mutators.ReturningDereferenceGuardMutator_3,10952419,6687,0,0,0,0,0,0,758
org.pitest.mutationtest.engine.gregor.mutators.InlineConstantMutator,10952421,5356,0,0,0,1,1,205,339
org.mudebug.prapr.mutators.MethodNameMutator_0,10952628,7351,0,0,0,0,0,557,54
org.mudebug.prapr.mutators.MethodNameMutator_5,10953187,3564,0,0,1,1,1,182,364
org.pitest.mutationtest.engine.gregor.mutators.NonVoidMethodCallMutator,10953371,5359,0,0,0,0,0,2,794
org.mudebug.prapr.mutators.FieldNameMutator_1,10953375,4260,0,0,0,0,0,3,453
org.mudebug.prapr.mutators.MethCallResultGuard_0,10953380,7059,0,0,0,0,0,5,561
org.pitest.mutationtest.engine.gregor.mutators.VoidMethodCallMutator,10953387,7059,0,0,0,0,0,0,544
org.mudebug.prapr.mutators.ArgumentListMutator_1,10953389,543,0,0,1,1,1,5365,89
org.pitest.mutationtest.engine.gregor.mutators.RemoveConditionalMutator_EQUAL_ELSE,10958756,7501,0,0,0,0,0,198,424
org.mudebug.prapr.mutators.FieldAccessToMethodCallMutator_0,10958956,1777,0,0,0,0,0,0,644
org.mudebug.prapr.mutators.LocalNameMutator_0,10958958,7783,0,0,0,1,1,580,351
org.pitest.mutationtest.engine.gregor.mutators.RemoveConditionalMutator_EQUAL_ELSE,10959540,6743,0,0,1,1,1,2692,1867
org.mudebug.prapr.mutators.MethodNameMutator_0,10962234,348,0,0,1,1,1,295,557
org.mudebug.prapr.mutators.LocalNameMutator_0,10962531,5358,0,0,0,0,0,3,750
org.pitest.mutationtest.engine.gregor.mutators.ReturnValsMutator,10962536,556,0,0,1,1,1,5365,1186
org.mudebug.prapr.mutators.FieldAccessToMethodCallMutator_1,10967903,6672,0,0,1,1,1,5897,552
org.pitest.mutationtest.engine.gregor.mutators.NonVoidMethodCallMutator,10973802,355,0,0,1,1,1,2371,627
org.mudebug.prapr.mutators.FieldAccessToMethodCallMutator_0,10976175,1777,0,0,0,0,0,0,687
org.mudebug.prapr.mutators.LocalToFieldAccessMutator_3,10976177,6742,0,0,1,1,1,2912,1854
org.pitest.mutationtest.engine.gregor.mutators.NonVoidMethodCallMutator,10979091,343,0,0,1,1,1,4754,464
org.mudebug.prapr.mutators.MethodNameMutator_0,10983847,7058,0,0,0,0,0,8,284
org.mudebug.prapr.mutators.FieldAccessToMethodCallMutator_0,10983857,7304,0,0,0,0,0,2160,192
org.mudebug.prapr.mutators.RelationalOperatorReplacement_2,10986019,7790,0,0,0,1,1,2661,315
org.mudebug.prapr.mutators.FieldNameMutator_0,10988688,7059,0,0,0,0,0,87,562
org.mudebug.prapr.mutators.DereferenceGuardMutator_3,10988777,5193,0,0,0,0,0,0,90
org.mudebug.prapr.mutators.ReturningDereferenceGuardMutator_4,10988779,3388,0,0,0,0,0,0,70
org.mudebug.prapr.mutators.LocalNameMutator_0,10988781,7365,0,0,0,0,0,34,232
org.mudebug.prapr.mutators.MethodNameMutator_0,10988817,7058,0,0,0,0,0,6,330
org.mudebug.prapr.mutators.ArgumentListMutator_5,10988825,3497,0,0,0,0,0,0,421
org.mudebug.prapr.mutators.FieldNameMutator_0,10988827,1777,0,0,0,0,0,25,726
org.mudebug.prapr.mutators.FieldAccessToMethodCallMutator_1,10988854,6728,0,0,0,1,1,2547,1418
org.mudebug.prapr.mutators.LocalNameMutator_0,10991403,5356,0,0,0,0,0,2,490
org.pitest.mutationtest.engine.gregor.mutators.RemoveConditionalMutator_EQUAL_ELSE,10991407,5375,0,0,0,1,1,39,1036
org.pitest.mutationtest.engine.gregor.mutators.RemoveConditionalMutator_EQUAL_IF,10991448,6931,0,0,1,1,1,5538,856
org.mudebug.prapr.mutators.MethodNameMutator_7,10996988,3664,0,0,1,1,1,874,2189
org.mudebug.prapr.mutators.FieldAccessToMethodCallMutator_1,10997864,6684,0,0,1,1,1,599,697
org.mudebug.prapr.mutators.DereferenceGuardMutator_1,10998465,5209,0,0,0,0,0,5,288
org.mudebug.prapr.mutators.MethodNameMutator_3,10998472,1248,0,0,0,0,0,4,878
org.mudebug.prapr.mutators.FieldNameMutator_0,10998478,1777,0,0,0,0,0,0,709
org.mudebug.prapr.mutators.FieldNameMutator_3,10998480,1777,0,0,0,0,0,0,742
org.pitest.mutationtest.engine.gregor.mutators.InlineConstantMutator,10998482,1106,0,0,0,0,0,32,1199
org.pitest.mutationtest.engine.gregor.mutators.RemoveConditionalMutator_EQUAL_IF,10998516,545,0,0,1,1,1,3776,131
org.mudebug.prapr.mutators.RelationalOperatorReplacement_1,11002294,6976,0,0,0,0,0,0,88
org.mudebug.prapr.mutators.LocalToFieldAccessMutator_1,11002296,6728,0,0,1,1,1,2802,1419
org.pitest.mutationtest.engine.gregor.mutators.InlineConstantMutator,11005100,5357,0,0,0,0,0,25,703
org.mudebug.prapr.mutators.NonVoidMethodCallGuardMutator_0,11005135,554,0,0,0,0,0,5,272
org.mudebug.prapr.mutators.ReturningDereferenceGuardMutator_2,11005142,6689,0,0,0,0,0,0,783
org.mudebug.prapr.mutators.ReturningDereferenceGuardMutator_3,11005144,1112,0,0,0,0,0,0,1250
org.mudebug.prapr.mutators.MethCallResultGuard_2,11005146,7058,0,0,0,0,0,5,425
org.pitest.mutationtest.engine.gregor.mutators.NonVoidMethodCallMutator,11005153,6725,0,0,1,1,1,1,1369
org.mudebug.prapr.mutators.MethodNameMutator_3,11005156,5376,0,0,1,1,1,253,1045
org.mudebug.prapr.mutators.LocalNameMutator_0,11005411,5358,0,0,0,0,0,0,718
org.mudebug.prapr.mutators.FieldNameMutator_2,11005413,1777,0,0,0,0,0,0,674
org.mudebug.prapr.mutators.FieldNameMutator_3,11005415,1777,0,0,0,0,0,84,654
org.mudebug.prapr.mutators.DereferenceGuardMutator_4,11005501,6678,0,0,0,0,0,0,610
org.mudebug.prapr.mutators.ReturningDereferenceGuardMutator_3,11005503,1134,0,0,0,0,0,0,1638
org.pitest.mutationtest.engine.gregor.mutators.NegateConditionalsMutator,11005505,6726,0,0,0,1,1,2615,1383
org.mudebug.prapr.mutators.ReturningDereferenceGuardMutator_4,11008122,6683,0,0,0,0,0,1,683
org.mudebug.prapr.mutators.LocalToFieldAccessMutator_3,11008125,6690,0,0,0,1,1,2579,792
org.pitest.mutationtest.engine.gregor.mutators.NonVoidMethodCallMutator,11010706,3417,0,0,0,0,0,6,96
org.mudebug.prapr.mutators.RelationalOperatorReplacement_2,11010714,6388,0,0,0,0,0,10,265
org.pitest.mutationtest.engine.gregor.mutators.InlineConstantMutator,11010729,1565,0,0,0,1,1,12,276
org.mudebug.prapr.mutators.LocalNameMutator_2,11010743,4411,0,0,0,0,0,46,502
org.pitest.mutationtest.engine.gregor.mutators.RemoveConditionalMutator_EQUAL_ELSE,11010791,7381,0,0,0,0,0,557,405
org.mudebug.prapr.mutators.RelationalOperatorReplacement_3,11011350,3592,0,0,0,0,0,68,1084
org.mudebug.prapr.mutators.DereferenceGuardMutator_3,11011420,1106,0,0,0,0,0,0,1077
org.mudebug.prapr.mutators.ArgumentListMutator_4,11011422,7058,0,0,1,1,1,5538,482
org.mudebug.prapr.mutators.NonVoidMethodCallGuardMutator_0,11016962,1236,1,0,0,0,0,0,521
org.mudebug.prapr.mutators.LocalToFieldAccessMutator_0,11016964,7064,0,0,1,1,1,5538,617
org.mudebug.prapr.mutators.LocalNameMutator_0,11022504,7058,0,0,0,0,0,2257,417
org.mudebug.prapr.mutators.ArgumentListMutator_0,11024763,7059,0,0,1,1,1,5538,551
org.pitest.mutationtest.engine.gregor.mutators.experimental.RemoveSwitchMutator_53,11030303,495,0,0,0,0,0,0,119
org.pitest.mutationtest.engine.gregor.mutators.NegateConditionalsMutator,11030305,7086,0,0,0,0,0,25,892
org.mudebug.prapr.mutators.ReturningDereferenceGuardMutator_0,11030332,1134,0,0,0,0,0,0,1638
org.mudebug.prapr.mutators.MethodNameMutator_0,11030334,347,0,0,0,0,0,5,537
org.mudebug.prapr.mutators.LocalToFieldAccessMutator_1,11030341,6714,0,0,0,1,1,113,1164
org.mudebug.prapr.mutators.MethCallResultGuard_2,11030456,545,0,0,0,0,0,94,127
org.mudebug.prapr.mutators.LocalToFieldAccessMutator_0,11030555,4413,0,0,0,0,0,0,524
org.pitest.mutationtest.engine.gregor.mutators.RemoveConditionalMutator_EQUAL_IF,11030557,1042,0,0,0,0,0,16,256
org.pitest.mutationtest.engine.gregor.mutators.ConstructorCallMutator,11030575,6694,0,0,0,1,1,2711,826
org.mudebug.prapr.mutators.MethCallResultGuard_1,11033288,7058,0,0,0,0,0,0,325
org.mudebug.prapr.mutators.MethodNameMutator_2,11033293,5376,0,0,1,1,1,248,1045
org.mudebug.prapr.mutators.MethodNameMutator_7,11033543,3675,0,0,0,0,0,0,2364
org.mudebug.prapr.mutators.ReturningDereferenceGuardMutator_1,11033545,1106,0,0,0,0,0,0,1102
org.mudebug.prapr.mutators.FieldNameMutator_2,11033547,1777,0,0,0,0,0,0,670
org.pitest.mutationtest.engine.gregor.mutators.experimental.RemoveSwitchMutator_91,11033549,6415,0,0,0,0,0,0,273
org.pitest.mutationtest.engine.gregor.mutators.RemoveConditionalMutator_ORDER_ELSE,11033551,7198,0,0,0,0,0,553,67
org.pitest.mutationtest.engine.gregor.mutators.experimental.RemoveSwitchMutator_47,11034106,495,0,0,0,0,0,0,119
org.mudebug.prapr.mutators.MethodNameMutator_1,11034108,517,0,0,0,0,0,1412,95
org.pitest.mutationtest.engine.gregor.mutators.experimental.MemberVariableMutator,11035522,1777,0,0,0,0,0,48,757
org.pitest.mutationtest.engine.gregor.mutators.RemoveConditionalMutator_EQUAL_ELSE,11035572,1106,0,0,0,0,0,5,1099
org.mudebug.prapr.mutators.NonVoidMethodCallGuardMutator_0,11035579,4679,0,0,0,0,0,0,115
org.mudebug.prapr.mutators.MethodNameMutator_0,11035581,5209,0,0,0,0,0,0,288
org.pitest.mutationtest.engine.gregor.mutators.experimental.RemoveSwitchMutator_38,11035583,6649,0,0,0,0,0,0,175
org.pitest.mutationtest.engine.gregor.mutators.experimental.RemoveSwitchMutator_59,11035585,3636,0,0,0,0,0,0,1649
org.mudebug.prapr.mutators.LocalNameMutator_0,11035587,5356,0,0,1,1,1,2569,344
org.mudebug.prapr.mutators.MethodNameMutator_0,11038158,3664,0,0,0,0,0,66,2185
org.mudebug.prapr.mutators.MethodNameMutator_2,11038226,347,0,0,0,0,0,29,516
org.mudebug.prapr.mutators.RelationalOperatorReplacement_0,11038260,6686,0,0,1,1,1,3169,742
org.mudebug.prapr.mutators.DereferenceGuardMutator_0,11041431,6697,0,0,0,0,0,0,849
org.pitest.mutationtest.engine.gregor.mutators.InlineConstantMutator,11041433,7058,0,0,1,1,1,5538,330
org.mudebug.prapr.mutators.LocalNameMutator_0,11046973,6651,0,0,1,1,1,3673,384
org.mudebug.prapr.mutators.MethodNameMutator_4,11050659,7302,0,0,0,0,0,1904,137
org.mudebug.prapr.mutators.FieldAccessToMethodCallMutator_2,11052565,1777,0,0,0,0,0,0,674
org.mudebug.prapr.mutators.LocalToFieldAccessMutator_0,11052567,6671,0,0,1,1,1,5688,548
org.mudebug.prapr.mutators.RelationalOperatorReplacement_2,11058257,329,0,0,1,1,1,1399,296
org.mudebug.prapr.mutators.ArgumentListMutator_0,11059658,6706,0,0,0,1,1,9,932
org.mudebug.prapr.mutators.MethodNameMutator_1,11059669,5213,0,0,0,0,0,11,91
org.pitest.mutationtest.engine.gregor.mutators.RemoveConditionalMutator_EQUAL_IF,11059682,5356,0,0,0,0,0,0,344
org.pitest.mutationtest.engine.gregor.mutators.NonVoidMethodCallMutator,11059684,3263,0,0,0,0,0,5,50
org.mudebug.prapr.mutators.LocalToFieldAccessMutator_0,11059691,6723,0,0,1,1,1,5167,1346
org.mudebug.prapr.mutators.FieldAccessToMethodCallMutator_3,11064860,1777,0,0,0,0,0,0,672
org.mudebug.prapr.mutators.ReturningDereferenceGuardMutator_3,11064862,1053,0,0,0,0,0,0,441
org.mudebug.prapr.mutators.RelationalOperatorReplacement_0,11064864,7200,0,0,0,0,0,1,104
org.mudebug.prapr.mutators.MethCallResultGuard_0,11064867,6706,0,0,0,0,0,0,977
org.mudebug.prapr.mutators.FieldNameMutator_5,11064869,1777,0,0,0,0,0,0,697
org.pitest.mutationtest.engine.gregor.mutators.BooleanFalseReturnValsMutator,11064871,6987,0,0,0,0,0,44,155
org.mudebug.prapr.mutators.FieldNameMutator_1,11064917,7064,0,0,1,1,1,5538,619
org.mudebug.prapr.mutators.FieldNameMutator_0,11070457,6721,0,0,0,1,1,586,1331
org.mudebug.prapr.mutators.MethodNameMutator_1,11071045,5356,0,0,0,0,0,26,215
org.mudebug.prapr.mutators.NonVoidMethodCallGuardMutator_0,11071073,7302,0,0,0,0,0,0,126
org.mudebug.prapr.mutators.DereferenceGuardMutator_1,11071075,6673,0,0,0,0,0,0,556
org.mudebug.prapr.mutators.MethodNameMutator_3,11071077,3589,0,0,0,1,1,357,1062
org.mudebug.prapr.mutators.ArgumentListMutator_5,11071436,6652,0,0,0,0,0,5,393
org.pitest.mutationtest.engine.gregor.mutators.NonVoidMethodCallMutator,11071443,7307,0,0,1,1,1,5538,212
org.pitest.mutationtest.engine.gregor.mutators.NegateConditionalsMutator,11076983,5356,0,0,0,0,0,64,490
org.mudebug.prapr.mutators.ArithmeticOperatorReplacement_2,11077049,6713,0,0,0,0,0,66,1149
org.pitest.mutationtest.engine.gregor.mutators.experimental.MemberVariableMutator,11077117,6652,0,0,1,1,1,4828,400
org.pitest.mutationtest.engine.gregor.mutators.NullReturnValsMutator,11081947,7082,0,0,1,1,1,5226,817
org.mudebug.prapr.mutators.ArgumentListMutator_0,11087175,1313,0,0,0,0,0,0,83
org.mudebug.prapr.mutators.FieldAccessToMethodCallMutator_0,11087177,6652,0,0,1,1,1,5079,402
org.pitest.mutationtest.engine.gregor.mutators.experimental.MemberVariableMutator,11092258,4152,0,0,0,0,0,5,64
org.mudebug.prapr.mutators.DereferenceGuardMutator_3,11092265,3243,0,0,0,0,0,0,73
org.mudebug.prapr.mutators.DereferenceGuardMutator_0,11092267,5214,0,0,0,0,0,0,112
org.pitest.mutationtest.engine.gregor.mutators.NonVoidMethodCallMutator,11092269,1560,0,0,0,0,0,90,188
org.mudebug.prapr.mutators.FieldNameMutator_5,11092361,1777,0,0,0,0,0,0,693
org.mudebug.prapr.mutators.ArgumentListMutator_1,11092363,5356,0,0,1,1,1,251,511
org.mudebug.prapr.mutators.FieldToLocalAccessMutator_0,11092616,6170,0,0,0,0,0,1,509
org.mudebug.prapr.mutators.FieldNameMutator_2,11092622,1777,0,0,0,0,0,0,668
org.mudebug.prapr.mutators.FieldToLocalAccessMutator_0,11092624,5356,0,0,0,0,0,10,351
org.mudebug.prapr.mutators.LocalToFieldAccessMutator_0,11092636,6728,0,0,1,1,1,9,1413
org.mudebug.prapr.mutators.MethodNameMutator_3,11092647,4667,0,0,0,1,1,2583,67
org.mudebug.prapr.mutators.FieldNameMutator_5,11095232,1777,0,0,0,0,0,0,689
org.pitest.mutationtest.engine.gregor.mutators.EmptyObjectReturnValsMutator,11095234,4423,0,0,0,0,0,216,615
org.pitest.mutationtest.engine.gregor.mutators.RemoveConditionalMutator_EQUAL_ELSE,11095452,7380,0,0,1,1,1,5538,396
org.mudebug.prapr.mutators.LocalToFieldAccessMutator_0,11100992,7302,0,0,1,1,1,5538,102
org.pitest.mutationtest.engine.gregor.mutators.BooleanFalseReturnValsMutator,11106532,3592,0,0,0,1,1,146,1084
org.mudebug.prapr.mutators.LocalNameMutator_2,11106680,1234,0,0,1,1,1,3,309
org.mudebug.prapr.mutators.ArgumentListMutator_1,11106685,6710,0,0,0,0,0,8,1064
org.mudebug.prapr.mutators.FieldNameMutator_0,11106695,6652,0,0,1,1,1,4167,397
org.mudebug.prapr.mutators.FieldNameMutator_0,11110864,6683,0,0,1,1,1,819,688
org.mudebug.prapr.mutators.ArgumentListMutator_0,11111685,7058,0,0,0,0,0,14,330
org.pitest.mutationtest.engine.gregor.mutators.InlineConstantMutator,11111701,1245,0,0,0,0,0,10,803
org.mudebug.prapr.mutators.FieldNameMutator_0,11111713,1777,0,0,0,0,0,0,721
org.mudebug.prapr.mutators.FieldAccessToMethodCallMutator_1,11111715,1777,0,0,0,0,0,0,648
org.mudebug.prapr.mutators.MethCallResultGuard_2,11111717,547,0,0,0,0,0,0,159
org.mudebug.prapr.mutators.FieldAccessToMethodCallMutator_1,11111719,6743,0,0,1,1,1,2912,1874
org.mudebug.prapr.mutators.MethCallResultGuard_0,11114633,7501,0,0,0,0,0,0,423
org.mudebug.prapr.mutators.FieldNameMutator_1,11114635,1777,0,0,0,0,0,0,684
org.mudebug.prapr.mutators.MethodNameMutator_8,11114637,5376,0,0,1,1,1,253,1045
org.mudebug.prapr.mutators.MethodNameMutator_5,11114892,1245,0,0,1,1,1,20,718
org.mudebug.prapr.mutators.FieldToLocalAccessMutator_0,11114914,6650,0,0,1,1,1,6028,370
org.mudebug.prapr.mutators.MethodNameMutator_6,11120944,3675,0,0,1,1,1,1954,2358
org.mudebug.prapr.mutators.ReturningDereferenceGuardMutator_3,11122900,557,0,0,0,0,0,0,1190
org.mudebug.prapr.mutators.FieldNameMutator_1,11122902,6684,0,0,1,1,1,713,705
org.mudebug.prapr.mutators.MethodNameMutator_3,11123617,7204,0,0,0,0,0,7,135
org.mudebug.prapr.mutators.DereferenceGuardMutator_0,11123626,1106,0,0,0,0,0,0,1070
org.mudebug.prapr.mutators.FieldNameMutator_2,11123628,6683,0,0,1,1,1,190,687
org.mudebug.prapr.mutators.ReturningDereferenceGuardMutator_0,11123820,7063,0,0,0,0,0,5,609
org.mudebug.prapr.mutators.FieldAccessToMethodCallMutator_4,11123827,6684,0,0,1,1,1,757,705
org.mudebug.prapr.mutators.MethCallResultGuard_0,11124586,7112,0,0,0,0,0,0,1216
org.pitest.mutationtest.engine.gregor.mutators.ConditionalsBoundaryMutator,11124588,5219,0,0,1,1,1,2706,181
org.pitest.mutationtest.engine.gregor.mutators.NegateConditionalsMutator,11127296,7303,0,0,0,0,0,1983,158
org.mudebug.prapr.mutators.LocalNameMutator_1,11129281,6684,0,0,1,1,1,421,695
org.pitest.mutationtest.engine.gregor.mutators.InlineConstantMutator,11129704,4411,0,0,0,0,0,0,500
org.mudebug.prapr.mutators.DereferenceGuardMutator_4,11129706,1106,0,0,0,0,0,0,1096
org.pitest.mutationtest.engine.gregor.mutators.RemoveConditionalMutator_EQUAL_IF,11129708,247,0,0,0,0,0,0,244
org.mudebug.prapr.mutators.MethCallResultGuard_2,11129710,1053,0,0,0,0,0,130,442
org.mudebug.prapr.mutators.DereferenceGuardMutator_0,11129842,1106,0,0,0,0,0,0,1172
org.mudebug.prapr.mutators.FieldAccessToMethodCallMutator_4,11129844,1777,0,0,0,0,0,0,632
org.mudebug.prapr.mutators.DereferenceGuardMutator_3,11129846,369,0,0,0,0,0,0,805
org.mudebug.prapr.mutators.LocalToFieldAccessMutator_0,11129848,7302,0,0,1,1,1,5538,98
org.pitest.mutationtest.engine.gregor.mutators.VoidMethodCallMutator,11135388,6684,0,0,0,0,0,0,697
org.mudebug.prapr.mutators.MethodNameMutator_2,11135395,5375,0,0,0,0,0,2,1034
org.mudebug.prapr.mutators.MethCallResultGuard_1,11135399,333,0,0,0,0,0,1,364
org.mudebug.prapr.mutators.FieldNameMutator_0,11135402,1777,0,0,0,0,0,0,642
org.mudebug.prapr.mutators.MethCallResultGuard_2,11135404,5195,0,0,0,0,0,0,102
org.mudebug.prapr.mutators.MethodNameMutator_1,11135406,1118,0,0,0,0,0,81,1425
org.mudebug.prapr.mutators.FieldNameMutator_5,11135489,7059,0,0,0,0,0,0,544
org.mudebug.prapr.mutators.FieldNameMutator_1,11135491,5362,0,0,0,0,0,1,816
org.mudebug.prapr.mutators.FieldNameMutator_0,11135494,544,0,0,0,1,1,2229,119
org.mudebug.prapr.mutators.NonVoidMethodCallGuardMutator_0,11137725,6704,0,0,0,0,0,0,908
org.pitest.mutationtest.engine.gregor.mutators.NonVoidMethodCallMutator,11137727,1119,0,0,0,0,0,4,1437
org.pitest.mutationtest.engine.gregor.mutators.experimental.MemberVariableMutator,11137733,1777,0,0,0,0,0,42,659
org.mudebug.prapr.mutators.ReturningDereferenceGuardMutator_3,11137780,6652,0,0,0,0,0,0,389
org.pitest.mutationtest.engine.gregor.mutators.VoidMethodCallMutator,11137782,1044,0,0,1,1,1,4566,284
org.mudebug.prapr.mutators.ArgumentListMutator_0,11142350,6725,0,0,0,1,1,0,1369
org.mudebug.prapr.mutators.MethCallResultGuard_1,11142352,159,0,0,0,0,0,0,649
org.mudebug.prapr.mutators.FieldNameMutator_1,11142354,7059,0,0,0,0,0,33,564
org.mudebug.prapr.mutators.DereferenceGuardMutator_0,11142389,346,0,0,0,0,0,0,490
org.mudebug.prapr.mutators.ArgumentListMutator_4,11142391,244,0,0,0,0,0,0,176
org.mudebug.prapr.mutators.FieldToLocalAccessMutator_0,11142393,6743,0,0,0,0,0,1692,1871
org.pitest.mutationtest.engine.gregor.mutators.VoidMethodCallMutator,11144087,5363,0,0,0,0,0,95,828
org.pitest.mutationtest.engine.gregor.mutators.RemoveConditionalMutator_EQUAL_IF,11144184,5356,0,0,0,0,0,0,106
org.pitest.mutationtest.engine.gregor.mutators.NonVoidMethodCallMutator,11144186,5358,0,0,0,0,0,39,724
org.mudebug.prapr.mutators.MethodNameMutator_8,11144227,7233,0,0,0,0,0,5,297
org.mudebug.prapr.mutators.ArgumentListMutator_2,11144234,558,0,0,1,1,1,4108,1194
org.mudebug.prapr.mutators.LocalNameMutator_0,11148344,247,0,0,1,1,1,2849,251
org.mudebug.prapr.mutators.FieldNameMutator_1,11151195,7302,0,0,0,0,0,7,102
org.mudebug.prapr.mutators.MethCallResultGuard_1,11151204,7058,0,0,0,0,0,0,435
org.mudebug.prapr.mutators.LocalNameMutator_0,11151206,7058,0,0,0,0,0,0,539
org.pitest.mutationtest.engine.gregor.mutators.InlineConstantMutator,11151208,6168,0,0,0,0,0,5,478
org.pitest.mutationtest.engine.gregor.mutators.experimental.RemoveSwitchMutator_72,11151215,3584,0,0,0,0,0,0,901
org.pitest.mutationtest.engine.gregor.mutators.InlineConstantMutator,11151217,6755,0,0,0,1,1,142,2012
org.mudebug.prapr.mutators.RelationalOperatorReplacement_0,11151361,3558,0,0,0,0,0,9,123
org.mudebug.prapr.mutators.VoidMethodCallGuardMutator,11151372,7058,0,0,0,0,0,0,341
org.pitest.mutationtest.engine.gregor.mutators.RemoveConditionalMutator_EQUAL_ELSE,11151374,6931,0,0,0,0,0,444,856
org.pitest.mutationtest.engine.gregor.mutators.RemoveConditionalMutator_EQUAL_ELSE,11151820,334,0,0,0,0,0,68,382
org.pitest.mutationtest.engine.gregor.mutators.ReturnValsMutator,11151890,6649,0,0,0,1,1,0,195
org.mudebug.prapr.mutators.FieldNameMutator_2,11151892,1777,0,0,0,0,0,0,635
org.pitest.mutationtest.engine.gregor.mutators.experimental.RemoveSwitchMutator_30,11151894,3636,0,0,0,0,0,0,1649
org.mudebug.prapr.mutators.LocalToFieldAccessMutator_0,11151896,1803,0,0,0,0,0,3,957
org.mudebug.prapr.mutators.LocalToFieldAccessMutator_2,11151901,6711,0,0,0,0,0,13,1130
org.pitest.mutationtest.engine.gregor.mutators.experimental.RemoveSwitchMutator_0,11151916,3564,0,0,0,0,0,2,338
org.pitest.mutationtest.engine.gregor.mutators.NonVoidMethodCallMutator,11151920,1834,0,0,1,1,1,5209,78
org.pitest.mutationtest.engine.gregor.mutators.NullReturnValsMutator,11157131,6737,0,0,0,0,0,43,1784
org.mudebug.prapr.mutators.FieldNameMutator_0,11157176,1777,0,0,0,0,0,0,603
org.mudebug.prapr.mutators.FieldNameMutator_0,11157178,6684,0,0,1,1,1,761,705
org.mudebug.prapr.mutators.MethodNameMutator_1,11157941,3626,0,0,0,0,0,410,1516
org.pitest.mutationtest.engine.gregor.mutators.NonVoidMethodCallMutator,11158353,1127,0,0,1,1,1,5190,1580
org.mudebug.prapr.mutators.MethodNameMutator_4,11163545,6988,0,0,0,0,0,3,167
org.pitest.mutationtest.engine.gregor.mutators.ReturnValsMutator,11163550,7247,0,0,1,1,1,5538,602
org.mudebug.prapr.mutators.LocalToFieldAccessMutator_2,11169090,6744,0,0,1,1,1,1015,1892
org.mudebug.prapr.mutators.MethCallResultGuard_0,11170107,7233,0,0,0,0,0,0,298
org.pitest.mutationtest.engine.gregor.mutators.NegateConditionalsMutator,11170109,5356,0,0,0,1,1,216,339
org.pitest.mutationtest.engine.gregor.mutators.RemoveConditionalMutator_EQUAL_IF,11170327,7233,0,0,1,1,1,5538,299
org.mudebug.prapr.mutators.ArithmeticOperatorDeletion_1,11175867,4720,0,0,0,0,0,1,42
org.mudebug.prapr.mutators.MethodNameMutator_4,11175870,1231,0,0,1,1,1,59,98
org.mudebug.prapr.mutators.NonVoidMethodCallGuardMutator_0,11175931,7058,0,0,0,0,0,0,443
org.mudebug.prapr.mutators.ArgumentListMutator_2,11175933,7130,0,0,1,1,1,5543,64
org.mudebug.prapr.mutators.FieldNameMutator_2,11181478,1777,0,0,0,0,0,0,750
org.mudebug.prapr.mutators.VoidMethodCallGuardMutator,11181480,1118,0,0,0,0,0,0,1425
org.mudebug.prapr.mutators.FieldNameMutator_5,11181482,1777,0,0,0,0,0,0,751
org.mudebug.prapr.mutators.FieldAccessToMethodCallMutator_0,11181484,2308,0,0,0,0,0,0,92
org.mudebug.prapr.mutators.ArgumentListMutator_2,11181486,7355,0,0,1,1,1,5538,110
org.mudebug.prapr.mutators.NonVoidMethodCallGuardMutator_0,11187026,5356,0,0,0,0,0,0,431
org.mudebug.prapr.mutators.RelationalOperatorReplacement_1,11187028,7382,0,0,0,0,0,5,422
org.mudebug.prapr.mutators.FieldAccessToMethodCallMutator_2,11187035,1777,0,0,0,0,0,0,696
org.mudebug.prapr.mutators.MethodNameMutator_1,11187037,7302,0,0,0,0,0,0,134
org.mudebug.prapr.mutators.MethCallResultGuard_0,11187039,6704,0,0,0,0,0,0,908
org.pitest.mutationtest.engine.gregor.mutators.NullReturnValsMutator,11187041,1830,0,0,1,1,1,5212,55
org.mudebug.prapr.mutators.MethodNameMutator_2,11192255,6712,0,0,0,1,1,108,1137
org.mudebug.prapr.mutators.ReturningDereferenceGuardMutator_0,11192365,705,0,0,0,0,0,0,69
org.mudebug.prapr.mutators.ReturningDereferenceGuardMutator_0,11192367,1101,0,0,0,0,0,0,1020
org.mudebug.prapr.mutators.NonVoidMethodCallGuardMutator_0,11192369,550,0,0,0,0,0,0,193
org.pitest.mutationtest.engine.gregor.mutators.experimental.RemoveSwitchMutator_26,11192371,495,0,0,0,0,0,739,119
org.mudebug.prapr.mutators.VoidMethodCallGuardMutator,11193112,7058,0,0,0,0,0,0,290
org.mudebug.prapr.mutators.LocalNameMutator_0,11193114,543,0,0,0,1,1,2224,105
org.pitest.mutationtest.engine.gregor.mutators.experimental.MemberVariableMutator,11195340,6651,0,0,1,1,1,4460,382
org.mudebug.prapr.mutators.FieldAccessToMethodCallMutator_0,11199802,1106,0,0,1,1,1,2985,1097
org.mudebug.prapr.mutators.VoidMethodCallGuardMutator,11202789,7059,0,0,0,0,0,0,555
org.mudebug.prapr.mutators.MethodNameMutator_1,11202791,3589,0,0,0,1,1,357,1062
org.mudebug.prapr.mutators.MethCallResultGuard_2,11203150,1052,0,0,0,0,0,0,404
org.mudebug.prapr.mutators.LocalToFieldAccessMutator_2,11203152,6723,0,0,1,1,1,4820,1346
org.mudebug.prapr.mutators.ArgumentListMutator_1,11207974,6725,0,0,0,1,1,0,1369
org.mudebug.prapr.mutators.ArgumentListMutator_2,11207976,7059,0,0,0,0,0,58,564
org.mudebug.prapr.mutators.LocalNameMutator_0,11208036,3391,0,0,0,1,1,1696,297
org.mudebug.prapr.mutators.RelationalOperatorReplacement_1,11209734,334,0,0,0,0,0,1055,382
org.mudebug.prapr.mutators.FieldAccessToMethodCallMutator_3,11210791,6684,0,0,1,1,1,1029,703
org.mudebug.prapr.mutators.FieldNameMutator_2,11211825,7058,0,0,0,0,0,275,251
org.pitest.mutationtest.engine.gregor.mutators.InlineConstantMutator,11212102,5356,0,0,0,0,0,0,344
org.mudebug.prapr.mutators.ReturningDereferenceGuardMutator_0,11212104,6386,0,0,0,0,0,0,255
org.pitest.mutationtest.engine.gregor.mutators.RemoveConditionalMutator_EQUAL_ELSE,11212106,6684,0,0,1,1,1,757,705
org.mudebug.prapr.mutators.RelationalOperatorReplacement_2,11212865,3675,0,0,0,0,0,0,2356
org.pitest.mutationtest.engine.gregor.mutators.experimental.RemoveSwitchMutator_69,11212867,3636,0,0,0,0,0,0,1649
org.mudebug.prapr.mutators.RelationalOperatorReplacement_2,11212869,7790,0,0,0,1,1,2652,315
org.mudebug.prapr.mutators.MethCallResultGuard_1,11215523,1052,0,0,0,0,0,0,404
org.mudebug.prapr.mutators.LocalNameMutator_0,11215525,7058,0,0,0,0,0,2256,433
org.mudebug.prapr.mutators.FieldNameMutator_1,11217783,7476,0,0,0,0,0,26,202
org.mudebug.prapr.mutators.NonVoidMethodCallGuardMutator_0,11217811,347,0,0,0,0,0,0,520
org.mudebug.prapr.mutators.FieldAccessToMethodCallMutator_1,11217813,6678,0,0,0,0,0,0,606
org.mudebug.prapr.mutators.ArgumentListMutator_3,11217815,1038,0,0,1,1,1,5303,137
org.pitest.mutationtest.engine.gregor.mutators.RemoveConditionalMutator_EQUAL_IF,11223120,5356,0,0,0,0,0,0,344
org.mudebug.prapr.mutators.MethodNameMutator_1,11223122,1313,0,0,0,0,0,3,86
org.pitest.mutationtest.engine.gregor.mutators.experimental.RemoveSwitchMutator_82,11223127,3636,0,0,0,0,0,0,1649
org.mudebug.prapr.mutators.LocalNameMutator_1,11228195,3392,0,0,0,1,1,4455,303
org.mudebug.prapr.mutators.MethCallResultGuard_0,11232652,7358,0,0,0,0,0,0,153
org.pitest.mutationtest.engine.gregor.mutators.RemoveConditionalMutator_EQUAL_ELSE,11232654,1562,0,0,0,0,0,3,228
org.mudebug.prapr.mutators.ArgumentListMutator_1,11232659,6174,0,0,0,0,0,0,548
org.mudebug.prapr.mutators.ReturningDereferenceGuardMutator_0,11232661,4257,0,0,0,0,0,0,408
org.mudebug.prapr.mutators.RelationalOperatorReplacement_0,11232663,7382,0,0,0,0,0,0,431
org.mudebug.prapr.mutators.MethodNameMutator_1,11232665,7241,0,0,0,0,0,0,435
org.mudebug.prapr.mutators.MethCallResultGuard_1,11232667,7058,0,0,0,0,0,0,458
org.pitest.mutationtest.engine.gregor.mutators.NonVoidMethodCallMutator,11232669,7058,0,0,0,0,0,14,269
org.pitest.mutationtest.engine.gregor.mutators.RemoveConditionalMutator_EQUAL_ELSE,11232685,6388,0,0,0,1,1,1310,265
org.mudebug.prapr.mutators.FieldNameMutator_1,11233997,6728,0,0,0,1,1,2547,1418
org.mudebug.prapr.mutators.LocalToFieldAccessMutator_0,11236546,6728,0,0,0,1,1,2802,1420
org.mudebug.prapr.mutators.MethodNameMutator_2,11239350,328,0,0,0,0,0,0,280
org.mudebug.prapr.mutators.FieldNameMutator_0,11239352,6678,0,0,1,1,1,5499,607
org.mudebug.prapr.mutators.DereferenceGuardMutator_0,11244853,7062,0,0,0,0,0,0,583
org.mudebug.prapr.mutators.LocalNameMutator_0,11244855,4667,0,0,1,1,1,2670,67
org.mudebug.prapr.mutators.LocalNameMutator_0,11247527,1246,0,0,0,1,1,10,819
org.mudebug.prapr.mutators.NonVoidMethodCallGuardMutator_0,11247539,3592,0,0,0,0,0,0,1084
org.mudebug.prapr.mutators.LocalToFieldAccessMutator_2,11247541,1562,0,0,0,0,0,3,228
org.mudebug.prapr.mutators.MethCallResultGuard_1,11247546,7764,0,0,0,0,0,0,462
org.mudebug.prapr.mutators.LocalNameMutator_1,11247548,6706,0,0,0,0,0,0,971
org.mudebug.prapr.mutators.LocalToFieldAccessMutator_0,11247550,6415,0,0,0,1,1,39,273
org.mudebug.prapr.mutators.MethCallResultGuard_1,11247591,1053,0,0,0,0,0,0,432
org.mudebug.prapr.mutators.FieldNameMutator_3,11247593,1777,0,0,0,0,0,31,656
org.pitest.mutationtest.engine.gregor.mutators.RemoveConditionalMutator_EQUAL_IF,11247626,5356,0,0,0,0,0,4,106
org.mudebug.prapr.mutators.LocalNameMutator_0,11247632,5376,0,0,0,0,0,0,1045
org.pitest.mutationtest.engine.gregor.mutators.experimental.RemoveSwitchMutator_26,11247634,3584,0,0,0,0,0,368,901
org.mudebug.prapr.mutators.NonVoidMethodCallGuardMutator_0,11248004,504,0,0,0,0,0,0,79
org.mudebug.prapr.mutators.ArgumentListMutator_5,11248006,6725,0,0,1,1,1,1,1369
org.mudebug.prapr.mutators.LocalToFieldAccessMutator_2,11248009,6683,0,0,0,0,0,39,686
org.mudebug.prapr.mutators.LocalToFieldAccessMutator_1,11248050,1046,0,0,0,0,0,5,328
org.pitest.mutationtest.engine.gregor.mutators.InlineConstantMutator,11248057,1777,0,0,0,0,0,0,705
org.mudebug.prapr.mutators.ArgumentListMutator_3,11248059,3262,0,0,0,0,0,2,44
org.mudebug.prapr.mutators.ArgumentListMutator_2,11248063,4391,0,0,1,1,1,5226,196
org.mudebug.prapr.mutators.FieldNameMutator_0,11253291,1245,0,0,0,1,1,13,728
org.mudebug.prapr.mutators.ArgumentListMutator_0,11253306,6710,0,0,0,1,1,8,1064
org.mudebug.prapr.mutators.MethodNameMutator_8,11253316,7302,0,0,0,0,0,185,102
org.mudebug.prapr.mutators.MethodNameMutator_4,11253503,7557,0,0,0,0,0,0,76
org.pitest.mutationtest.engine.gregor.mutators.VoidMethodCallMutator,11253505,348,0,0,1,1,1,433,557
org.pitest.mutationtest.engine.gregor.mutators.NegateConditionalsMutator,11253940,247,0,0,0,0,0,0,247
org.mudebug.prapr.mutators.FieldNameMutator_1,11253942,7058,0,0,0,0,0,2106,297
org.pitest.mutationtest.engine.gregor.mutators.InlineConstantMutator,11256050,1038,0,0,0,0,0,6,116
org.mudebug.prapr.mutators.MethodNameMutator_0,11256058,4679,0,0,0,0,0,26,115
org.pitest.mutationtest.engine.gregor.mutators.ConstructorCallMutator,11256086,4152,0,0,0,0,0,151,54
org.mudebug.prapr.mutators.ReturningDereferenceGuardMutator_3,11256239,5356,0,0,0,0,0,0,219
org.pitest.mutationtest.engine.gregor.mutators.NullReturnValsMutator,11256241,5378,0,0,0,0,0,1,1083
org.mudebug.prapr.mutators.MethodNameMutator_3,11256244,7365,0,0,0,0,0,7,229
org.pitest.mutationtest.engine.gregor.mutators.NegateConditionalsMutator,11256253,1135,0,0,1,1,1,5202,1643
org.mudebug.prapr.mutators.MethodNameMutator_2,11261457,6867,0,0,1,1,1,5543,159
org.pitest.mutationtest.engine.gregor.mutators.NegateConditionalsMutator,11267002,6678,0,0,1,1,1,5985,606
org.mudebug.prapr.mutators.FieldNameMutator_5,11272989,7059,0,0,0,0,0,1,548
org.mudebug.prapr.mutators.FieldAccessToMethodCallMutator_0,11272992,1038,0,0,1,1,1,5303,78
org.mudebug.prapr.mutators.FieldNameMutator_0,11278297,1777,0,0,0,0,0,24,690
org.pitest.mutationtest.engine.gregor.mutators.NegateConditionalsMutator,11278323,5358,0,0,0,1,1,9,742
org.mudebug.prapr.mutators.ArgumentListMutator_0,11278334,6706,0,0,0,1,1,14,929
org.mudebug.prapr.mutators.ArgumentListMutator_5,11278350,6706,0,0,0,1,1,2,1024
org.mudebug.prapr.mutators.MethCallResultGuard_0,11278354,7108,0,0,0,0,0,0,1161
org.mudebug.prapr.mutators.MethodNameMutator_9,11278356,6977,0,0,0,0,0,1,96
org.mudebug.prapr.mutators.LocalNameMutator_1,11278363,6684,0,0,1,1,1,417,713
org.pitest.mutationtest.engine.gregor.mutators.NonVoidMethodCallMutator,11278782,1106,0,1,1,1,1,906,1173
org.mudebug.prapr.mutators.MethodNameMutator_5,11279689,7205,0,0,0,0,0,1643,141
org.mudebug.prapr.mutators.LocalToFieldAccessMutator_3,11281334,6711,0,0,1,1,1,5365,1133
org.mudebug.prapr.mutators.ArgumentListMutator_3,11286703,4392,0,0,1,1,1,5221,53
org.mudebug.prapr.mutators.RelationalOperatorReplacement_0,11291926,3563,0,0,0,0,0,4,307
org.mudebug.prapr.mutators.MethCallResultGuard_0,11291932,1231,0,0,0,0,0,0,68
org.mudebug.prapr.mutators.DereferenceGuardMutator_0,11291934,1119,0,0,0,0,0,0,1437
org.pitest.mutationtest.engine.gregor.mutators.NonVoidMethodCallMutator,11291936,5376,0,0,1,1,1,253,1045
org.mudebug.prapr.mutators.MethodNameMutator_0,11292191,931,0,0,1,1,1,12,633
org.mudebug.prapr.mutators.MethodNameMutator_2,11292205,1118,0,0,0,0,0,81,1425
org.mudebug.prapr.mutators.LocalToFieldAccessMutator_2,11292288,6744,0,0,1,1,1,350,1897
org.pitest.mutationtest.engine.gregor.mutators.ReturnValsMutator,11292640,1106,0,0,0,0,0,2,1204
org.mudebug.prapr.mutators.ReturningDereferenceGuardMutator_0,11292644,6686,0,0,0,0,0,5,741
org.pitest.mutationtest.engine.gregor.mutators.experimental.RemoveSwitchMutator_70,11292651,6415,0,0,0,0,0,0,273
org.mudebug.prapr.mutators.RelationalOperatorReplacement_2,11292653,7247,0,0,0,0,0,138,597
org.mudebug.prapr.mutators.ArgumentListMutator_2,11292793,3387,0,0,0,0,0,0,56
org.pitest.mutationtest.engine.gregor.mutators.experimental.RemoveSwitchMutator_39,11292795,555,0,0,1,1,1,2737,872
org.pitest.mutationtest.engine.gregor.mutators.NegateConditionalsMutator,11295534,5356,0,0,0,0,0,9,215
org.mudebug.prapr.mutators.ArgumentListMutator_3,11295545,6651,0,0,0,0,0,23,375
org.pitest.mutationtest.engine.gregor.mutators.ReturnValsMutator,11295570,1137,0,0,1,1,1,5291,1665
org.pitest.mutationtest.engine.gregor.mutators.InlineConstantMutator,11300863,3447,0,0,0,0,0,0,1076
org.pitest.mutationtest.engine.gregor.mutators.experimental.NakedReceiverMutator,11300865,1082,0,0,0,0,0,0,834
org.mudebug.prapr.mutators.MethodNameMutator_0,11300867,6867,0,0,0,0,0,715,159
org.mudebug.prapr.mutators.ReturningDereferenceGuardMutator_2,11301591,5209,0,0,0,0,0,0,288
org.pitest.mutationtest.engine.gregor.mutators.NegateConditionalsMutator,11301593,7303,0,0,0,0,0,1939,168
org.mudebug.prapr.mutators.NonVoidMethodCallGuardMutator_0,11303534,3558,0,0,0,0,0,0,109
org.mudebug.prapr.mutators.LocalNameMutator_1,11303536,7058,0,0,0,0,0,13,357
org.pitest.mutationtest.engine.gregor.mutators.experimental.RemoveSwitchMutator_8,11303551,555,0,0,0,0,0,0,872
org.mudebug.prapr.mutators.DereferenceGuardMutator_3,11303553,561,0,0,0,0,0,0,1206
org.pitest.mutationtest.engine.gregor.mutators.RemoveConditionalMutator_EQUAL_IF,11303562,6931,0,0,0,0,0,780,844
org.mudebug.prapr.mutators.RelationalOperatorReplacement_1,11304344,6988,0,0,0,0,0,0,167
org.mudebug.prapr.mutators.FieldNameMutator_0,11304346,7063,0,0,0,0,0,66,609
org.pitest.mutationtest.engine.gregor.mutators.NegateConditionalsMutator,11304414,3558,0,0,0,1,1,50,123
org.mudebug.prapr.mutators.LocalToFieldAccessMutator_1,11304466,6725,0,0,0,1,1,1,1369
org.pitest.mutationtest.engine.gregor.mutators.RemoveConditionalMutator_EQUAL_ELSE,11304469,7215,0,0,0,0,0,5,128
org.mudebug.prapr.mutators.MethCallResultGuard_2,11304476,334,0,0,0,0,0,0,382
org.mudebug.prapr.mutators.MethodNameMutator_2,11304485,1234,0,0,1,1,1,3,310
org.mudebug.prapr.mutators.RelationalOperatorReplacement_0,11309556,7790,0,0,0,0,0,216,315
org.mudebug.prapr.mutators.LocalToFieldAccessMutator_3,11309774,6742,0,0,1,1,1,2922,1855
org.pitest.mutationtest.engine.gregor.mutators.RemoveConditionalMutator_EQUAL_IF,11312698,5209,0,0,0,0,0,13,288
org.mudebug.prapr.mutators.FieldNameMutator_0,11312713,5192,0,0,0,0,0,1632,84
org.mudebug.prapr.mutators.LocalNameMutator_0,11314349,7058,0,0,0,0,0,25,357
org.mudebug.prapr.mutators.MethCallResultGuard_0,11314376,1052,0,0,1,1,1,4574,413
org.mudebug.prapr.mutators.DereferenceGuardMutator_3,11318952,1082,0,0,0,0,0,0,836
org.mudebug.prapr.mutators.ArgumentListMutator_3,11318954,1042,0,0,1,1,1,5291,242
org.mudebug.prapr.mutators.FieldNameMutator_4,11324247,1777,0,0,0,0,0,0,693
org.mudebug.prapr.mutators.RelationalOperatorReplacement_1,11324249,547,0,0,0,0,0,165,160
org.pitest.mutationtest.engine.gregor.mutators.experimental.MemberVariableMutator,11324419,1777,0,0,0,0,0,0,574
org.mudebug.prapr.mutators.MethCallResultGuard_1,11324421,7764,0,0,0,0,0,0,469
org.pitest.mutationtest.engine.gregor.mutators.ArgumentPropagationMutator,11324423,6699,0,0,0,0,0,71,863
org.mudebug.prapr.mutators.LocalToFieldAccessMutator_3,11324496,1046,0,0,1,1,1,4574,306
org.pitest.mutationtest.engine.gregor.mutators.experimental.MemberVariableMutator,11329072,1777,0,0,0,0,0,0,739
org.mudebug.prapr.mutators.FieldNameMutator_0,11329074,1777,0,0,0,0,0,0,728
org.pitest.mutationtest.engine.gregor.mutators.experimental.NakedReceiverMutator,11329076,504,0,0,0,0,0,10,83
org.mudebug.prapr.mutators.MethodNameMutator_2,11329088,4667,0,0,0,1,1,2583,67
org.pitest.mutationtest.engine.gregor.mutators.RemoveConditionalMutator_EQUAL_IF,11331673,334,0,0,0,0,0,1886,382
org.pitest.mutationtest.engine.gregor.mutators.NegateConditionalsMutator,11333561,5358,0,0,0,0,0,36,736
org.mudebug.prapr.mutators.MethodNameMutator_2,11333599,247,0,0,1,1,1,4269,239
org.pitest.mutationtest.engine.gregor.mutators.experimental.MemberVariableMutator,11337870,1777,0,0,0,0,0,0,760
org.mudebug.prapr.mutators.MethCallResultGuard_2,11337872,334,0,0,0,0,0,5,382
org.mudebug.prapr.mutators.ArgumentListMutator_3,11337879,5192,0,0,1,1,1,5173,53
org.mudebug.prapr.mutators.DereferenceGuardMutator_0,11343054,705,0,0,0,0,0,0,65
org.mudebug.prapr.mutators.MethodNameMutator_3,11343056,1245,0,0,1,1,1,24,673
org.pitest.mutationtest.engine.gregor.mutators.VoidMethodCallMutator,11343082,7059,0,0,0,0,0,2,555
org.mudebug.prapr.mutators.FieldAccessToMethodCallMutator_4,11343086,6668,0,0,0,1,1,5487,536
org.mudebug.prapr.mutators.MethCallResultGuard_1,11348575,3675,0,0,0,0,0,0,2358
org.pitest.mutationtest.engine.gregor.mutators.experimental.MemberVariableMutator,11348577,7304,0,0,0,0,0,1875,187
org.mudebug.prapr.mutators.LocalToFieldAccessMutator_1,11350454,6712,0,0,1,1,1,5363,1137
org.mudebug.prapr.mutators.ArgumentListMutator_1,11355819,5213,0,0,0,0,0,0,90
org.mudebug.prapr.mutators.FieldNameMutator_1,11355821,7131,0,0,1,1,1,5538,71
org.mudebug.prapr.mutators.LocalToFieldAccessMutator_1,11361361,6742,0,0,1,1,1,2939,1855
org.mudebug.prapr.mutators.FieldNameMutator_1,11364302,7219,0,0,1,1,1,5538,172
org.mudebug.prapr.mutators.FieldNameMutator_1,11369842,1777,0,0,0,0,0,5,703
org.mudebug.prapr.mutators.ArgumentListMutator_4,11369849,6971,0,0,0,0,0,0,60
org.mudebug.prapr.mutators.MethodNameMutator_4,11369851,7382,0,0,0,0,0,1753,442
org.mudebug.prapr.mutators.RelationalOperatorReplacement_1,11371606,1560,0,0,0,0,0,8,189
org.mudebug.prapr.mutators.MethodNameMutator_3,11371616,343,0,0,1,1,1,4754,464
org.pitest.mutationtest.engine.gregor.mutators.RemoveConditionalMutator_EQUAL_IF,11376372,6706,0,0,0,1,1,0,965
org.pitest.mutationtest.engine.gregor.mutators.RemoveConditionalMutator_EQUAL_ELSE,11376374,5356,0,0,0,0,0,2,103
org.mudebug.prapr.mutators.FieldNameMutator_3,11376378,1777,0,0,0,0,0,0,709
org.pitest.mutationtest.engine.gregor.mutators.RemoveConditionalMutator_EQUAL_IF,11376380,4415,0,0,1,1,1,5220,546
org.mudebug.prapr.mutators.ReturningDereferenceGuardMutator_0,11381602,6673,0,0,0,0,0,0,556
org.mudebug.prapr.mutators.MethodNameMutator_0,11381604,1041,0,0,0,0,0,0,219
org.pitest.mutationtest.engine.gregor.mutators.RemoveConditionalMutator_EQUAL_ELSE,11381606,7250,0,0,0,0,0,45,663
org.mudebug.prapr.mutators.MethodNameMutator_7,11381653,7557,0,0,0,0,0,78,76
org.pitest.mutationtest.engine.gregor.mutators.experimental.RemoveSwitchMutator_5,11381733,3558,0,0,0,1,1,26,109
org.pitest.mutationtest.engine.gregor.mutators.NonVoidMethodCallMutator,11381761,495,0,0,1,1,1,696,174
org.mudebug.prapr.mutators.MethCallResultGuard_0,11382459,7764,0,0,0,0,0,0,482
org.pitest.mutationtest.engine.gregor.mutators.RemoveConditionalMutator_EQUAL_IF,11382461,329,0,0,0,0,0,19,298
org.mudebug.prapr.mutators.DereferenceGuardMutator_3,11382482,6688,0,0,0,0,0,5,764
org.pitest.mutationtest.engine.gregor.mutators.NonVoidMethodCallMutator,11382489,7058,0,0,1,1,1,5538,377
org.mudebug.prapr.mutators.MethodNameMutator_3,11388029,4411,0,0,1,1,1,4269,500
org.pitest.mutationtest.engine.gregor.mutators.InlineConstantMutator,11392300,5356,0,0,0,0,0,0,88
org.mudebug.prapr.mutators.RelationalOperatorReplacement_0,11392302,7250,0,0,0,0,0,0,663
org.mudebug.prapr.mutators.LocalToFieldAccessMutator_2,11392304,6706,0,0,1,1,1,27,974
org.pitest.mutationtest.engine.gregor.mutators.InlineConstantMutator,11392333,6687,0,0,0,0,0,0,756
org.mudebug.prapr.mutators.ReturningDereferenceGuardMutator_3,11392335,6652,0,0,0,0,0,0,395
org.pitest.mutationtest.engine.gregor.mutators.NonVoidMethodCallMutator,11392337,370,0,0,1,1,1,3741,814
org.mudebug.prapr.mutators.RelationalOperatorReplacement_1,11396080,7199,0,0,0,0,0,0,84
org.mudebug.prapr.mutators.MethCallResultGuard_0,11396082,7059,0,0,0,0,0,0,550
org.mudebug.prapr.mutators.RelationalOperatorReplacement_0,11396084,495,0,0,0,0,0,0,267
org.mudebug.prapr.mutators.LocalNameMutator_0,11396086,6728,0,0,1,1,1,2560,1420
org.mudebug.prapr.mutators.DereferenceGuardMutator_0,11398648,6688,0,0,0,0,0,0,764
org.pitest.mutationtest.engine.gregor.mutators.NonVoidMethodCallMutator,11398650,347,0,0,0,0,0,1,533
org.mudebug.prapr.mutators.MethodNameMutator_1,11398653,6710,0,0,0,1,1,8,1070
org.mudebug.prapr.mutators.MethodNameMutator_5,11398663,1046,0,0,1,1,1,4574,329
org.mudebug.prapr.mutators.FieldNameMutator_0,11403239,1119,0,0,0,0,0,5,1439
org.mudebug.prapr.mutators.MethCallResultGuard_0,11403246,334,0,0,0,0,0,0,382
org.pitest.mutationtest.engine.gregor.mutators.experimental.RemoveSwitchMutator_73,11403248,3584,0,0,0,0,0,5,901
org.mudebug.prapr.mutators.LocalNameMutator_0,11403255,5375,0,0,0,1,1,39,1033
org.mudebug.prapr.mutators.ReturningDereferenceGuardMutator_1,11403296,7057,0,0,0,0,0,0,227
org.mudebug.prapr.mutators.MethodNameMutator_2,11403298,6931,0,0,1,1,1,5543,848
org.mudebug.prapr.mutators.NonVoidMethodCallGuardMutator_0,11408843,7382,0,0,0,0,0,5,442
org.mudebug.prapr.mutators.DereferenceGuardMutator_4,11408850,4415,0,0,0,0,0,5,546
org.mudebug.prapr.mutators.FieldAccessToMethodCallMutator_4,11408857,6674,0,0,1,1,1,1034,560
org.mudebug.prapr.mutators.DereferenceGuardMutator_0,11409893,705,0,0,0,0,0,5,69
org.mudebug.prapr.mutators.FieldNameMutator_5,11409900,1777,0,0,0,0,0,0,750
org.mudebug.prapr.mutators.MethodNameMutator_4,11409902,551,0,0,1,1,1,4299,215
org.mudebug.prapr.mutators.ArgumentListMutator_4,11414203,7052,0,0,1,1,1,5538,128
org.pitest.mutationtest.engine.gregor.mutators.NonVoidMethodCallMutator,11419743,1231,0,0,0,1,1,2,68
org.mudebug.prapr.mutators.RelationalOperatorReplacement_0,11419747,1563,0,0,0,0,0,4,237
org.mudebug.prapr.mutators.DereferenceGuardMutator_1,11419753,7064,0,0,0,0,0,0,619
org.mudebug.prapr.mutators.MethodNameMutator_1,11419758,4411,0,0,1,1,1,4269,500
org.mudebug.prapr.mutators.DereferenceGuardMutator_3,11424029,1313,0,0,0,0,0,0,83
org.pitest.mutationtest.engine.gregor.mutators.NonVoidMethodCallMutator,11424031,7764,0,0,1,1,1,5426,462
org.mudebug.prapr.mutators.LocalNameMutator_0,11429462,6652,0,0,0,0,0,5,395
org.mudebug.prapr.mutators.DereferenceGuardMutator_1,11429469,1132,0,0,0,0,0,5,1627
org.mudebug.prapr.mutators.MethodNameMutator_0,11429476,1248,0,0,1,1,1,59,867
org.mudebug.prapr.mutators.LocalToFieldAccessMutator_2,11429537,6743,0,0,1,1,1,2740,1876
org.mudebug.prapr.mutators.MethCallResultGuard_0,11432279,3569,0,0,0,0,0,0,494
org.mudebug.prapr.mutators.ArgumentListMutator_4,11432281,4395,0,0,1,1,1,5220,248
org.pitest.mutationtest.engine.gregor.mutators.ConstructorCallMutator,11437503,4408,0,0,1,1,1,5220,421
org.mudebug.prapr.mutators.FieldToLocalAccessMutator_2,11442725,6652,0,0,1,1,1,5061,402
org.mudebug.prapr.mutators.FieldNameMutator_1,11447788,1777,0,0,0,0,0,0,677
org.mudebug.prapr.mutators.MethodNameMutator_2,11447790,1234,0,0,1,1,1,3,313
org.mudebug.prapr.mutators.LocalToFieldAccessMutator_0,11447795,7064,0,0,0,0,0,24,622
org.mudebug.prapr.mutators.FieldNameMutator_1,11447821,6683,0,0,0,0,0,707,683
org.mudebug.prapr.mutators.MethodNameMutator_3,11448530,5376,0,0,0,0,0,1,1051
org.mudebug.prapr.mutators.MethCallResultGuard_0,11448533,1313,0,0,0,0,0,0,84
org.pitest.mutationtest.engine.gregor.mutators.experimental.RemoveSwitchMutator_16,11448535,5356,0,0,0,0,0,0,117
org.mudebug.prapr.mutators.FieldNameMutator_2,11448537,7058,0,0,1,1,1,5538,250
org.mudebug.prapr.mutators.MethodNameMutator_1,11454077,1560,0,0,0,1,1,226,182
org.mudebug.prapr.mutators.FieldNameMutator_5,11454305,7058,0,0,0,0,0,2252,395
org.mudebug.prapr.mutators.LocalToFieldAccessMutator_2,11456559,6743,0,0,0,0,0,705,1869
org.pitest.mutationtest.engine.gregor.mutators.NegateConditionalsMutator,11457266,7557,0,0,0,0,0,75,76
org.mudebug.prapr.mutators.RelationalOperatorReplacement_2,11457343,7064,0,0,0,0,0,7,614
org.mudebug.prapr.mutators.MethCallResultGuard_1,11457352,6725,0,0,0,0,0,0,1369
org.pitest.mutationtest.engine.gregor.mutators.NonVoidMethodCallMutator,11457354,247,0,0,0,0,0,0,247
org.mudebug.prapr.mutators.MethodNameMutator_6,11457356,5375,0,0,1,1,1,259,1032
org.mudebug.prapr.mutators.RelationalOperatorReplacement_2,11457617,7198,0,0,0,0,0,1804,63
org.mudebug.prapr.mutators.ArgumentListMutator_4,11459423,4392,0,0,1,1,1,5221,68
org.pitest.mutationtest.engine.gregor.mutators.InlineConstantMutator,11464646,6678,0,0,1,1,1,5985,602
org.mudebug.prapr.mutators.MethodNameMutator_3,11470633,7247,0,0,0,0,0,5,597
org.mudebug.prapr.mutators.FieldNameMutator_3,11470642,1777,0,0,0,0,0,0,649
org.mudebug.prapr.mutators.RelationalOperatorReplacement_1,11470644,5356,0,0,0,0,0,0,344
org.pitest.mutationtest.engine.gregor.mutators.VoidMethodCallMutator,11470646,1234,0,0,1,1,1,3,313
org.mudebug.prapr.mutators.MethCallResultGuard_0,11470651,348,0,0,1,1,1,384,559
org.mudebug.prapr.mutators.ArithmeticOperatorDeletion_1,11471039,6713,0,0,0,0,0,66,1152
org.pitest.mutationtest.engine.gregor.mutators.InlineConstantMutator,11471107,7058,0,0,0,0,0,0,532
org.pitest.mutationtest.engine.gregor.mutators.experimental.RemoveSwitchMutator_1,11471109,3558,0,0,0,0,0,30,109
org.mudebug.prapr.mutators.FieldNameMutator_0,11471141,1106,0,0,0,0,0,10,1106
org.mudebug.prapr.mutators.LocalToFieldAccessMutator_1,11471153,6684,0,0,1,1,1,726,713
org.mudebug.prapr.mutators.FieldAccessToMethodCallMutator_0,11471881,6684,0,0,1,1,1,1029,703
org.mudebug.prapr.mutators.MethodNameMutator_0,11472912,553,0,0,1,1,1,5365,262
org.mudebug.prapr.mutators.MethodNameMutator_5,11478279,5356,0,0,0,0,0,8,215
org.mudebug.prapr.mutators.FieldNameMutator_4,11478289,1777,0,0,0,0,0,0,739
org.pitest.mutationtest.engine.gregor.mutators.RemoveConditionalMutator_EQUAL_ELSE,11478291,7302,0,0,0,0,0,1940,105
org.mudebug.prapr.mutators.FieldAccessToMethodCallMutator_0,11480233,6683,0,0,0,0,0,0,683
org.mudebug.prapr.mutators.ArgumentListMutator_1,11480235,7052,0,0,0,0,0,5,140
org.mudebug.prapr.mutators.ArgumentListMutator_5,11480242,6725,0,0,0,1,1,0,1369
org.mudebug.prapr.mutators.FieldAccessToMethodCallMutator_0,11480244,1777,0,0,0,0,0,0,673
org.mudebug.prapr.mutators.FieldNameMutator_1,11480246,5351,0,0,0,0,0,0,48
org.mudebug.prapr.mutators.NonVoidMethodCallGuardMutator_0,11480248,7059,0,0,0,0,0,5,563
org.mudebug.prapr.mutators.FieldNameMutator_1,11480255,1038,0,0,1,1,1,5303,1599
org.mudebug.prapr.mutators.MethCallResultGuard_1,11485560,1231,0,0,0,0,0,0,72
org.mudebug.prapr.mutators.FieldNameMutator_3,11485562,1777,0,0,0,0,0,0,685
org.mudebug.prapr.mutators.FieldNameMutator_3,11485564,1777,0,0,0,0,0,0,705
org.pitest.mutationtest.engine.gregor.mutators.RemoveConditionalMutator_EQUAL_IF,11485566,3412,0,0,0,0,0,111,49
org.mudebug.prapr.mutators.FieldToLocalAccessMutator_0,11485679,3447,0,0,0,0,0,0,1076
org.mudebug.prapr.mutators.ReturningDereferenceGuardMutator_3,11485681,6689,0,0,0,0,0,0,783
org.mudebug.prapr.mutators.ReturningDereferenceGuardMutator_0,11485683,7684,0,0,0,0,0,0,83
org.mudebug.prapr.mutators.MethodNameMutator_6,11485685,7247,0,0,0,0,0,136,597
org.pitest.mutationtest.engine.gregor.mutators.RemoveConditionalMutator_EQUAL_ELSE,11485823,1106,0,0,0,0,0,0,1137
org.pitest.mutationtest.engine.gregor.mutators.NonVoidMethodCallMutator,11485825,495,0,0,1,1,1,3741,266
org.mudebug.prapr.mutators.LocalToFieldAccessMutator_1,11489568,6738,0,0,0,0,0,0,1795
org.pitest.mutationtest.engine.gregor.mutators.RemoveConditionalMutator_EQUAL_IF,11489570,7241,0,0,0,0,0,22,432
org.pitest.mutationtest.engine.gregor.mutators.experimental.MemberVariableMutator,11489594,1777,0,0,0,0,0,3,83
org.mudebug.prapr.mutators.NonVoidMethodCallGuardMutator_0,11489599,1234,0,0,0,0,0,0,275
org.mudebug.prapr.mutators.ReturningDereferenceGuardMutator_3,11489601,7057,0,0,0,0,0,0,227
org.mudebug.prapr.mutators.VoidMethodCallGuardMutator,11489603,346,0,0,0,0,0,0,498
org.pitest.mutationtest.engine.gregor.mutators.ConstructorCallMutator,11489605,1038,0,0,0,0,0,0,745
org.mudebug.prapr.mutators.DereferenceGuardMutator_3,11489607,7790,0,0,0,0,0,5,315
org.mudebug.prapr.mutators.FieldAccessToMethodCallMutator_0,11489614,1777,0,0,0,0,0,0,696
org.mudebug.prapr.mutators.RelationalOperatorReplacement_1,11489616,5358,0,0,0,0,0,36,718
org.mudebug.prapr.mutators.ReturningDereferenceGuardMutator_3,11489654,7231,0,0,0,0,0,0,261
org.pitest.mutationtest.engine.gregor.mutators.PrimitiveReturnsMutator,11489656,553,0,0,0,0,0,31,264
org.mudebug.prapr.mutators.FieldAccessToMethodCallMutator_2,11489689,1777,0,0,0,0,0,0,758
org.mudebug.prapr.mutators.LocalNameMutator_1,11489691,7058,0,0,0,0,0,6,394
org.pitest.mutationtest.engine.gregor.mutators.experimental.RemoveSwitchMutator_99,11489699,495,0,0,0,0,0,0,119
org.mudebug.prapr.mutators.MethodNameMutator_7,11489701,247,0,0,0,0,0,0,239
org.mudebug.prapr.mutators.NonVoidMethodCallGuardMutator_0,11489703,347,0,0,0,0,0,0,537
org.pitest.mutationtest.engine.gregor.mutators.experimental.MemberVariableMutator,11489705,7215,0,0,0,0,0,12,131
org.mudebug.prapr.mutators.MethodNameMutator_3,11489719,7057,0,0,0,0,0,1906,232
org.mudebug.prapr.mutators.RelationalOperatorReplacement_0,11491627,5356,0,0,0,0,0,1,505
org.mudebug.prapr.mutators.FieldAccessToMethodCallMutator_1,11491630,6651,0,0,1,1,1,4472,384
org.mudebug.prapr.mutators.DereferenceGuardMutator_1,11496112,6721,0,0,0,0,0,0,1331
org.mudebug.prapr.mutators.FieldNameMutator_1,11496114,3558,0,0,0,1,1,26,137
org.pitest.mutationtest.engine.gregor.mutators.NonVoidMethodCallMutator,11496142,6710,0,0,0,1,1,8,1068
org.mudebug.prapr.mutators.FieldNameMutator_4,11496152,1777,0,0,0,0,0,0,734
org.pitest.mutationtest.engine.gregor.mutators.RemoveConditionalMutator_EQUAL_IF,11496154,7302,0,0,1,1,1,5538,111
org.pitest.mutationtest.engine.gregor.mutators.ReturnValsMutator,11501694,346,0,0,1,1,1,3106,499
org.mudebug.prapr.mutators.MethCallResultGuard_0,11504802,1053,0,0,0,0,0,0,440
org.pitest.mutationtest.engine.gregor.mutators.EmptyObjectReturnValsMutator,11504804,7305,0,0,0,0,0,1968,208
org.mudebug.prapr.mutators.ArgumentListMutator_2,11506774,7783,0,0,1,1,1,5985,351
org.mudebug.prapr.mutators.DereferenceGuardMutator_0,11512761,4667,0,0,0,0,0,5,69
org.pitest.mutationtest.engine.gregor.mutators.ReturnValsMutator,11512768,3563,0,0,0,1,1,75,307
org.mudebug.prapr.mutators.MethCallResultGuard_0,11512845,6706,0,0,0,0,0,0,1018
org.mudebug.prapr.mutators.RelationalOperatorReplacement_3,11512847,5356,0,0,0,0,0,1,490
org.mudebug.prapr.mutators.MethCallResultGuard_0,11512850,6708,0,0,0,0,0,0,1050
org.mudebug.prapr.mutators.MethodNameMutator_2,11512852,244,0,0,0,0,0,23,187
org.mudebug.prapr.mutators.ArgumentListMutator_4,11512877,4392,0,0,0,0,0,5,59
org.mudebug.prapr.mutators.NonVoidMethodCallGuardMutator_0,11512887,1049,0,0,0,0,0,0,366
org.mudebug.prapr.mutators.ReturningDereferenceGuardMutator_4,11512889,543,0,0,0,0,0,5,90
org.mudebug.prapr.mutators.FieldNameMutator_5,11512896,7058,0,0,1,1,1,5226,417
org.mudebug.prapr.mutators.RelationalOperatorReplacement_1,11518124,5358,0,0,0,0,0,0,754
org.mudebug.prapr.mutators.FieldAccessToMethodCallMutator_4,11518126,1777,0,0,0,0,0,0,709
org.mudebug.prapr.mutators.FieldAccessToMethodCallMutator_3,11518128,6743,0,0,0,0,0,2081,1873
org.mudebug.prapr.mutators.FieldNameMutator_2,11520211,1777,0,0,0,0,0,4,701
org.pitest.mutationtest.engine.gregor.mutators.NonVoidMethodCallMutator,11520217,244,0,0,0,1,1,54,181
org.pitest.mutationtest.engine.gregor.mutators.VoidMethodCallMutator,11520275,7059,0,0,0,0,0,76,547
org.mudebug.prapr.mutators.FieldNameMutator_0,11520353,6650,0,0,1,1,1,5298,369
org.mudebug.prapr.mutators.NonVoidMethodCallGuardMutator_0,11525653,6931,0,0,0,0,0,0,852
org.pitest.mutationtest.engine.gregor.mutators.EmptyObjectReturnValsMutator,11525655,6415,0,0,0,1,1,28,313
org.mudebug.prapr.mutators.ArgumentListMutator_1,11525685,5356,0,0,0,0,0,33,576
org.mudebug.prapr.mutators.LocalToFieldAccessMutator_1,11525720,551,0,0,0,0,0,17,212
org.mudebug.prapr.mutators.MethodNameMutator_0,11525739,5356,0,0,0,0,0,3,440
org.pitest.mutationtest.engine.gregor.mutators.experimental.RemoveSwitchMutator_47,11525744,6649,0,0,0,0,0,0,175
org.mudebug.prapr.mutators.MethodNameMutator_0,11525746,1563,0,0,0,0,0,4,254
org.mudebug.prapr.mutators.FieldNameMutator_2,11525752,1101,0,0,0,0,0,22,1020
org.mudebug.prapr.mutators.RelationalOperatorReplacement_2,11525776,247,0,0,0,0,0,0,251
org.pitest.mutationtest.engine.gregor.mutators.experimental.MemberVariableMutator,11525778,6696,0,0,0,1,1,580,837
org.mudebug.prapr.mutators.NonVoidMethodCallGuardMutator_0,11526360,7355,0,0,0,0,0,0,116
org.mudebug.prapr.mutators.MethodNameMutator_0,11526362,7058,0,0,0,0,0,0,447
org.mudebug.prapr.mutators.RelationalOperatorReplacement_3,11526364,6732,0,0,0,0,0,0,1596
org.mudebug.prapr.mutators.NonVoidMethodCallGuardMutator_0,11526366,7396,0,0,0,0,0,0,97
org.mudebug.prapr.mutators.ReturningDereferenceGuardMutator_3,11526368,7231,0,0,0,0,0,5,260
org.mudebug.prapr.mutators.NonVoidMethodCallGuardMutator_0,11526375,551,0,0,0,0,0,0,215
org.mudebug.prapr.mutators.LocalNameMutator_0,11526377,7215,0,0,0,0,0,2329,125
org.pitest.mutationtest.engine.gregor.mutators.NonVoidMethodCallMutator,11528708,7059,0,0,1,1,1,5538,551
org.mudebug.prapr.mutators.LocalToFieldAccessMutator_2,11534248,6725,0,0,0,1,1,1,1369
org.mudebug.prapr.mutators.LocalToFieldAccessMutator_0,11534251,6707,0,0,1,1,1,44,1043
org.pitest.mutationtest.engine.gregor.mutators.ReturnValsMutator,11534297,1141,0,0,0,1,1,5162,1715
org.pitest.mutationtest.engine.gregor.mutators.InlineConstantMutator,11539464,5356,0,0,0,0,0,0,575
org.mudebug.prapr.mutators.LocalToFieldAccessMutator_4,11539466,6686,0,0,1,1,1,2867,742
org.mudebug.prapr.mutators.FieldToLocalAccessMutator_0,11542335,6721,0,0,0,0,0,17,1331
org.mudebug.prapr.mutators.ReturningDereferenceGuardMutator_4,11542354,1554,0,0,0,0,0,5,143
org.pitest.mutationtest.engine.gregor.mutators.NonVoidMethodCallMutator,11542361,6689,0,0,0,0,0,26,781
org.mudebug.prapr.mutators.LocalToFieldAccessMutator_3,11542389,6687,0,0,1,1,1,5365,759
org.mudebug.prapr.mutators.LocalNameMutator_0,11547756,6725,0,1,1,1,1,1,1367
org.mudebug.prapr.mutators.FieldNameMutator_2,11547758,7215,0,0,1,1,1,5538,137
org.mudebug.prapr.mutators.ArgumentListMutator_4,11553298,7379,0,0,0,0,0,1,390
org.pitest.mutationtest.engine.gregor.mutators.InlineConstantMutator,11553301,1143,0,0,0,0,0,8,1727
org.pitest.mutationtest.engine.gregor.mutators.experimental.MemberVariableMutator,11553311,7613,0,0,0,0,0,0,56
org.mudebug.prapr.mutators.MethodNameMutator_9,11553313,1564,0,0,0,0,0,29,262
org.mudebug.prapr.mutators.ReturningDereferenceGuardMutator_0,11553344,556,0,0,0,0,0,5,1186
org.mudebug.prapr.mutators.RelationalOperatorReplacement_2,11553351,5358,0,0,0,0,0,32,754
org.mudebug.prapr.mutators.RelationalOperatorReplacement_0,11553388,3589,0,0,0,0,0,3,1062
org.pitest.mutationtest.engine.gregor.mutators.InlineConstantMutator,11553393,6744,0,0,0,0,0,0,1888
org.mudebug.prapr.mutators.MethodNameMutator_6,11553395,7232,0,0,0,0,0,0,273
org.pitest.mutationtest.engine.gregor.mutators.experimental.MemberVariableMutator,11553397,1046,0,0,0,0,0,12,313
org.pitest.mutationtest.engine.gregor.mutators.ReturnValsMutator,11553411,241,0,0,0,0,0,8,145
org.mudebug.prapr.mutators.FieldNameMutator_0,11553421,6651,0,0,1,1,1,4348,385
org.mudebug.prapr.mutators.MethodNameMutator_2,11557771,1562,0,0,0,0,0,22,213
org.pitest.mutationtest.engine.gregor.mutators.InlineConstantMutator,11557795,3592,0,0,0,1,1,127,1084
org.mudebug.prapr.mutators.NonVoidMethodCallGuardMutator_0,11557924,1119,0,0,0,0,0,0,1434
org.mudebug.prapr.mutators.MethodNameMutator_0,11557926,5356,0,0,0,0,0,0,496
org.mudebug.prapr.mutators.FieldToLocalAccessMutator_0,11557928,6689,0,0,0,1,1,156,783
org.mudebug.prapr.mutators.MethodNameMutator_1,11558086,6931,0,0,0,0,0,106,852
org.mudebug.prapr.mutators.DereferenceGuardMutator_3,11558194,7057,0,0,0,0,0,0,231
org.mudebug.prapr.mutators.FieldNameMutator_0,11558196,1245,0,0,0,1,1,69,801
org.mudebug.prapr.mutators.LocalToFieldAccessMutator_0,11558267,6715,0,0,0,0,0,5,1173
org.mudebug.prapr.mutators.MethodNameMutator_0,11558274,6712,0,0,0,1,1,117,1137
org.mudebug.prapr.mutators.FieldNameMutator_1,11558393,6683,0,0,1,1,1,459,687
org.mudebug.prapr.mutators.MethCallResultGuard_1,11558854,355,0,0,0,0,0,0,627
org.pitest.mutationtest.engine.gregor.mutators.RemoveConditionalMutator_EQUAL_ELSE,11558856,6689,0,0,0,1,1,5,782
org.pitest.mutationtest.engine.gregor.mutators.ReturnValsMutator,11558863,7222,0,0,0,0,0,647,187
org.mudebug.prapr.mutators.ReturningDereferenceGuardMutator_0,11559512,1799,0,0,0,0,0,0,931
org.mudebug.prapr.mutators.FieldNameMutator_3,11559514,1777,0,0,0,0,0,0,647
org.pitest.mutationtest.engine.gregor.mutators.PrimitiveReturnsMutator,11559516,3498,0,0,0,0,0,0,453
org.mudebug.prapr.mutators.FieldAccessToMethodCallMutator_0,11559518,1777,0,0,0,0,0,0,669
org.pitest.mutationtest.engine.gregor.mutators.ReturnValsMutator,11559520,6415,0,0,0,1,1,16,405
org.mudebug.prapr.mutators.MethodNameMutator_2,11559538,6706,0,0,0,1,1,8,964
org.mudebug.prapr.mutators.LocalToFieldAccessMutator_3,11559548,6742,0,0,1,1,1,2920,1853
org.mudebug.prapr.mutators.MethodNameMutator_1,11562470,4410,0,0,1,1,1,3887,456
org.mudebug.prapr.mutators.RelationalOperatorReplacement_1,11566359,6714,0,0,0,1,1,271,1161
org.pitest.mutationtest.engine.gregor.mutators.ReturnValsMutator,11566632,495,0,0,1,1,1,4754,202
org.mudebug.prapr.mutators.LocalNameMutator_0,11571388,6742,0,0,1,1,1,2764,1855
org.mudebug.prapr.mutators.ArgumentListMutator_2,11574154,7784,0,0,0,1,1,2581,355
org.mudebug.prapr.mutators.FieldNameMutator_4,11576737,1777,0,0,0,0,0,0,633
org.pitest.mutationtest.engine.gregor.mutators.ReturnValsMutator,11576739,1834,0,0,1,1,1,5209,78
org.mudebug.prapr.mutators.MethodNameMutator_0,11581950,3558,0,0,0,0,0,11,122
org.mudebug.prapr.mutators.LocalNameMutator_0,11581963,4411,0,0,1,1,1,4269,472
org.mudebug.prapr.mutators.ArgumentListMutator_1,11586234,6725,0,0,0,1,1,0,1369
org.pitest.mutationtest.engine.gregor.mutators.experimental.RemoveSwitchMutator_2,11586236,3611,0,0,0,0,0,819,1332
org.mudebug.prapr.mutators.ReturningDereferenceGuardMutator_0,11587057,1053,0,0,0,0,0,0,434
org.mudebug.prapr.mutators.DereferenceGuardMutator_4,11587059,544,0,0,0,0,0,0,119
org.pitest.mutationtest.engine.gregor.mutators.NonVoidMethodCallMutator,11587061,543,0,0,0,0,0,2,90
org.mudebug.prapr.mutators.FieldNameMutator_1,11587065,1777,0,0,0,0,0,0,678
org.mudebug.prapr.mutators.ArgumentListMutator_4,11587067,557,0,0,1,1,1,3034,1190
org.mudebug.prapr.mutators.MethCallResultGuard_2,11590103,6706,0,0,0,0,0,0,977
org.mudebug.prapr.mutators.MethCallResultGuard_2,11590105,7058,0,0,0,0,0,0,435
org.mudebug.prapr.mutators.LocalToFieldAccessMutator_1,11590107,6721,0,0,0,0,0,150,1331
org.mudebug.prapr.mutators.ReturningDereferenceGuardMutator_1,11590259,1083,0,0,0,0,0,0,844
org.pitest.mutationtest.engine.gregor.mutators.ArgumentPropagationMutator,11590261,6712,0,0,0,1,1,111,1137
org.mudebug.prapr.mutators.LocalToFieldAccessMutator_0,11590374,7204,0,0,0,0,0,7,135
org.mudebug.prapr.mutators.RelationalOperatorReplacement_3,11590383,1563,0,0,0,0,0,47,241
org.mudebug.prapr.mutators.DereferenceGuardMutator_3,11590432,328,0,0,0,0,0,23,278
org.pitest.mutationtest.engine.gregor.mutators.NonVoidMethodCallMutator,11590460,359,0,0,1,1,1,3535,674
org.mudebug.prapr.mutators.LocalNameMutator_0,11593997,7058,0,0,0,0,0,2255,374
org.mudebug.prapr.mutators.FieldNameMutator_4,11596254,7058,0,0,1,1,1,5538,244
org.mudebug.prapr.mutators.LocalNameMutator_0,11601794,7058,0,0,0,0,0,0,471
org.mudebug.prapr.mutators.MethodNameMutator_3,11601796,5356,0,0,1,1,1,2739,82
org.mudebug.prapr.mutators.ReturningDereferenceGuardMutator_2,11604537,6678,0,0,0,0,0,0,610
org.mudebug.prapr.mutators.LocalNameMutator_0,11604539,517,0,0,0,0,0,14,114
org.pitest.mutationtest.engine.gregor.mutators.NonVoidMethodCallMutator,11604555,346,0,0,1,1,1,3106,490
org.mudebug.prapr.mutators.DereferenceGuardMutator_1,11607663,6718,0,0,0,0,0,0,1267
org.mudebug.prapr.mutators.LocalToFieldAccessMutator_1,11607665,7302,0,0,0,0,0,11,105
org.pitest.mutationtest.engine.gregor.mutators.ReturnValsMutator,11607678,3584,0,0,0,1,1,155,969
org.mudebug.prapr.mutators.DereferenceGuardMutator_1,11607835,5214,0,0,0,0,0,0,112
org.mudebug.prapr.mutators.ArgumentListMutator_2,11607837,6684,0,0,0,0,0,4,697
org.pitest.mutationtest.engine.gregor.mutators.experimental.NakedReceiverMutator,11607843,1234,0,0,1,1,1,3,310
org.mudebug.prapr.mutators.RelationalOperatorReplacement_3,11607848,5356,0,0,1,1,1,1074,428
org.mudebug.prapr.mutators.LocalToFieldAccessMutator_0,11608924,1118,0,0,0,1,1,169,1426
org.pitest.mutationtest.engine.gregor.mutators.NegateConditionalsMutator,11609105,7241,0,0,0,0,0,29,432
org.pitest.mutationtest.engine.gregor.mutators.ConstructorCallMutator,11609136,1106,0,0,1,1,1,2974,1199
org.pitest.mutationtest.engine.gregor.mutators.NegateConditionalsMutator,11612112,5212,0,0,1,1,1,2868,60
org.mudebug.prapr.mutators.FieldToLocalAccessMutator_3,11614982,6743,0,0,0,0,0,1692,1871
org.mudebug.prapr.mutators.FieldAccessToMethodCallMutator_0,11616676,1777,0,0,0,0,0,0,640
org.pitest.mutationtest.engine.gregor.mutators.NegateConditionalsMutator,11616678,5356,0,0,0,1,1,227,350
org.pitest.mutationtest.engine.gregor.mutators.NonVoidMethodCallMutator,11616907,551,0,0,0,0,0,51,223
org.mudebug.prapr.mutators.FieldToLocalAccessMutator_0,11616960,543,0,0,0,1,1,2221,105
org.pitest.mutationtest.engine.gregor.mutators.InlineConstantMutator,11619183,244,0,0,1,1,1,2712,176
org.pitest.mutationtest.engine.gregor.mutators.NonVoidMethodCallMutator,11621897,5374,0,0,0,0,0,0,1006
org.mudebug.prapr.mutators.NonVoidMethodCallGuardMutator_0,11621899,7382,0,0,0,0,0,0,431
org.mudebug.prapr.mutators.NonVoidMethodCallGuardMutator_0,11621901,1053,0,0,0,0,0,5,442
org.mudebug.prapr.mutators.RelationalOperatorReplacement_3,11621908,6732,0,0,0,0,0,0,1624
org.mudebug.prapr.mutators.FieldAccessToMethodCallMutator_3,11621910,1777,0,0,0,0,0,0,683
org.mudebug.prapr.mutators.DereferenceGuardMutator_3,11621912,7061,0,0,0,0,0,0,573
org.mudebug.prapr.mutators.DereferenceGuardMutator_0,11621914,6732,0,0,0,0,0,0,1624
org.mudebug.prapr.mutators.RelationalOperatorReplacement_0,11621916,1245,0,0,0,0,0,10,803
org.mudebug.prapr.mutators.LocalNameMutator_0,11621928,6738,0,0,1,1,1,247,1798
org.mudebug.prapr.mutators.FieldNameMutator_1,11622177,1777,0,0,0,0,0,0,644
org.mudebug.prapr.mutators.ArgumentListMutator_3,11622179,5358,0,0,0,0,0,32,762
org.mudebug.prapr.mutators.LocalToFieldAccessMutator_3,11622213,6671,0,0,1,1,1,5688,548
org.mudebug.prapr.mutators.ArgumentListMutator_1,11627903,7263,0,0,1,1,1,5538,851
org.mudebug.prapr.mutators.MethodNameMutator_2,11633443,1234,0,0,0,0,0,14,271
org.pitest.mutationtest.engine.gregor.mutators.RemoveConditionalMutator_EQUAL_ELSE,11633459,244,0,0,0,0,0,26,187
org.mudebug.prapr.mutators.LocalNameMutator_0,11633487,3388,0,0,1,1,1,109,77
org.mudebug.prapr.mutators.LocalToFieldAccessMutator_0,11633598,4395,0,0,0,0,0,5,249
org.mudebug.prapr.mutators.ReturningDereferenceGuardMutator_3,11633605,6678,0,0,0,0,0,0,603
org.mudebug.prapr.mutators.RelationalOperatorReplacement_1,11633607,7365,0,0,0,0,0,0,229
org.mudebug.prapr.mutators.ArgumentListMutator_4,11633609,4392,0,0,0,0,0,5,53
org.mudebug.prapr.mutators.RelationalOperatorReplacement_2,11633619,3664,0,0,0,1,1,412,2181
org.pitest.mutationtest.engine.gregor.mutators.VoidMethodCallMutator,11634036,1246,0,0,0,1,1,9,820
org.mudebug.prapr.mutators.FieldNameMutator_0,11634047,1777,0,0,0,0,0,42,659
org.mudebug.prapr.mutators.ReturningDereferenceGuardMutator_2,11634091,1053,0,0,0,0,0,0,433
org.pitest.mutationtest.engine.gregor.mutators.NonVoidMethodCallMutator,11634093,551,0,0,1,1,1,4299,214
org.mudebug.prapr.mutators.LocalToFieldAccessMutator_0,11638394,544,0,0,0,1,1,2220,119
org.mudebug.prapr.mutators.ArgumentListMutator_4,11640616,1101,0,0,0,0,0,22,1020
org.mudebug.prapr.mutators.RelationalOperatorReplacement_0,11640640,244,0,0,0,1,1,77,181
org.pitest.mutationtest.engine.gregor.mutators.experimental.MemberVariableMutator,11640719,7209,0,0,0,0,0,13,73
org.pitest.mutationtest.engine.gregor.mutators.NonVoidMethodCallMutator,11640734,7063,0,0,0,0,0,1,609
org.mudebug.prapr.mutators.FieldToLocalAccessMutator_2,11640737,6684,0,0,0,0,0,133,714
org.pitest.mutationtest.engine.gregor.mutators.ConditionalsBoundaryMutator,11640872,7198,0,0,1,1,1,5538,67
org.mudebug.prapr.mutators.MethodNameMutator_2,11646412,1129,0,0,0,1,1,1471,1604
org.mudebug.prapr.mutators.ReturningDereferenceGuardMutator_3,11647885,6668,0,0,0,0,0,0,536
org.mudebug.prapr.mutators.LocalNameMutator_0,11647887,7058,0,0,0,0,0,1609,307
org.mudebug.prapr.mutators.MethodNameMutator_8,11649501,7259,0,0,0,0,0,259,823
org.mudebug.prapr.mutators.RelationalOperatorReplacement_3,11649762,1562,0,0,0,0,0,22,213
org.pitest.mutationtest.engine.gregor.mutators.RemoveConditionalMutator_EQUAL_ELSE,11649786,6652,0,0,1,1,1,5084,395
org.mudebug.prapr.mutators.ReturningDereferenceGuardMutator_1,11654872,3416,0,0,0,0,0,0,77
org.mudebug.prapr.mutators.MethodNameMutator_6,11654874,1562,0,0,0,0,0,22,213
org.mudebug.prapr.mutators.ReturningDereferenceGuardMutator_3,11654898,6652,0,0,0,0,0,0,393
org.mudebug.prapr.mutators.FieldAccessToMethodCallMutator_2,11654900,7385,0,0,0,0,0,21,501
org.mudebug.prapr.mutators.FieldAccessToMethodCallMutator_0,11654923,5209,0,0,0,0,0,0,288
org.mudebug.prapr.mutators.ArgumentListMutator_0,11654925,1082,0,0,0,0,0,0,834
org.mudebug.prapr.mutators.ArgumentListMutator_4,11654927,347,0,0,0,0,0,22,507
org.mudebug.prapr.mutators.RelationalOperatorReplacement_3,11654951,5362,0,0,0,0,0,2,816
org.mudebug.prapr.mutators.RelationalOperatorReplacement_0,11654955,7383,0,0,0,0,0,1852,457
org.mudebug.prapr.mutators.ArgumentListMutator_2,11656809,6706,0,0,0,1,1,8,966
org.mudebug.prapr.mutators.LocalToFieldAccessMutator_0,11656819,4411,0,0,0,0,0,0,476
org.mudebug.prapr.mutators.NonVoidMethodCallGuardMutator_0,11656821,7058,0,0,0,0,0,0,347
org.mudebug.prapr.mutators.MethodNameMutator_1,11656823,6706,0,0,1,1,1,50,932
org.pitest.mutationtest.engine.gregor.mutators.RemoveConditionalMutator_EQUAL_ELSE,11656875,3417,0,1,1,1,1,2512,96
org.mudebug.prapr.mutators.MethCallResultGuard_0,11659388,7058,0,0,0,0,0,0,425
org.mudebug.prapr.mutators.ArgumentListMutator_1,11659390,6725,0,0,0,1,1,0,1369
org.mudebug.prapr.mutators.LocalToFieldAccessMutator_0,11659392,6725,0,0,1,1,1,2799,1367
org.mudebug.prapr.mutators.MethodNameMutator_1,11662193,1246,0,0,1,1,1,22,820
org.mudebug.prapr.mutators.MethodNameMutator_2,11662217,6725,0,0,0,0,0,0,1369
org.mudebug.prapr.mutators.MethodNameMutator_5,11662219,1245,0,0,1,1,1,72,673
org.mudebug.prapr.mutators.ArgumentListMutator_3,11662293,6384,0,0,1,1,1,2403,244
org.mudebug.prapr.mutators.ArgumentListMutator_5,11664698,6737,0,0,0,0,0,0,1782
org.mudebug.prapr.mutators.FieldAccessToMethodCallMutator_3,11664700,6650,0,0,0,0,0,0,371
org.mudebug.prapr.mutators.ArgumentListMutator_1,11664702,7052,0,0,1,1,1,5538,198
org.mudebug.prapr.mutators.RelationalOperatorReplacement_2,11670242,5213,0,0,0,0,0,25,91
org.mudebug.prapr.mutators.RelationalOperatorReplacement_2,11670269,6715,0,0,0,0,0,0,1173
org.pitest.mutationtest.engine.gregor.mutators.InlineConstantMutator,11670274,3664,0,0,0,1,1,361,2195
org.mudebug.prapr.mutators.FieldAccessToMethodCallMutator_2,11670637,1777,0,0,0,0,0,0,670
org.mudebug.prapr.mutators.FieldNameMutator_0,11670639,4415,0,0,1,1,1,5220,551
org.pitest.mutationtest.engine.gregor.mutators.InlineConstantMutator,11675861,334,0,0,0,0,0,5,382
org.pitest.mutationtest.engine.gregor.mutators.NonVoidMethodCallMutator,11675868,662,0,0,0,0,0,14,284
org.mudebug.prapr.mutators.MethodNameMutator_3,11675884,1231,0,0,1,1,1,44,72
org.pitest.mutationtest.engine.gregor.mutators.NonVoidMethodCallMutator,11675930,7250,0,0,0,0,0,50,663
org.mudebug.prapr.mutators.VoidMethodCallGuardMutator,11675982,7058,0,0,0,0,0,0,484
org.mudebug.prapr.mutators.FieldNameMutator_3,11675984,1777,0,0,0,0,0,0,646
org.mudebug.prapr.mutators.RelationalOperatorReplacement_2,11675986,7241,0,0,0,0,0,56,429
org.mudebug.prapr.mutators.MethodNameMutator_0,11676044,346,0,0,1,1,1,2752,498
org.mudebug.prapr.mutators.FieldNameMutator_1,11678798,7058,0,0,0,0,0,0,266
org.mudebug.prapr.mutators.MethCallResultGuard_1,11678800,5356,0,0,0,0,0,0,440
org.mudebug.prapr.mutators.RelationalOperatorReplacement_2,11678802,1234,0,0,0,1,1,5,302
org.mudebug.prapr.mutators.FieldAccessToMethodCallMutator_4,11678809,1777,0,0,0,0,0,0,679
org.mudebug.prapr.mutators.MethodNameMutator_1,11678811,1234,0,0,1,1,1,29,271
org.mudebug.prapr.mutators.FieldNameMutator_0,11678842,4632,0,0,0,0,0,0,118
org.pitest.mutationtest.engine.gregor.mutators.NonVoidMethodCallMutator,11678844,350,0,0,1,1,1,1082,584
org.pitest.mutationtest.engine.gregor.mutators.experimental.MemberVariableMutator,11679928,4392,0,0,0,0,0,0,210
org.pitest.mutationtest.engine.gregor.mutators.NonVoidMethodCallMutator,11679930,1245,0,0,0,0,0,8,727
org.pitest.mutationtest.engine.gregor.mutators.ReturnValsMutator,11679940,3712,0,0,1,1,1,5202,98
org.mudebug.prapr.mutators.LocalNameMutator_0,11685152,5358,0,0,0,0,0,1,766
org.pitest.mutationtest.engine.gregor.mutators.VoidMethodCallMutator,11685155,1562,0,0,0,0,0,0,204
org.pitest.mutationtest.engine.gregor.mutators.experimental.MemberVariableMutator,11685157,1777,0,0,0,0,0,74,732
org.mudebug.prapr.mutators.NonVoidMethodCallGuardMutator_0,11685233,7233,0,0,0,0,0,0,297
org.pitest.mutationtest.engine.gregor.mutators.InlineConstantMutator,11685235,6744,0,0,0,0,0,4,1892
org.mudebug.prapr.mutators.ReturningDereferenceGuardMutator_3,11685241,3417,0,0,0,0,0,0,100
org.mudebug.prapr.mutators.DereferenceGuardMutator_0,11685243,3249,0,0,0,0,0,0,97
org.mudebug.prapr.mutators.MethCallResultGuard_2,11685245,1082,0,0,0,0,0,0,834
org.mudebug.prapr.mutators.FieldNameMutator_4,11685247,1777,0,0,0,0,0,0,559
org.mudebug.prapr.mutators.MethCallResultGuard_1,11685249,1234,0,0,0,0,0,0,312
org.mudebug.prapr.mutators.MethCallResultGuard_1,11685251,244,0,0,0,0,0,23,187
org.mudebug.prapr.mutators.FieldToLocalAccessMutator_0,11685276,4626,0,0,0,1,1,4735,80
org.mudebug.prapr.mutators.LocalToFieldAccessMutator_2,11690013,6715,0,0,0,0,0,75,1176
org.pitest.mutationtest.engine.gregor.mutators.RemoveConditionalMutator_EQUAL_ELSE,11690090,5356,0,0,1,1,1,193,523
org.mudebug.prapr.mutators.ArgumentListMutator_1,11690285,7202,0,0,0,0,0,5,123
org.mudebug.prapr.mutators.DereferenceGuardMutator_0,11690292,1101,0,0,0,0,0,0,1020
org.mudebug.prapr.mutators.FieldToLocalAccessMutator_1,11690294,503,0,0,0,0,0,387,66
org.pitest.mutationtest.engine.gregor.mutators.RemoveConditionalMutator_EQUAL_ELSE,11690683,5213,0,0,0,0,0,30,91
org.mudebug.prapr.mutators.DereferenceGuardMutator_3,11690715,931,0,0,0,0,0,0,633
org.mudebug.prapr.mutators.MethodNameMutator_1,11690717,3664,0,0,1,1,1,76,2189
org.mudebug.prapr.mutators.NonVoidMethodCallGuardMutator_0,11690795,4680,0,0,0,0,0,0,120
org.pitest.mutationtest.engine.gregor.mutators.VoidMethodCallMutator,11690797,1046,0,0,1,1,1,2997,304
org.pitest.mutationtest.engine.gregor.mutators.NegateConditionalsMutator,11693796,5356,0,0,1,1,1,193,523
org.pitest.mutationtest.engine.gregor.mutators.NonVoidMethodCallMutator,11693991,4410,0,0,0,0,0,1178,439
org.mudebug.prapr.mutators.MethodNameMutator_1,11695171,1248,0,0,0,0,0,15,870
org.mudebug.prapr.mutators.ArgumentListMutator_2,11695188,1553,0,0,1,1,1,2698,135
org.pitest.mutationtest.engine.gregor.mutators.EmptyObjectReturnValsMutator,11697888,2967,0,0,0,1,1,199,618
org.mudebug.prapr.mutators.DereferenceGuardMutator_3,11698089,7385,0,0,0,0,0,0,501
org.mudebug.prapr.mutators.MethodNameMutator_0,11698091,6728,0,0,0,1,1,2809,1407
org.pitest.mutationtest.engine.gregor.mutators.experimental.RemoveSwitchMutator_25,11700902,3584,0,0,0,0,0,4,901
org.pitest.mutationtest.engine.gregor.mutators.RemoveConditionalMutator_EQUAL_ELSE,11700908,5376,0,0,0,0,0,0,1046
org.mudebug.prapr.mutators.MethodNameMutator_0,11700910,7199,0,0,0,0,0,15,85
org.mudebug.prapr.mutators.FieldToLocalAccessMutator_0,11700927,546,0,0,0,0,0,2,148
org.mudebug.prapr.mutators.FieldNameMutator_0,11700931,4630,0,0,1,1,1,5209,110
org.mudebug.prapr.mutators.FieldNameMutator_4,11706142,1777,0,0,0,0,0,0,756
org.mudebug.prapr.mutators.DereferenceGuardMutator_0,11706144,6721,0,0,0,0,0,1,1331
org.pitest.mutationtest.engine.gregor.mutators.NonVoidMethodCallMutator,11706147,551,0,0,1,1,1,4304,212
org.mudebug.prapr.mutators.MethodNameMutator_2,11710453,1234,0,0,1,1,1,16,260
org.mudebug.prapr.mutators.NonVoidMethodCallGuardMutator_0,11710471,5219,0,0,0,0,0,5,181
org.pitest.mutationtest.engine.gregor.mutators.NegateConditionalsMutator,11710478,1234,0,0,0,1,1,4,302
org.mudebug.prapr.mutators.DereferenceGuardMutator_0,11710484,7302,0,0,0,0,0,0,102
org.pitest.mutationtest.engine.gregor.mutators.ReturnValsMutator,11710486,6974,0,0,0,0,0,511,76
org.mudebug.prapr.mutators.MethCallResultGuard_2,11710999,3675,0,0,0,0,0,0,2358
org.pitest.mutationtest.engine.gregor.mutators.NonVoidMethodCallMutator,11711001,554,0,0,1,1,1,5365,272
org.mudebug.prapr.mutators.MethCallResultGuard_2,11716368,5356,0,0,0,1,1,232,81
org.mudebug.prapr.mutators.ReturningDereferenceGuardMutator_0,11716602,5356,0,0,0,0,0,0,115
org.mudebug.prapr.mutators.ReturningDereferenceGuardMutator_1,11716604,6683,0,0,0,0,0,0,686
org.pitest.mutationtest.engine.gregor.mutators.RemoveConditionalMutator_EQUAL_IF,11716606,159,0,0,0,1,1,1,649
org.mudebug.prapr.mutators.LocalToFieldAccessMutator_1,11716609,6743,0,0,1,1,1,2796,1876
org.mudebug.prapr.mutators.FieldToLocalAccessMutator_0,11719407,5212,0,0,0,0,0,158,61
org.mudebug.prapr.mutators.ArgumentListMutator_5,11719567,5362,0,0,0,0,0,28,823
org.mudebug.prapr.mutators.FieldNameMutator_1,11719597,1777,0,0,0,0,0,0,759
org.mudebug.prapr.mutators.ArgumentListMutator_0,11719599,6652,0,0,0,0,0,0,395
org.pitest.mutationtest.engine.gregor.mutators.InlineConstantMutator,11719601,7052,0,0,0,0,0,47,144
org.mudebug.prapr.mutators.NonVoidMethodCallGuardMutator_0,11719650,5356,0,0,0,0,0,0,215
org.mudebug.prapr.mutators.ArgumentListMutator_2,11719652,7058,0,0,0,0,0,17,317
org.pitest.mutationtest.engine.gregor.mutators.ReturnValsMutator,11719671,1234,0,0,0,0,0,4,268
org.mudebug.prapr.mutators.FieldToLocalAccessMutator_1,11719677,503,0,0,0,0,0,38,67
org.mudebug.prapr.mutators.MethodNameMutator_1,11719717,7250,0,0,0,0,0,36,659
org.mudebug.prapr.mutators.MethCallResultGuard_1,11719755,7058,0,0,0,0,0,0,464
org.mudebug.prapr.mutators.RelationalOperatorReplacement_0,11719757,1106,0,0,0,0,0,0,1166
org.pitest.mutationtest.engine.gregor.mutators.NonVoidMethodCallMutator,11719759,7059,0,0,1,1,1,5538,559
org.mudebug.prapr.mutators.DereferenceGuardMutator_3,11725299,7303,0,0,0,0,0,0,167
org.mudebug.prapr.mutators.LocalNameMutator_0,11725301,5356,0,0,1,1,1,2243,576
org.mudebug.prapr.mutators.MethodNameMutator_2,11727546,7259,0,0,1,1,1,5538,823
org.pitest.mutationtest.engine.gregor.mutators.RemoveConditionalMutator_EQUAL_ELSE,11733086,3388,0,0,0,0,0,51,80
org.pitest.mutationtest.engine.gregor.mutators.NonVoidMethodCallMutator,11733139,7058,0,0,0,0,0,1602,303
org.mudebug.prapr.mutators.MethCallResultGuard_0,11734743,370,0,0,0,0,0,0,816
org.pitest.mutationtest.engine.gregor.mutators.ReturnValsMutator,11734745,6902,0,0,0,0,0,0,347
org.pitest.mutationtest.engine.gregor.mutators.experimental.RemoveSwitchMutator_66,11734747,495,0,0,0,0,0,0,119
org.mudebug.prapr.mutators.MethodNameMutator_0,11734749,7232,0,0,0,0,0,5,273
org.mudebug.prapr.mutators.ReturningDereferenceGuardMutator_3,11734756,5209,0,0,0,0,0,0,288
org.mudebug.prapr.mutators.ArgumentListMutator_5,11734758,6706,0,0,0,1,1,2,978
org.mudebug.prapr.mutators.ReturningDereferenceGuardMutator_0,11734762,6690,0,0,0,0,0,0,796
org.mudebug.prapr.mutators.MethodNameMutator_4,11734764,1560,0,0,0,0,0,93,182
org.mudebug.prapr.mutators.MethodNameMutator_5,11734859,5356,0,0,1,1,1,2578,344
org.mudebug.prapr.mutators.ArgumentListMutator_1,11737439,5212,0,0,0,0,0,0,60
org.mudebug.prapr.mutators.LocalNameMutator_0,11737441,7199,0,0,0,0,0,93,84
org.mudebug.prapr.mutators.FieldAccessToMethodCallMutator_2,11737536,1777,0,0,0,0,0,0,665
org.mudebug.prapr.mutators.MethodNameMutator_0,11737538,1560,0,0,1,1,1,2761,196
org.mudebug.prapr.mutators.RelationalOperatorReplacement_1,11740301,7247,0,0,1,1,1,5538,597
org.mudebug.prapr.mutators.FieldNameMutator_5,11745841,1119,0,0,0,0,0,0,1439
org.mudebug.prapr.mutators.ArgumentListMutator_4,11745843,7059,0,0,0,0,0,1,563
org.mudebug.prapr.mutators.MethodNameMutator_3,11745846,1564,0,0,0,0,0,52,262
org.pitest.mutationtest.engine.gregor.mutators.experimental.RemoveSwitchMutator_58,11745900,3636,0,0,0,0,0,0,1649
org.mudebug.prapr.mutators.MethodNameMutator_3,11745902,1234,0,0,0,1,1,20,271
org.mudebug.prapr.mutators.FieldAccessToMethodCallMutator_0,11745924,6712,0,0,1,1,1,5272,1137
org.mudebug.prapr.mutators.FieldNameMutator_1,11751198,1777,0,0,0,0,0,0,749
org.mudebug.prapr.mutators.RelationalOperatorReplacement_1,11751200,7379,0,0,1,1,1,5538,390
org.mudebug.prapr.mutators.FieldNameMutator_0,11756748,1777,0,0,0,0,0,0,689
org.mudebug.prapr.mutators.MethodNameMutator_0,11756750,5214,0,0,0,0,0,28,112
org.mudebug.prapr.mutators.MethCallResultGuard_2,11756780,1127,0,0,0,0,0,0,1580
org.pitest.mutationtest.engine.gregor.mutators.NegateConditionalsMutator,11756782,515,0,0,0,0,0,0,57
org.mudebug.prapr.mutators.MethCallResultGuard_2,11756784,2858,0,0,0,0,0,0,45
org.mudebug.prapr.mutators.ArgumentListMutator_2,11756786,702,0,0,1,1,1,5195,41
org.mudebug.prapr.mutators.ArithmeticOperatorReplacement_7,11761983,5219,0,0,0,0,0,175,181
org.mudebug.prapr.mutators.FieldNameMutator_1,11762160,6684,0,0,0,0,0,129,714
org.mudebug.prapr.mutators.NonVoidMethodCallGuardMutator_0,11762291,6973,0,0,0,0,0,0,71
org.pitest.mutationtest.engine.gregor.mutators.InlineConstantMutator,11762293,6732,0,0,0,0,0,0,1618
org.mudebug.prapr.mutators.FieldAccessToMethodCallMutator_4,11762295,6678,0,0,1,1,1,5985,607
org.mudebug.prapr.mutators.RelationalOperatorReplacement_0,11768282,7365,0,0,0,0,0,540,229
org.mudebug.prapr.mutators.RelationalOperatorReplacement_3,11768824,3558,0,0,0,1,1,48,123
org.mudebug.prapr.mutators.FieldNameMutator_2,11768874,6742,0,0,0,0,0,434,1855
org.pitest.mutationtest.engine.gregor.mutators.RemoveConditionalMutator_EQUAL_ELSE,11769310,1143,0,0,0,0,0,8,1727
org.mudebug.prapr.mutators.RelationalOperatorReplacement_0,11769320,5356,0,0,0,1,1,92,432
org.mudebug.prapr.mutators.FieldNameMutator_1,11769414,7052,0,0,0,0,0,89,182
org.mudebug.prapr.mutators.ReturningDereferenceGuardMutator_1,11769505,3416,0,0,0,0,0,0,77
org.mudebug.prapr.mutators.MethodNameMutator_3,11769507,5356,0,0,0,0,0,2,103
org.mudebug.prapr.mutators.LocalNameMutator_0,11769511,242,0,0,1,1,1,2712,152
org.mudebug.prapr.mutators.MethCallResultGuard_0,11772229,247,0,0,0,0,0,0,243
org.mudebug.prapr.mutators.ReturningDereferenceGuardMutator_0,11772231,4667,0,0,0,0,0,0,69
org.mudebug.prapr.mutators.FieldNameMutator_0,11772233,3447,0,0,0,0,0,2276,1076
org.mudebug.prapr.mutators.FieldNameMutator_3,11774511,7088,0,0,0,0,0,1115,914
org.mudebug.prapr.mutators.RelationalOperatorReplacement_2,11775628,7259,0,0,0,0,0,264,823
org.mudebug.prapr.mutators.LocalToFieldAccessMutator_1,11775894,6665,0,0,1,1,1,5137,524
org.mudebug.prapr.mutators.LocalNameMutator_0,11781033,503,0,0,0,0,0,0,67
org.mudebug.prapr.mutators.RelationalOperatorReplacement_0,11781035,5356,0,0,0,1,1,206,340
org.pitest.mutationtest.engine.gregor.mutators.experimental.MemberVariableMutator,11781243,1777,0,0,0,0,0,0,750
org.mudebug.prapr.mutators.ReturningDereferenceGuardMutator_3,11781245,1106,0,0,0,0,0,0,1196
org.mudebug.prapr.mutators.MethodNameMutator_8,11781247,1245,0,0,1,1,1,20,713
org.pitest.mutationtest.engine.gregor.mutators.NonVoidMethodCallMutator,11781269,3611,0,0,1,1,1,4302,1327
org.mudebug.prapr.mutators.FieldNameMutator_1,11785573,3711,0,0,0,0,0,1,72
org.mudebug.prapr.mutators.FieldNameMutator_1,11785576,1777,0,0,0,0,0,0,679
org.mudebug.prapr.mutators.FieldNameMutator_0,11785578,7385,0,0,0,0,0,59,501
org.mudebug.prapr.mutators.FieldNameMutator_0,11785639,7059,0,0,0,0,0,1617,565
org.mudebug.prapr.mutators.MethodNameMutator_0,11787258,1234,0,0,1,1,1,29,272
org.mudebug.prapr.mutators.FieldToLocalAccessMutator_1,11787289,6742,0,0,1,1,1,2939,1855
org.pitest.mutationtest.engine.gregor.mutators.InlineConstantMutator,11790230,551,0,0,0,0,0,0,212
org.mudebug.prapr.mutators.LocalNameMutator_0,11790232,6689,0,0,1,1,1,5190,783
org.pitest.mutationtest.engine.gregor.mutators.RemoveConditionalMutator_EQUAL_IF,11795424,7302,0,0,0,0,0,7,102
org.mudebug.prapr.mutators.ArithmeticOperatorReplacement_1,11795433,553,0,0,0,0,0,40,267
org.pitest.mutationtest.engine.gregor.mutators.experimental.MemberVariableMutator,11795475,5351,0,0,0,0,0,0,53
org.mudebug.prapr.mutators.FieldNameMutator_0,11795477,6650,0,0,1,1,1,5317,371
org.pitest.mutationtest.engine.gregor.mutators.ReturnValsMutator,11800796,6913,0,0,1,1,1,5538,470
org.mudebug.prapr.mutators.ReturningDereferenceGuardMutator_4,11806336,4415,0,0,0,0,0,0,543
org.mudebug.prapr.mutators.MethCallResultGuard_2,11806338,353,0,0,0,0,0,5,617
org.mudebug.prapr.mutators.LocalToFieldAccessMutator_0,11806345,6738,0,0,1,1,1,253,1794
org.mudebug.prapr.mutators.FieldNameMutator_1,11806600,7058,0,0,1,1,1,5538,247
org.mudebug.prapr.mutators.ArgumentListMutator_2,11812140,7059,0,0,1,1,1,5538,547
org.pitest.mutationtest.engine.gregor.mutators.experimental.MemberVariableMutator,11817680,6684,0,0,0,0,0,108,712
org.pitest.mutationtest.engine.gregor.mutators.NullReturnValsMutator,11817790,1237,0,0,1,1,1,18,545
org.mudebug.prapr.mutators.RelationalOperatorReplacement_1,11817814,3675,0,0,1,1,1,4269,2354
org.mudebug.prapr.mutators.VoidMethodCallGuardMutator,11822085,347,0,0,0,0,0,0,525
org.mudebug.prapr.mutators.FieldAccessToMethodCallMutator_2,11822087,6684,0,0,0,0,0,4,697
org.mudebug.prapr.mutators.LocalNameMutator_0,11822093,6674,0,0,1,1,1,2709,563
org.pitest.mutationtest.engine.gregor.mutators.InlineConstantMutator,11824804,3584,0,0,0,0,0,0,917
org.mudebug.prapr.mutators.RelationalOperatorReplacement_2,11824806,5356,0,0,0,0,0,0,344
org.mudebug.prapr.mutators.FieldNameMutator_5,11824808,7058,0,0,0,0,0,2252,385
org.mudebug.prapr.mutators.MethodNameMutator_0,11827062,6728,0,0,0,0,0,451,1421
org.pitest.mutationtest.engine.gregor.mutators.NonVoidMethodCallMutator,11827515,562,0,0,1,1,1,2371,1210
org.mudebug.prapr.mutators.FieldNameMutator_0,11829888,1555,0,0,0,1,1,213,154
org.mudebug.prapr.mutators.LocalNameMutator_0,11830103,347,0,0,1,1,1,1985,534
org.mudebug.prapr.mutators.ArgumentListMutator_1,11832090,558,0,0,1,1,1,4108,1194
org.mudebug.prapr.mutators.NonVoidMethodCallGuardMutator_0,11836200,7059,0,0,0,0,0,5,561
org.mudebug.prapr.mutators.FieldToLocalAccessMutator_1,11836207,6652,0,0,0,0,0,2621,402
org.mudebug.prapr.mutators.FieldNameMutator_1,11838832,7131,0,0,0,0,0,5,74
org.mudebug.prapr.mutators.DereferenceGuardMutator_3,11838839,1106,0,0,0,0,0,0,1097
org.mudebug.prapr.mutators.FieldAccessToMethodCallMutator_3,11838841,1777,0,0,0,0,0,0,678
org.mudebug.prapr.mutators.LocalNameMutator_0,11838843,6651,0,0,0,0,0,0,381
org.mudebug.prapr.mutators.MethodNameMutator_2,11838845,3416,0,0,0,0,0,0,77
org.mudebug.prapr.mutators.MethCallResultGuard_2,11838847,5354,0,0,0,0,0,0,68
org.mudebug.prapr.mutators.DereferenceGuardMutator_3,11838849,7220,0,0,0,0,0,0,177
org.mudebug.prapr.mutators.FieldAccessToMethodCallMutator_3,11838851,1777,0,0,0,0,0,0,706
org.pitest.mutationtest.engine.gregor.mutators.experimental.RemoveSwitchMutator_90,11838853,6415,0,0,0,0,0,0,273
org.pitest.mutationtest.engine.gregor.mutators.experimental.RemoveSwitchMutator_69,11838855,5356,0,0,0,0,0,0,117
org.mudebug.prapr.mutators.DereferenceGuardMutator_3,11838857,1082,0,0,0,0,0,0,834
org.pitest.mutationtest.engine.gregor.mutators.experimental.MemberVariableMutator,11838859,1777,0,0,0,0,0,0,725
org.mudebug.prapr.mutators.ArgumentListMutator_3,11838861,544,0,0,0,0,0,0,118
org.pitest.mutationtest.engine.gregor.mutators.RemoveConditionalMutator_EQUAL_IF,11838863,7382,0,0,0,0,0,0,441
org.mudebug.prapr.mutators.FieldAccessToMethodCallMutator_1,11838865,6744,0,0,0,1,1,0,1894
org.mudebug.prapr.mutators.ReturningDereferenceGuardMutator_2,11838867,4415,0,0,0,0,0,0,546
org.mudebug.prapr.mutators.FieldNameMutator_1,11838869,1106,0,0,1,1,1,2672,1202
org.mudebug.prapr.mutators.RelationalOperatorReplacement_3,11841543,6706,0,0,0,0,0,33,933
org.mudebug.prapr.mutators.LocalNameMutator_0,11841578,6726,0,0,0,1,1,1483,1383
org.pitest.mutationtest.engine.gregor.mutators.NonVoidMethodCallMutator,11843063,7202,0,0,1,1,1,5538,123
org.pitest.mutationtest.engine.gregor.mutators.VoidMethodCallMutator,11848603,705,0,0,0,0,0,0,65
org.mudebug.prapr.mutators.DereferenceGuardMutator_2,11848605,6723,0,0,0,0,0,0,1346
org.mudebug.prapr.mutators.MethodNameMutator_1,11848607,547,0,0,0,0,0,127,166
org.mudebug.prapr.mutators.MethodNameMutator_2,11848736,4679,0,0,0,0,0,26,115
org.mudebug.prapr.mutators.DereferenceGuardMutator_1,11848764,6678,0,0,0,0,0,0,603
org.mudebug.prapr.mutators.FieldAccessToMethodCallMutator_1,11848766,4410,0,0,0,0,0,4088,444
org.mudebug.prapr.mutators.FieldNameMutator_1,11852856,7088,0,0,0,0,0,1109,914
org.mudebug.prapr.mutators.DereferenceGuardMutator_4,11853967,7057,0,0,0,0,0,0,230
org.mudebug.prapr.mutators.FieldAccessToMethodCallMutator_4,11853969,1777,0,0,0,0,0,0,680
org.pitest.mutationtest.engine.gregor.mutators.RemoveConditionalMutator_EQUAL_ELSE,11853971,546,0,0,0,0,0,14,149
org.mudebug.prapr.mutators.DereferenceGuardMutator_3,11853987,370,0,0,0,0,0,0,816
org.mudebug.prapr.mutators.DereferenceGuardMutator_0,11853989,1119,0,0,0,0,0,5,1434
org.pitest.mutationtest.engine.gregor.mutators.experimental.RemoveSwitchMutator_53,11853996,6415,0,0,0,0,0,0,273
org.pitest.mutationtest.engine.gregor.mutators.NonVoidMethodCallMutator,11853998,7058,0,0,1,1,1,5538,439
org.mudebug.prapr.mutators.LocalNameMutator_1,11859538,1234,0,0,1,1,1,3,309
org.mudebug.prapr.mutators.FieldNameMutator_1,11859543,1777,0,0,0,0,0,0,669
org.mudebug.prapr.mutators.NonVoidMethodCallGuardMutator_0,11859545,4415,0,0,0,0,0,0,551
org.pitest.mutationtest.engine.gregor.mutators.NonVoidMethodCallMutator,11859547,7058,0,0,1,1,1,5538,447
org.mudebug.prapr.mutators.LocalToFieldAccessMutator_0,11865087,7063,0,0,0,0,0,9,599
org.mudebug.prapr.mutators.FieldNameMutator_0,11865098,1106,0,0,0,0,0,2,1135
org.mudebug.prapr.mutators.MethodNameMutator_0,11865102,6743,0,0,1,1,1,2924,1866
org.mudebug.prapr.mutators.ArithmeticOperatorReplacement_5,11868028,347,0,0,0,0,0,6,539
org.mudebug.prapr.mutators.LocalToFieldAccessMutator_0,11868036,1106,0,0,0,0,0,2,1166
org.mudebug.prapr.mutators.NonVoidMethodCallGuardMutator_0,11868040,1563,0,0,0,0,0,0,236
org.mudebug.prapr.mutators.MethodNameMutator_0,11868042,5356,0,0,0,0,0,22,344
org.mudebug.prapr.mutators.ArgumentListMutator_3,11868066,7052,0,0,1,1,1,5538,198
org.pitest.mutationtest.engine.gregor.mutators.InlineConstantMutator,11873606,159,0,0,0,0,0,0,649
org.mudebug.prapr.mutators.LocalNameMutator_2,11873608,347,0,0,1,1,1,4299,551
org.mudebug.prapr.mutators.MethCallResultGuard_0,11877909,5356,0,0,0,1,1,69,499
org.pitest.mutationtest.engine.gregor.mutators.RemoveConditionalMutator_EQUAL_IF,11877980,7476,0,0,0,0,0,17,202
org.mudebug.prapr.mutators.MethodNameMutator_2,11877999,1234,0,0,1,1,1,5,276
org.mudebug.prapr.mutators.ReturningDereferenceGuardMutator_0,11878006,7063,0,0,0,0,0,0,599
org.mudebug.prapr.mutators.LocalNameMutator_2,11878008,7058,0,0,0,0,0,17,389
org.mudebug.prapr.mutators.FieldAccessToMethodCallMutator_0,11878027,6684,0,0,1,1,1,1026,713
org.mudebug.prapr.mutators.FieldAccessToMethodCallMutator_0,11879055,1777,0,0,0,0,0,0,753
org.mudebug.prapr.mutators.MethodNameMutator_2,11879057,5375,0,0,0,1,1,9,1033
org.pitest.mutationtest.engine.gregor.mutators.experimental.MemberVariableMutator,11879068,7215,0,0,1,1,1,5538,141
org.mudebug.prapr.mutators.ArgumentListMutator_2,11884608,7058,0,0,0,0,0,6,488
org.pitest.mutationtest.engine.gregor.mutators.InlineConstantMutator,11884616,1777,0,0,0,0,0,0,643
org.mudebug.prapr.mutators.LocalToFieldAccessMutator_4,11884618,6712,0,0,0,0,0,76,1137
org.mudebug.prapr.mutators.FieldNameMutator_0,11884696,7059,0,0,0,0,0,5,543
org.pitest.mutationtest.engine.gregor.mutators.ReturnValsMutator,11884703,5359,0,0,0,1,1,9,794
org.mudebug.prapr.mutators.LocalToFieldAccessMutator_3,11884714,6674,0,0,1,1,1,2709,564
org.mudebug.prapr.mutators.RelationalOperatorReplacement_3,11887425,1554,0,0,0,0,0,98,143
org.pitest.mutationtest.engine.gregor.mutators.NonVoidMethodCallMutator,11887525,6728,0,0,0,1,1,2809,1407
org.mudebug.prapr.mutators.NonVoidMethodCallGuardMutator_0,11890336,7209,0,0,0,0,0,0,51
org.mudebug.prapr.mutators.ArgumentListMutator_3,11890338,6651,0,0,0,0,0,0,377
org.mudebug.prapr.mutators.LocalToFieldAccessMutator_0,11890340,1106,0,0,0,0,0,0,1142
org.mudebug.prapr.mutators.FieldNameMutator_5,11890342,1106,0,0,0,0,0,5,1185
org.mudebug.prapr.mutators.LocalToFieldAccessMutator_0,11890349,6738,0,0,1,1,1,252,1796
org.mudebug.prapr.mutators.FieldToLocalAccessMutator_0,11890603,7233,0,0,1,1,1,5543,295
org.mudebug.prapr.mutators.FieldAccessToMethodCallMutator_0,11896148,1537,0,0,0,0,0,0,32
org.mudebug.prapr.mutators.ArgumentListMutator_1,11896150,6684,0,0,0,0,0,4,697
org.mudebug.prapr.mutators.ReturningDereferenceGuardMutator_0,11896156,355,0,0,0,0,0,0,627
org.mudebug.prapr.mutators.LocalToFieldAccessMutator_3,11896158,6678,0,0,1,1,1,5985,607
org.mudebug.prapr.mutators.MethodNameMutator_5,11902148,247,0,0,0,0,0,0,242
org.mudebug.prapr.mutators.FieldNameMutator_0,11902150,7476,0,0,0,1,1,29,202
org.mudebug.prapr.mutators.VoidMethodCallGuardMutator,11902181,7058,0,0,0,0,0,0,514
org.mudebug.prapr.mutators.RelationalOperatorReplacement_3,11902183,5356,0,0,0,0,0,2,103
org.mudebug.prapr.mutators.FieldNameMutator_0,11902187,1777,0,0,0,0,0,0,671
org.mudebug.prapr.mutators.LocalToFieldAccessMutator_3,11902189,6706,0,0,1,1,1,22,975
org.mudebug.prapr.mutators.LocalNameMutator_1,11902213,5356,0,0,0,0,0,0,576
org.mudebug.prapr.mutators.ArgumentListMutator_3,11902217,7202,0,0,0,0,0,5,123
org.pitest.mutationtest.engine.gregor.mutators.MathMutator,11902224,5219,0,0,1,1,1,2695,181
org.mudebug.prapr.mutators.ReturningDereferenceGuardMutator_3,11904921,3244,0,0,0,0,0,0,77
org.mudebug.prapr.mutators.FieldAccessToMethodCallMutator_2,11904923,1777,0,0,0,0,0,0,632
org.mudebug.prapr.mutators.LocalToFieldAccessMutator_3,11904925,6678,0,0,1,1,1,5950,611
org.mudebug.prapr.mutators.RelationalOperatorReplacement_3,11910877,6695,0,0,0,1,1,509,831
org.mudebug.prapr.mutators.LocalToFieldAccessMutator_0,11911388,6742,0,0,1,1,1,2938,1849
org.pitest.mutationtest.engine.gregor.mutators.experimental.RemoveSwitchMutator_69,11914328,6415,0,0,0,0,0,0,273
org.pitest.mutationtest.engine.gregor.mutators.experimental.RemoveSwitchMutator_15,11914330,6415,0,0,0,0,0,3,273
org.mudebug.prapr.mutators.FieldNameMutator_5,11914335,1777,0,0,0,0,0,0,745
org.mudebug.prapr.mutators.FieldAccessToMethodCallMutator_0,11914337,1777,0,0,0,0,0,0,723
org.mudebug.prapr.mutators.ReturningDereferenceGuardMutator_0,11914339,1119,0,0,0,0,0,5,1439
org.mudebug.prapr.mutators.ArgumentListMutator_1,11914346,5355,0,0,1,1,1,2868,72
org.mudebug.prapr.mutators.MethodNameMutator_0,11917216,1236,1,0,0,1,1,15,520
org.pitest.mutationtest.engine.gregor.mutators.ConstructorCallMutator,11917233,7365,0,0,0,0,0,2270,232
org.mudebug.prapr.mutators.FieldAccessToMethodCallMutator_4,11919505,1777,0,0,0,0,0,0,727
org.mudebug.prapr.mutators.FieldAccessToMethodCallMutator_0,11919507,1777,0,0,0,0,0,0,685
org.mudebug.prapr.mutators.LocalToFieldAccessMutator_3,11919509,6728,0,0,0,1,1,2686,1409
org.pitest.mutationtest.engine.gregor.mutators.RemoveConditionalMutator_EQUAL_IF,11922197,7355,0,0,0,0,0,1980,113
org.mudebug.prapr.mutators.LocalNameMutator_1,11924179,7058,0,0,0,0,0,2250,374
org.mudebug.prapr.mutators.RelationalOperatorReplacement_3,11926431,4411,0,0,0,0,0,5,476
org.mudebug.prapr.mutators.ReturningDereferenceGuardMutator_0,11926438,7378,0,0,0,0,0,0,380
org.mudebug.prapr.mutators.DereferenceGuardMutator_4,11926440,6737,0,0,0,0,0,0,1782
org.pitest.mutationtest.engine.gregor.mutators.experimental.RemoveSwitchMutator_7,11926442,5356,0,0,0,0,0,0,117
org.mudebug.prapr.mutators.ArgumentListMutator_2,11926444,6652,0,0,0,0,0,0,393
org.pitest.mutationtest.engine.gregor.mutators.PrimitiveReturnsMutator,11926446,555,0,0,1,1,1,4416,1126
org.pitest.mutationtest.engine.gregor.mutators.RemoveConditionalMutator_EQUAL_IF,11930864,3563,0,0,0,0,0,4,307
org.mudebug.prapr.mutators.FieldToLocalAccessMutator_1,11930870,6678,0,0,1,1,1,4876,605
org.mudebug.prapr.mutators.FieldAccessToMethodCallMutator_0,11935748,1777,0,0,0,0,0,5,715
org.mudebug.prapr.mutators.MethCallResultGuard_0,11935755,5356,0,0,0,1,1,224,84
org.pitest.mutationtest.engine.gregor.mutators.InlineConstantMutator,11935981,1777,0,0,0,0,0,1,736
org.mudebug.prapr.mutators.LocalToFieldAccessMutator_0,11935984,547,0,0,0,0,0,127,167
org.mudebug.prapr.mutators.NonVoidMethodCallGuardMutator_0,11936113,547,0,0,0,0,0,0,159
org.pitest.mutationtest.engine.gregor.mutators.NonVoidMethodCallMutator,11936115,6973,0,0,0,0,0,82,71
org.mudebug.prapr.mutators.VoidMethodCallGuardMutator,11936199,1786,0,0,0,0,0,0,845
org.mudebug.prapr.mutators.NonVoidMethodCallGuardMutator_0,11936201,3558,0,0,0,0,0,0,123
org.mudebug.prapr.mutators.LocalToFieldAccessMutator_0,11936203,7202,0,0,1,1,1,5538,125
org.pitest.mutationtest.engine.gregor.mutators.RemoveConditionalMutator_EQUAL_ELSE,11941743,705,0,0,0,0,0,1,57
org.mudebug.prapr.mutators.NonVoidMethodCallGuardMutator_0,11941746,7384,0,0,0,0,0,0,495
org.mudebug.prapr.mutators.FieldNameMutator_2,11941748,7058,0,0,0,0,0,212,471
org.mudebug.prapr.mutators.LocalToFieldAccessMutator_0,11941962,7302,0,0,1,1,1,5538,137
org.mudebug.prapr.mutators.FieldNameMutator_5,11947502,1777,0,0,0,0,0,0,685
org.mudebug.prapr.mutators.ReturningDereferenceGuardMutator_3,11947504,1106,0,0,0,0,0,0,1085
org.mudebug.prapr.mutators.LocalToFieldAccessMutator_0,11947506,6742,0,0,1,1,1,2939,1852
org.mudebug.prapr.mutators.MethCallResultGuard_2,11950447,333,0,0,0,0,0,1,364
org.mudebug.prapr.mutators.ReturningDereferenceGuardMutator_1,11950450,5356,0,0,0,0,0,0,696
org.mudebug.prapr.mutators.NonVoidMethodCallGuardMutator_0,11950452,3249,0,0,0,0,0,0,97
org.mudebug.prapr.mutators.MethodNameMutator_1,11950454,7058,0,0,1,1,1,5538,539
org.mudebug.prapr.mutators.LocalToFieldAccessMutator_2,11955994,6738,0,0,1,1,1,252,1796
org.mudebug.prapr.mutators.MethCallResultGuard_2,11956251,346,0,0,0,0,0,0,490
org.mudebug.prapr.mutators.DereferenceGuardMutator_1,11956253,557,0,0,0,0,0,0,1190
org.mudebug.prapr.mutators.ArgumentListMutator_2,11956255,7059,0,0,1,1,1,5538,549
org.mudebug.prapr.mutators.MethodNameMutator_3,11961795,3902,0,0,0,0,0,0,49
org.pitest.mutationtest.engine.gregor.mutators.experimental.RemoveSwitchMutator_56,11961797,555,0,0,0,0,0,0,872
org.pitest.mutationtest.engine.gregor.mutators.experimental.RemoveSwitchMutator_11,11961799,6649,0,0,0,0,0,0,175
org.mudebug.prapr.mutators.RelationalOperatorReplacement_1,11961801,7790,0,0,0,0,0,5,315
org.mudebug.prapr.mutators.MethodNameMutator_0,11961808,247,0,0,0,0,0,0,247
org.mudebug.prapr.mutators.FieldNameMutator_2,11961810,1042,0,0,0,0,0,11,256
org.pitest.mutationtest.engine.gregor.mutators.ReturnValsMutator,11961823,3713,0,0,0,0,0,38,102
org.mudebug.prapr.mutators.FieldAccessToMethodCallMutator_1,11961863,1777,0,0,0,0,0,0,640
org.mudebug.prapr.mutators.LocalToFieldAccessMutator_1,11961865,6697,0,0,1,1,1,49,848
org.pitest.mutationtest.engine.gregor.mutators.experimental.RemoveSwitchMutator_46,11961916,3636,0,0,0,0,0,0,1649
org.mudebug.prapr.mutators.ArgumentListMutator_1,11961918,7215,0,0,1,1,1,5538,108
org.mudebug.prapr.mutators.LocalNameMutator_1,11967458,7058,0,0,0,0,0,6,367
org.pitest.mutationtest.engine.gregor.mutators.NonVoidMethodCallMutator,11967466,6744,0,0,0,0,0,4,1888
org.mudebug.prapr.mutators.ArgumentListMutator_4,11967472,5355,0,0,1,1,1,2868,72
org.mudebug.prapr.mutators.MethodNameMutator_0,11970342,3626,0,0,0,0,0,410,1516
org.mudebug.prapr.mutators.MethCallResultGuard_1,11970754,7058,0,0,0,0,0,0,408
org.mudebug.prapr.mutators.MethodNameMutator_0,11970756,1248,0,0,0,0,0,4,878
org.pitest.mutationtest.engine.gregor.mutators.experimental.RemoveSwitchMutator_67,11970762,3584,0,0,0,0,0,0,901
org.mudebug.prapr.mutators.MethCallResultGuard_1,11970764,6725,0,0,0,0,0,0,1369
org.mudebug.prapr.mutators.ArgumentListMutator_4,11970766,2458,0,0,1,1,1,4525,52
org.mudebug.prapr.mutators.DereferenceGuardMutator_3,11975293,6744,0,0,0,0,0,4,1894
org.mudebug.prapr.mutators.ArgumentListMutator_5,11975310,4157,0,0,1,1,1,4562,93
org.mudebug.prapr.mutators.FieldAccessToMethodCallMutator_0,11979874,6683,0,0,0,0,0,718,683
org.mudebug.prapr.mutators.LocalToFieldAccessMutator_3,11980594,6743,0,0,0,0,0,1759,1871
org.mudebug.prapr.mutators.NonVoidMethodCallGuardMutator_0,11982355,5356,0,0,0,0,0,0,428
org.mudebug.prapr.mutators.ReturningDereferenceGuardMutator_3,11982357,6744,0,0,0,0,0,0,1894
org.mudebug.prapr.mutators.FieldNameMutator_0,11982359,4260,0,0,0,0,0,3,453
org.mudebug.prapr.mutators.DereferenceGuardMutator_0,11982364,1047,0,0,0,0,0,0,339
org.mudebug.prapr.mutators.MethCallResultGuard_2,11982366,7060,0,0,0,0,0,0,569
org.mudebug.prapr.mutators.LocalNameMutator_0,11982368,7250,0,0,0,0,0,0,662
org.mudebug.prapr.mutators.FieldNameMutator_0,11982370,7058,0,0,1,1,1,5538,258
org.pitest.mutationtest.engine.gregor.mutators.VoidMethodCallMutator,11987910,7057,0,0,0,0,0,0,230
org.mudebug.prapr.mutators.ArgumentListMutator_4,11987912,7764,0,0,1,1,1,5426,462
org.pitest.mutationtest.engine.gregor.mutators.EmptyObjectReturnValsMutator,11993340,1048,0,0,0,0,0,1778,350
org.mudebug.prapr.mutators.LocalToFieldAccessMutator_1,11995120,547,0,0,1,1,1,254,168
org.mudebug.prapr.mutators.FieldNameMutator_1,11995376,1777,0,0,0,0,0,0,673
org.pitest.mutationtest.engine.gregor.mutators.NonVoidMethodCallMutator,11995378,3489,0,0,1,1,1,5204,254
org.mudebug.prapr.mutators.MethCallResultGuard_0,12000584,6706,0,0,0,0,0,0,967
org.pitest.mutationtest.engine.gregor.mutators.experimental.MemberVariableMutator,12000586,503,0,0,0,0,0,387,66
org.mudebug.prapr.mutators.ReturningDereferenceGuardMutator_2,12000975,2306,0,0,0,0,0,0,41
org.mudebug.prapr.mutators.NonVoidMethodCallGuardMutator_0,12000977,7058,0,0,0,0,0,0,522
org.mudebug.prapr.mutators.DereferenceGuardMutator_0,12000979,1313,0,0,0,0,0,0,83
org.mudebug.prapr.mutators.FieldNameMutator_2,12000981,5356,0,0,0,0,0,3,505
org.pitest.mutationtest.engine.gregor.mutators.ArgumentPropagationMutator,12000986,328,0,0,1,1,1,4417,278
org.pitest.mutationtest.engine.gregor.mutators.NegateConditionalsMutator,12005405,7501,0,0,0,0,0,1847,424
org.mudebug.prapr.mutators.RelationalOperatorReplacement_0,12007254,495,0,0,1,1,1,719,171
org.mudebug.prapr.mutators.FieldAccessToMethodCallMutator_1,12007975,6652,0,0,0,1,1,27,405
org.mudebug.prapr.mutators.MethCallResultGuard_0,12008004,1234,0,0,0,0,0,0,310
org.mudebug.prapr.mutators.NonVoidMethodCallGuardMutator_0,12008006,6706,0,0,0,0,0,0,972
org.mudebug.prapr.mutators.VoidMethodCallGuardMutator,12008008,348,0,0,0,0,0,0,557
org.pitest.mutationtest.engine.gregor.mutators.InlineConstantMutator,12008010,555,0,0,1,1,1,312,964
org.mudebug.prapr.mutators.ArgumentListMutator_4,12008324,7112,0,0,0,0,0,3,1216
org.mudebug.prapr.mutators.MethCallResultGuard_1,12008329,7205,0,0,0,0,0,5,140
org.mudebug.prapr.mutators.LocalToFieldAccessMutator_0,12008336,6711,0,0,1,1,1,5365,1129
org.pitest.mutationtest.engine.gregor.mutators.experimental.RemoveSwitchMutator_38,12013703,495,0,0,0,0,0,290,119
org.mudebug.prapr.mutators.ArithmeticOperatorReplacement_2,12013995,7207,0,0,0,0,0,0,198
org.mudebug.prapr.mutators.ArithmeticOperatorReplacement_7,12013997,7207,0,0,0,0,0,0,198
org.mudebug.prapr.mutators.MethodNameMutator_3,12013999,4410,0,0,0,1,1,3478,453
org.pitest.mutationtest.engine.gregor.mutators.InlineConstantMutator,12017479,6714,0,0,0,1,1,171,1161
org.mudebug.prapr.mutators.ReturningDereferenceGuardMutator_0,12017652,1082,0,0,0,0,0,0,836
org.pitest.mutationtest.engine.gregor.mutators.experimental.RemoveSwitchMutator_7,12017654,3558,0,0,0,0,0,3,109
org.mudebug.prapr.mutators.MethodNameMutator_2,12017659,1234,0,0,0,0,0,0,277
org.mudebug.prapr.mutators.MethCallResultGuard_1,12017661,247,0,0,0,0,0,23,235
org.mudebug.prapr.mutators.MethodNameMutator_5,12017686,3675,0,0,0,0,0,438,2364
org.mudebug.prapr.mutators.FieldNameMutator_0,12018126,6672,0,0,1,1,1,5051,552
org.pitest.mutationtest.engine.gregor.mutators.InlineConstantMutator,12023179,1777,0,0,0,0,0,0,742
org.mudebug.prapr.mutators.ArgumentListMutator_1,12023181,3262,0,0,0,0,0,2,44
org.pitest.mutationtest.engine.gregor.mutators.NonVoidMethodCallMutator,12023185,346,0,0,1,1,1,2915,490
org.mudebug.prapr.mutators.LocalNameMutator_0,12026102,7058,0,0,0,0,0,60,447
org.pitest.mutationtest.engine.gregor.mutators.ArgumentPropagationMutator,12026164,558,0,0,1,1,1,4191,1194
org.mudebug.prapr.mutators.MethodNameMutator_6,12030357,5376,0,0,0,0,0,1,1045
org.pitest.mutationtest.engine.gregor.mutators.experimental.RemoveSwitchMutator_67,12030360,495,0,0,0,0,0,5,119
org.pitest.mutationtest.engine.gregor.mutators.experimental.RemoveSwitchMutator_13,12030367,3584,0,0,0,0,0,3,901
org.mudebug.prapr.mutators.FieldAccessToMethodCallMutator_2,12030380,1777,0,0,0,0,0,0,682
org.pitest.mutationtest.engine.gregor.mutators.NonVoidMethodCallMutator,12030382,7059,0,0,1,1,1,5538,544
org.mudebug.prapr.mutators.LocalNameMutator_1,12035922,5356,0,0,0,0,0,0,106
org.mudebug.prapr.mutators.FieldAccessToMethodCallMutator_3,12035924,1777,0,0,0,0,0,0,670
org.mudebug.prapr.mutators.DereferenceGuardMutator_3,12035926,1101,0,0,0,0,0,5,1020
org.mudebug.prapr.mutators.FieldNameMutator_0,12035933,1777,0,0,0,0,0,0,678
org.pitest.mutationtest.engine.gregor.mutators.NonVoidMethodCallMutator,12035935,4410,0,0,0,0,0,221,441
org.mudebug.prapr.mutators.NonVoidMethodCallGuardMutator_0,12036158,6725,0,0,0,0,0,0,1369
org.pitest.mutationtest.engine.gregor.mutators.NegateConditionalsMutator,12036160,333,0,0,1,1,1,5365,364
org.mudebug.prapr.mutators.MethodNameMutator_3,12041527,1562,0,0,0,0,0,0,229
org.mudebug.prapr.mutators.ArgumentListMutator_1,12041529,6651,0,0,0,0,0,0,375
org.mudebug.prapr.mutators.DereferenceGuardMutator_3,12041531,6684,0,0,0,0,0,0,695
org.mudebug.prapr.mutators.LocalToFieldAccessMutator_3,12041533,6743,0,0,1,1,1,2912,1868
org.pitest.mutationtest.engine.gregor.mutators.NegateConditionalsMutator,12044447,1082,0,0,1,1,1,5191,836
org.mudebug.prapr.mutators.MethodNameMutator_3,12049640,7497,0,0,1,1,1,5152,377
org.pitest.mutationtest.engine.gregor.mutators.RemoveConditionalMutator_EQUAL_ELSE,12054794,6706,0,0,0,0,0,2,959
org.mudebug.prapr.mutators.MethodNameMutator_1,12054798,1248,0,0,1,1,1,59,867
org.mudebug.prapr.mutators.LocalToFieldAccessMutator_2,12054859,6728,0,0,0,1,1,2801,1420
org.mudebug.prapr.mutators.LocalNameMutator_0,12057662,7058,0,0,0,0,0,24,435
org.pitest.mutationtest.engine.gregor.mutators.NegateConditionalsMutator,12057688,1234,0,0,1,1,1,31,274
org.mudebug.prapr.mutators.FieldToLocalAccessMutator_2,12057721,6683,0,0,1,1,1,814,688
org.mudebug.prapr.mutators.RelationalOperatorReplacement_0,12058537,5359,0,0,0,0,0,5,794
org.mudebug.prapr.mutators.LocalToFieldAccessMutator_1,12058544,6649,0,0,0,1,1,2,175
org.mudebug.prapr.mutators.ReturningDereferenceGuardMutator_2,12058548,4415,0,0,0,0,0,0,551
org.mudebug.prapr.mutators.FieldAccessToMethodCallMutator_1,12058550,1777,0,0,0,0,0,5,740
org.mudebug.prapr.mutators.MethodNameMutator_3,12058560,1234,0,0,1,1,1,3,309
org.pitest.mutationtest.engine.gregor.mutators.experimental.RemoveSwitchMutator_86,12058565,6415,0,0,0,0,0,0,273
org.mudebug.prapr.mutators.RelationalOperatorReplacement_2,12058567,247,0,0,0,0,0,0,251
org.mudebug.prapr.mutators.LocalNameMutator_0,12058569,6684,0,0,1,1,1,749,706
org.mudebug.prapr.mutators.VoidMethodCallGuardMutator,12059320,7058,0,0,0,0,0,0,384
org.pitest.mutationtest.engine.gregor.mutators.InlineConstantMutator,12059322,334,0,0,0,0,0,9,382
org.mudebug.prapr.mutators.FieldNameMutator_4,12059333,7058,0,0,1,1,1,5538,368
org.mudebug.prapr.mutators.VoidMethodCallGuardMutator,12064873,1311,0,0,0,0,0,0,63
org.pitest.mutationtest.engine.gregor.mutators.experimental.RemoveSwitchMutator_49,12064875,555,0,0,0,0,0,0,872
org.mudebug.prapr.mutators.RelationalOperatorReplacement_3,12064877,7241,0,0,0,0,0,23,429
org.mudebug.prapr.mutators.ReturningDereferenceGuardMutator_4,12064902,7232,0,0,0,0,0,0,273
org.pitest.mutationtest.engine.gregor.mutators.NonVoidMethodCallMutator,12064907,5356,0,0,0,0,0,1,106
org.mudebug.prapr.mutators.MethodNameMutator_2,12064910,547,0,0,0,0,0,38,161
org.mudebug.prapr.mutators.DereferenceGuardMutator_4,12064950,6176,0,0,0,0,0,0,571
org.mudebug.prapr.mutators.RelationalOperatorReplacement_3,12064952,6689,0,0,0,0,0,2075,778
org.pitest.mutationtest.engine.gregor.mutators.InlineConstantMutator,12067029,7058,0,0,1,1,1,5538,458
org.pitest.mutationtest.engine.gregor.mutators.experimental.RemoveSwitchMutator_13,12072569,6415,0,0,0,0,0,0,273
org.pitest.mutationtest.engine.gregor.mutators.experimental.MemberVariableMutator,12072571,4257,0,0,0,0,0,26,409
org.mudebug.prapr.mutators.RelationalOperatorReplacement_2,12072599,7557,0,0,0,0,0,75,76
org.pitest.mutationtest.engine.gregor.mutators.ConstructorCallMutator,12072676,7063,0,0,1,1,1,5538,601
org.mudebug.prapr.mutators.MethCallResultGuard_2,12078216,7107,0,0,0,0,0,0,1138
org.mudebug.prapr.mutators.RelationalOperatorReplacement_2,12078218,1562,0,0,0,0,0,2,209
org.mudebug.prapr.mutators.MethodNameMutator_3,12078222,5356,0,0,0,0,0,0,344
org.mudebug.prapr.mutators.RelationalOperatorReplacement_0,12078224,6176,0,0,0,1,1,127,571
org.mudebug.prapr.mutators.LocalNameMutator_0,12078353,7058,0,0,0,0,0,6,394
org.mudebug.prapr.mutators.FieldNameMutator_1,12078365,6651,0,0,1,1,1,2003,375
org.mudebug.prapr.mutators.MethodNameMutator_6,12080370,4411,0,0,1,1,1,4269,493
org.mudebug.prapr.mutators.MethodNameMutator_3,12084641,3592,0,0,0,1,1,127,1084
org.mudebug.prapr.mutators.MethCallResultGuard_1,12084770,7058,0,0,0,0,0,0,313
org.mudebug.prapr.mutators.ArgumentListMutator_4,12084772,6710,0,0,0,1,1,8,1066
org.pitest.mutationtest.engine.gregor.mutators.experimental.RemoveSwitchMutator_4,12084782,3636,0,0,0,0,0,16,1649
org.mudebug.prapr.mutators.MethodNameMutator_3,12084800,4411,0,0,1,1,1,4269,494
org.mudebug.prapr.mutators.LocalToFieldAccessMutator_0,12089071,558,0,0,1,1,1,4251,1194
org.mudebug.prapr.mutators.LocalNameMutator_0,12093324,6705,0,0,0,0,0,0,917
org.pitest.mutationtest.engine.gregor.mutators.experimental.RemoveSwitchMutator_36,12093326,6649,0,0,0,0,0,0,175
org.mudebug.prapr.mutators.LocalNameMutator_1,12093328,7058,0,0,0,0,0,14,289
org.mudebug.prapr.mutators.MethodNameMutator_6,12093344,4415,0,0,0,0,0,1,551
org.mudebug.prapr.mutators.MethCallResultGuard_1,12093347,1043,0,0,0,0,0,5,270
org.mudebug.prapr.mutators.ArgumentListMutator_1,12093354,5356,0,0,0,0,0,0,575
org.pitest.mutationtest.engine.gregor.mutators.experimental.RemoveSwitchMutator_26,12093356,5356,0,0,0,0,0,368,117
org.mudebug.prapr.mutators.MethodNameMutator_1,12093726,7503,0,0,0,0,0,458,450
org.mudebug.prapr.mutators.DereferenceGuardMutator_3,12094186,7057,0,0,0,0,0,0,228
org.mudebug.prapr.mutators.LocalToFieldAccessMutator_3,12094188,6726,0,0,0,0,0,1337,1383
org.mudebug.prapr.mutators.LocalNameMutator_0,12095527,7302,0,0,0,0,0,7,127
org.pitest.mutationtest.engine.gregor.mutators.InlineConstantMutator,12095536,7058,0,0,1,1,1,5538,522
org.pitest.mutationtest.engine.gregor.mutators.NonVoidMethodCallMutator,12101076,3497,0,0,0,0,0,0,425
org.mudebug.prapr.mutators.LocalNameMutator_1,12101078,6743,0,0,0,0,0,1133,1869
org.pitest.mutationtest.engine.gregor.mutators.experimental.NakedReceiverMutator,12102213,4257,0,0,0,1,1,164,408
org.mudebug.prapr.mutators.ArgumentListMutator_0,12102382,7098,0,0,1,1,1,5538,1022
org.pitest.mutationtest.engine.gregor.mutators.NullReturnValsMutator,12107922,359,0,0,1,1,1,3535,674
org.mudebug.prapr.mutators.MethCallResultGuard_1,12111459,561,0,0,0,0,0,0,1206
org.mudebug.prapr.mutators.RelationalOperatorReplacement_3,12111461,6714,0,0,0,1,1,165,1161
org.mudebug.prapr.mutators.DereferenceGuardMutator_3,12111628,1042,0,0,0,0,0,0,256
org.mudebug.prapr.mutators.MethodNameMutator_0,12111630,343,0,0,0,0,0,5,464
org.pitest.mutationtest.engine.gregor.mutators.experimental.MemberVariableMutator,12111637,5212,0,0,0,0,0,0,54
org.mudebug.prapr.mutators.LocalNameMutator_0,12111639,5358,0,0,0,0,0,0,725
org.pitest.mutationtest.engine.gregor.mutators.experimental.MemberVariableMutator,12111641,1777,0,0,0,0,0,0,649
org.mudebug.prapr.mutators.MethodNameMutator_2,12111643,5375,0,0,1,1,1,372,1032
org.mudebug.prapr.mutators.RelationalOperatorReplacement_2,12112017,7086,0,0,0,0,0,5,892
org.mudebug.prapr.mutators.ReturningDereferenceGuardMutator_0,12112024,7304,0,0,0,0,0,5,188
org.mudebug.prapr.mutators.MethCallResultGuard_0,12112031,3497,0,0,0,0,0,0,421
org.mudebug.prapr.mutators.NonVoidMethodCallGuardMutator_0,12112033,7241,0,0,0,0,0,0,430
org.pitest.mutationtest.engine.gregor.mutators.BooleanTrueReturnValsMutator,12112035,3902,0,0,0,0,0,0,49
org.mudebug.prapr.mutators.FieldNameMutator_1,12112037,1777,0,0,0,0,0,0,697
org.pitest.mutationtest.engine.gregor.mutators.RemoveConditionalMutator_EQUAL_ELSE,12112042,7200,0,0,0,0,0,0,95
org.mudebug.prapr.mutators.MethodNameMutator_0,12112044,4680,0,0,0,0,0,24,120
org.mudebug.prapr.mutators.LocalNameMutator_0,12112070,7090,0,0,0,0,0,1992,931
org.mudebug.prapr.mutators.LocalNameMutator_1,12114064,5356,0,0,1,1,1,193,522
org.mudebug.prapr.mutators.FieldNameMutator_0,12114259,4257,0,0,0,0,0,26,409
org.mudebug.prapr.mutators.FieldAccessToMethodCallMutator_3,12114287,6732,0,0,0,0,0,1,1618
org.mudebug.prapr.mutators.FieldNameMutator_1,12114299,6743,0,0,0,0,0,0,1873
org.mudebug.prapr.mutators.FieldNameMutator_0,12114301,6669,0,0,1,1,1,1525,540
org.mudebug.prapr.mutators.FieldNameMutator_3,12115828,1777,0,0,0,0,0,0,719
org.mudebug.prapr.mutators.LocalToFieldAccessMutator_4,12115830,6711,0,0,0,0,0,65,1133
org.pitest.mutationtest.engine.gregor.mutators.NonVoidMethodCallMutator,12115897,7507,0,0,0,0,0,791,479
org.mudebug.prapr.mutators.LocalNameMutator_0,12116690,7785,0,0,1,1,1,5993,361
org.mudebug.prapr.mutators.ReturningDereferenceGuardMutator_4,12122685,6743,0,0,0,0,0,0,1870
org.mudebug.prapr.mutators.ReturningDereferenceGuardMutator_0,12122687,1106,0,0,0,0,0,0,1172
org.mudebug.prapr.mutators.MethCallResultGuard_1,12122689,6705,0,0,0,0,0,0,918
org.pitest.mutationtest.engine.gregor.mutators.NegateConditionalsMutator,12122691,6714,0,0,0,1,1,274,1161
org.mudebug.prapr.mutators.RelationalOperatorReplacement_3,12122967,7505,0,0,0,0,0,1,467
org.mudebug.prapr.mutators.FieldAccessToMethodCallMutator_3,12122970,6651,0,0,1,1,1,4472,384
org.mudebug.prapr.mutators.RelationalOperatorReplacement_2,12127444,517,0,0,0,0,0,0,98
org.pitest.mutationtest.engine.gregor.mutators.ReturnValsMutator,12127446,1144,0,0,0,1,1,2978,1740
org.mudebug.prapr.mutators.RelationalOperatorReplacement_3,12130426,495,0,0,1,1,1,3741,267
org.mudebug.prapr.mutators.LocalToFieldAccessMutator_0,12134169,4410,0,0,0,0,0,231,441
org.mudebug.prapr.mutators.FieldToLocalAccessMutator_2,12134402,6652,0,0,1,1,1,4680,404
org.mudebug.prapr.mutators.VoidMethodCallGuardMutator,12139084,4395,0,0,0,0,0,0,250
org.mudebug.prapr.mutators.MethCallResultGuard_0,12139086,4680,0,0,0,0,0,0,120
org.pitest.mutationtest.engine.gregor.mutators.NegateConditionalsMutator,12139088,5358,0,0,0,0,0,36,718
org.mudebug.prapr.mutators.FieldAccessToMethodCallMutator_2,12139128,6683,0,0,1,1,1,2718,688
org.mudebug.prapr.mutators.ArithmeticOperatorReplacement_6,12141848,6715,0,0,0,0,0,1296,1176
org.pitest.mutationtest.engine.gregor.mutators.experimental.RemoveSwitchMutator_14,12143146,555,0,0,0,0,0,42,872
org.mudebug.prapr.mutators.FieldNameMutator_2,12143190,6743,0,0,1,1,1,2887,1871
org.mudebug.prapr.mutators.LocalToFieldAccessMutator_4,12146079,6706,0,0,1,1,1,27,974
org.mudebug.prapr.mutators.ReturningDereferenceGuardMutator_0,12146108,705,0,0,0,0,0,0,57
org.mudebug.prapr.mutators.RelationalOperatorReplacement_1,12146110,2459,0,0,0,0,0,1934,61
org.mudebug.prapr.mutators.MethodNameMutator_8,12148046,247,0,0,0,0,0,0,239
org.mudebug.prapr.mutators.LocalToFieldAccessMutator_1,12148048,1046,0,0,1,1,1,4574,306
org.mudebug.prapr.mutators.DereferenceGuardMutator_1,12152624,6689,0,0,0,0,0,5,781
org.pitest.mutationtest.engine.gregor.mutators.NullReturnValsMutator,12152631,7230,0,0,1,1,1,5538,251
org.mudebug.prapr.mutators.LocalToFieldAccessMutator_3,12158171,6721,0,0,0,0,0,18,1331
org.pitest.mutationtest.engine.gregor.mutators.RemoveConditionalMutator_EQUAL_IF,12158191,6744,0,0,0,0,0,4,1888
org.pitest.mutationtest.engine.gregor.mutators.RemoveConditionalMutator_EQUAL_ELSE,12158197,6652,0,0,1,1,1,5084,391
org.pitest.mutationtest.engine.gregor.mutators.NonVoidMethodCallMutator,12163283,5376,0,0,0,0,0,0,1046
org.mudebug.prapr.mutators.RelationalOperatorReplacement_3,12163285,5376,0,0,1,1,1,185,1051
org.mudebug.prapr.mutators.MethodNameMutator_8,12163472,6867,0,0,0,0,0,78,159
org.pitest.mutationtest.engine.gregor.mutators.experimental.RemoveSwitchMutator_46,12163552,3584,0,0,0,0,0,0,901
org.mudebug.prapr.mutators.ReturningDereferenceGuardMutator_0,12163554,7788,0,0,0,0,0,5,298
org.mudebug.prapr.mutators.MethodNameMutator_2,12163561,551,0,0,0,0,0,37,215
org.mudebug.prapr.mutators.NonVoidMethodCallGuardMutator_0,12163600,6749,0,0,0,0,0,5,1961
org.pitest.mutationtest.engine.gregor.mutators.RemoveConditionalMutator_EQUAL_IF,12163607,3497,0,0,0,0,0,0,425
org.mudebug.prapr.mutators.LocalToFieldAccessMutator_1,12168675,6170,0,0,0,0,0,1,509
org.pitest.mutationtest.engine.gregor.mutators.experimental.RemoveSwitchMutator_50,12168678,555,0,0,0,0,0,0,872
org.mudebug.prapr.mutators.ReturningDereferenceGuardMutator_2,12168680,6706,0,0,0,0,0,0,929
org.mudebug.prapr.mutators.LocalToFieldAccessMutator_2,12168682,6668,0,0,1,1,1,5620,536
org.pitest.mutationtest.engine.gregor.mutators.NegateConditionalsMutator,12174304,7381,0,0,0,0,0,1941,405
org.mudebug.prapr.mutators.FieldNameMutator_4,12176247,5362,0,0,0,0,0,1,816
org.mudebug.prapr.mutators.FieldAccessToMethodCallMutator_2,12176250,6651,0,0,1,1,1,4611,383
org.pitest.mutationtest.engine.gregor.mutators.InlineConstantMutator,12180867,7220,0,0,0,0,0,493,177
org.pitest.mutationtest.engine.gregor.mutators.experimental.MemberVariableMutator,12181362,7307,0,0,0,0,0,0,212
org.pitest.mutationtest.engine.gregor.mutators.VoidMethodCallMutator,12181364,7058,0,0,0,0,0,6,518
org.mudebug.prapr.mutators.FieldNameMutator_0,12181374,7059,0,0,0,0,0,2,554
org.mudebug.prapr.mutators.MethodNameMutator_0,12181381,6738,0,0,1,1,1,252,1796
org.pitest.mutationtest.engine.gregor.mutators.BooleanFalseReturnValsMutator,12181635,7611,0,0,0,1,1,31,118
org.mudebug.prapr.mutators.ArgumentListMutator_0,12181668,4408,0,0,0,0,0,1380,421
org.mudebug.prapr.mutators.MethodNameMutator_3,12183053,5362,0,0,1,1,1,2661,816
org.mudebug.prapr.mutators.ReturningDereferenceGuardMutator_0,12185716,5209,0,0,0,0,0,0,288
org.mudebug.prapr.mutators.ReturningDereferenceGuardMutator_3,12185721,6738,0,0,0,0,0,0,1794
org.mudebug.prapr.mutators.MethCallResultGuard_0,12185723,7088,0,0,0,0,0,0,914
org.mudebug.prapr.mutators.ArithmeticOperatorReplacement_1,12185725,6713,0,0,0,1,1,110,1152
org.mudebug.prapr.mutators.RelationalOperatorReplacement_1,12185837,495,0,0,0,0,0,0,267
org.pitest.mutationtest.engine.gregor.mutators.RemoveConditionalMutator_EQUAL_IF,12185839,7255,0,0,0,0,0,154,757
org.mudebug.prapr.mutators.NonVoidMethodCallGuardMutator_0,12185995,545,0,0,0,0,0,5,131
org.mudebug.prapr.mutators.LocalNameMutator_0,12186005,6687,0,0,0,1,1,2225,758
org.pitest.mutationtest.engine.gregor.mutators.NonVoidMethodCallMutator,12188232,335,0,0,1,1,1,4330,389
org.pitest.mutationtest.engine.gregor.mutators.InlineConstantMutator,12192571,2967,0,0,1,1,1,2675,598
org.mudebug.prapr.mutators.FieldNameMutator_2,12195248,7058,0,0,0,0,0,2333,529
org.mudebug.prapr.mutators.NonVoidMethodCallGuardMutator_0,12197583,504,0,0,0,0,0,0,81
org.mudebug.prapr.mutators.VoidMethodCallGuardMutator,12197585,7059,0,0,0,0,0,0,560
org.mudebug.prapr.mutators.RelationalOperatorReplacement_1,12197587,1106,0,0,0,0,0,5,1099
org.pitest.mutationtest.engine.gregor.mutators.InlineConstantMutator,12197594,1777,0,0,0,0,0,0,719
org.pitest.mutationtest.engine.gregor.mutators.experimental.RemoveSwitchMutator_82,12197596,555,0,0,0,0,0,0,872
org.pitest.mutationtest.engine.gregor.mutators.NullReturnValsMutator,12197598,370,0,0,1,1,1,3741,819
org.mudebug.prapr.mutators.LocalNameMutator_0,12201341,7382,0,0,1,1,1,5088,431
org.pitest.mutationtest.engine.gregor.mutators.experimental.RemoveSwitchMutator_37,12206431,555,0,0,0,0,0,0,872
org.pitest.mutationtest.engine.gregor.mutators.experimental.NakedReceiverMutator,12206436,6706,0,0,0,1,1,9,932
org.mudebug.prapr.mutators.ArgumentListMutator_2,12206447,1237,0,0,0,0,0,0,544
org.pitest.mutationtest.engine.gregor.mutators.RemoveConditionalMutator_EQUAL_IF,12206449,5378,0,0,0,0,0,0,1083
org.pitest.mutationtest.engine.gregor.mutators.NonVoidMethodCallMutator,12206451,334,0,0,0,0,0,4,382
org.mudebug.prapr.mutators.LocalNameMutator_1,12206457,3388,0,0,1,1,1,109,77
org.pitest.mutationtest.engine.gregor.mutators.ReturnValsMutator,12206568,7764,0,0,1,1,1,5424,482
org.mudebug.prapr.mutators.ArgumentListMutator_3,12211994,5192,0,0,1,1,1,5173,52
org.mudebug.prapr.mutators.ReturningDereferenceGuardMutator_1,12217169,1132,0,0,0,0,0,0,1627
org.mudebug.prapr.mutators.MethodNameMutator_3,12217171,7384,0,0,0,0,0,6,495
org.mudebug.prapr.mutators.MethodNameMutator_1,12217179,6694,0,0,0,1,1,42,824
org.mudebug.prapr.mutators.LocalToFieldAccessMutator_1,12217223,6683,0,0,0,0,0,207,685
org.mudebug.prapr.mutators.FieldNameMutator_4,12217432,5378,0,0,0,0,0,0,1083
org.mudebug.prapr.mutators.LocalToFieldAccessMutator_0,12217434,1082,0,0,0,0,0,5,834
org.mudebug.prapr.mutators.MethodNameMutator_2,12217441,6725,0,0,0,0,0,0,1369
org.pitest.mutationtest.engine.gregor.mutators.experimental.RemoveSwitchMutator_85,12217443,6415,0,0,0,0,0,0,273
org.mudebug.prapr.mutators.LocalToFieldAccessMutator_0,12217448,3558,0,0,0,0,0,1,128
org.pitest.mutationtest.engine.gregor.mutators.RemoveConditionalMutator_EQUAL_IF,12217451,7086,0,0,0,0,0,25,892
org.mudebug.prapr.mutators.DereferenceGuardMutator_1,12217478,6725,0,0,0,0,0,0,1369
org.mudebug.prapr.mutators.MethodNameMutator_3,12217494,556,0,0,0,0,0,0,1186
org.pitest.mutationtest.engine.gregor.mutators.RemoveConditionalMutator_EQUAL_ELSE,12217496,1049,0,0,0,0,0,0,366
org.mudebug.prapr.mutators.ArgumentListMutator_1,12217498,1082,0,0,0,0,0,0,834
org.mudebug.prapr.mutators.MethCallResultGuard_0,12217500,6725,0,0,0,0,0,0,1369
org.mudebug.prapr.mutators.RelationalOperatorReplacement_0,12217502,5357,0,0,0,0,0,3,703
org.mudebug.prapr.mutators.MethCallResultGuard_2,12217507,562,0,0,0,0,0,0,1210
org.mudebug.prapr.mutators.FieldNameMutator_0,12217509,7613,0,0,0,0,0,0,62
org.mudebug.prapr.mutators.LocalNameMutator_2,12217511,7058,0,0,0,0,0,12,408
org.mudebug.prapr.mutators.FieldNameMutator_4,12217525,1777,0,0,0,0,0,0,749
org.mudebug.prapr.mutators.FieldNameMutator_1,12217527,1038,0,0,0,0,0,0,125
org.mudebug.prapr.mutators.MethCallResultGuard_2,12217529,5365,0,0,0,0,0,0,837
org.mudebug.prapr.mutators.RelationalOperatorReplacement_1,12217531,5375,0,0,0,0,0,2,1034
org.mudebug.prapr.mutators.MethCallResultGuard_1,12217538,347,0,0,0,0,0,0,548
org.pitest.mutationtest.engine.gregor.mutators.NonVoidMethodCallMutator,12217540,7058,0,0,1,1,1,5538,330
org.mudebug.prapr.mutators.RelationalOperatorReplacement_3,12223080,6976,0,0,0,0,0,1,88
org.mudebug.prapr.mutators.MethCallResultGuard_2,12223083,7059,0,0,0,0,0,0,552
org.mudebug.prapr.mutators.MethodNameMutator_3,12223085,346,0,0,0,1,1,35,498
org.pitest.mutationtest.engine.gregor.mutators.NullReturnValsMutator,12223122,1245,0,0,0,0,0,10,804
org.mudebug.prapr.mutators.RelationalOperatorReplacement_1,12223134,7200,0,0,0,0,0,3,104
org.mudebug.prapr.mutators.MethodNameMutator_2,12223139,551,0,0,0,0,0,0,212
org.pitest.mutationtest.engine.gregor.mutators.experimental.MemberVariableMutator,12223141,4663,0,0,0,0,0,0,39
org.mudebug.prapr.mutators.MethodNameMutator_9,12223143,6867,0,0,1,1,1,5538,159
org.mudebug.prapr.mutators.FieldNameMutator_1,12228683,1777,0,0,0,0,0,0,712
org.pitest.mutationtest.engine.gregor.mutators.RemoveConditionalMutator_EQUAL_ELSE,12228692,6692,0,0,1,1,1,4276,809
org.pitest.mutationtest.engine.gregor.mutators.NonVoidMethodCallMutator,12232970,7086,0,0,0,0,0,0,892
org.mudebug.prapr.mutators.MethodNameMutator_2,12232972,3564,0,0,0,0,0,15,338
org.mudebug.prapr.mutators.RelationalOperatorReplacement_2,12232989,5356,0,0,0,0,0,0,425
org.mudebug.prapr.mutators.ArgumentListMutator_5,12232991,5356,0,0,0,0,0,1,499
org.mudebug.prapr.mutators.FieldNameMutator_2,12232994,1777,0,0,0,0,0,74,729
org.mudebug.prapr.mutators.FieldNameMutator_1,12233077,1777,0,0,0,0,0,2276,752
org.mudebug.prapr.mutators.ArgumentListMutator_2,12235355,4152,0,0,1,1,1,4577,54
org.mudebug.prapr.mutators.ReturningDereferenceGuardMutator_0,12239934,5195,0,0,0,0,0,0,102
org.mudebug.prapr.mutators.LocalToFieldAccessMutator_1,12239936,6748,0,0,0,0,0,6,1927
org.mudebug.prapr.mutators.ArgumentListMutator_2,12239944,4392,0,0,0,0,0,0,53
org.pitest.mutationtest.engine.gregor.mutators.RemoveConditionalMutator_EQUAL_IF,12239946,6913,0,0,1,1,1,5538,470
org.mudebug.prapr.mutators.ReturningDereferenceGuardMutator_3,12245486,4706,0,0,0,0,0,0,757
org.mudebug.prapr.mutators.FieldAccessToMethodCallMutator_4,12245488,6732,0,0,0,0,0,0,1624
org.mudebug.prapr.mutators.FieldToLocalAccessMutator_1,12245490,6678,0,0,1,1,1,5985,602
org.mudebug.prapr.mutators.ReturningDereferenceGuardMutator_3,12251477,7063,0,0,0,0,0,0,609
org.mudebug.prapr.mutators.LocalNameMutator_1,12251479,7058,0,0,0,0,0,28,515
org.mudebug.prapr.mutators.MethodNameMutator_7,12251509,1562,0,0,0,0,0,91,213
org.mudebug.prapr.mutators.ReturningDereferenceGuardMutator_1,12251602,7063,0,0,0,0,0,0,599
org.pitest.mutationtest.engine.gregor.mutators.RemoveConditionalMutator_EQUAL_ELSE,12251604,517,0,1,1,1,1,2584,113
org.mudebug.prapr.mutators.FieldNameMutator_5,12254189,7058,0,0,0,0,0,90,466
org.pitest.mutationtest.engine.gregor.mutators.VoidMethodCallMutator,12254281,5212,0,0,0,0,0,0,60
org.mudebug.prapr.mutators.LocalToFieldAccessMutator_1,12254283,6706,0,0,1,1,1,49,930
org.mudebug.prapr.mutators.MethodNameMutator_1,12254334,5356,0,0,0,1,1,94,440
org.mudebug.prapr.mutators.MethodNameMutator_3,12254430,551,0,0,1,1,1,4299,212
org.mudebug.prapr.mutators.FieldNameMutator_1,12258731,7220,0,0,0,0,0,591,177
org.mudebug.prapr.mutators.MethodNameMutator_0,12259324,7490,0,0,1,1,1,5538,252
org.mudebug.prapr.mutators.VoidMethodCallGuardMutator,12264864,242,0,0,0,0,0,0,152
org.mudebug.prapr.mutators.RelationalOperatorReplacement_3,12264866,5356,0,0,1,1,1,193,523
org.mudebug.prapr.mutators.MethodNameMutator_7,12265061,7382,0,0,0,0,0,1830,442
org.mudebug.prapr.mutators.FieldNameMutator_1,12266893,7627,0,0,0,0,0,3,159
org.pitest.mutationtest.engine.gregor.mutators.NonVoidMethodCallMutator,12266898,328,0,0,1,1,1,4416,278
org.pitest.mutationtest.engine.gregor.mutators.NegateConditionalsMutator,12271316,7215,0,0,1,1,1,5538,128
org.mudebug.prapr.mutators.RelationalOperatorReplacement_2,12276856,7382,0,0,0,0,0,26,431
org.mudebug.prapr.mutators.DereferenceGuardMutator_4,12276884,1042,0,0,0,0,0,0,256
org.mudebug.prapr.mutators.ReturningDereferenceGuardMutator_0,12276886,7302,0,0,0,0,0,0,117
org.mudebug.prapr.mutators.ReturningDereferenceGuardMutator_4,12276888,5356,0,0,0,0,0,0,219
org.pitest.mutationtest.engine.gregor.mutators.experimental.MemberVariableMutator,12276890,4410,0,0,0,0,0,216,441
org.pitest.mutationtest.engine.gregor.mutators.experimental.MemberVariableMutator,12277108,1777,0,0,0,0,0,15,607
org.mudebug.prapr.mutators.VoidMethodCallGuardMutator,12277125,5356,0,0,0,0,0,0,93
org.mudebug.prapr.mutators.DereferenceGuardMutator_3,12277127,1799,0,0,0,0,0,0,931
org.mudebug.prapr.mutators.RelationalOperatorReplacement_3,12277129,6706,0,0,0,1,1,2,971
org.mudebug.prapr.mutators.RelationalOperatorReplacement_2,12277133,7302,0,0,0,0,0,38,127
org.mudebug.prapr.mutators.ReturningDereferenceGuardMutator_2,12277173,6684,0,0,0,0,0,0,695
org.mudebug.prapr.mutators.MethodNameMutator_5,12277175,5376,0,0,0,0,0,3,1045
org.pitest.mutationtest.engine.gregor.mutators.ArgumentPropagationMutator,12277180,1234,0,0,0,1,1,17,267
org.pitest.mutationtest.engine.gregor.mutators.NonVoidMethodCallMutator,12277199,7058,0,0,0,0,0,6,532
org.mudebug.prapr.mutators.RelationalOperatorReplacement_2,12277207,6987,0,0,0,0,0,45,154
org.pitest.mutationtest.engine.gregor.mutators.experimental.MemberVariableMutator,12277254,3263,0,0,0,0,0,29,51
org.mudebug.prapr.mutators.LocalToFieldAccessMutator_0,12277285,6705,0,0,1,1,1,62,917
org.pitest.mutationtest.engine.gregor.mutators.experimental.MemberVariableMutator,12277349,6407,0,0,1,1,1,4,2236
org.mudebug.prapr.mutators.MethodNameMutator_4,12277355,495,0,0,0,1,1,5365,119
org.mudebug.prapr.mutators.MethCallResultGuard_0,12282722,6706,0,0,0,0,0,0,975
org.pitest.mutationtest.engine.gregor.mutators.NegateConditionalsMutator,12282724,1106,0,0,0,1,1,24,1185
org.mudebug.prapr.mutators.FieldNameMutator_1,12282750,6671,0,0,1,1,1,5241,548
org.mudebug.prapr.mutators.LocalNameMutator_0,12287993,7108,0,0,1,1,1,5538,1154
org.mudebug.prapr.mutators.LocalToFieldAccessMutator_4,12293533,6696,0,0,0,0,0,8,835
org.mudebug.prapr.mutators.LocalToFieldAccessMutator_3,12293543,6738,0,0,1,1,1,252,1796
org.mudebug.prapr.mutators.DereferenceGuardMutator_3,12293797,7557,0,0,0,0,0,0,76
org.mudebug.prapr.mutators.FieldNameMutator_1,12293799,1777,0,0,0,0,0,0,708
org.pitest.mutationtest.engine.gregor.mutators.NonVoidMethodCallMutator,12293801,5356,0,0,0,1,1,270,83
org.mudebug.prapr.mutators.LocalNameMutator_2,12294076,247,0,0,1,1,1,4269,241
org.mudebug.prapr.mutators.MethodNameMutator_0,12298347,3587,0,0,0,0,0,239,1015
org.mudebug.prapr.mutators.MethCallResultGuard_1,12298588,1245,0,0,0,0,0,0,673
org.pitest.mutationtest.engine.gregor.mutators.NonVoidMethodCallMutator,12298590,7215,0,0,0,0,0,2194,128
org.pitest.mutationtest.engine.gregor.mutators.ArgumentPropagationMutator,12300786,1313,0,0,0,0,0,0,83
org.mudebug.prapr.mutators.DereferenceGuardMutator_1,12300788,6686,0,0,0,0,0,0,743
org.mudebug.prapr.mutators.MethodNameMutator_0,12300790,1050,0,0,0,0,0,2,381
org.pitest.mutationtest.engine.gregor.mutators.experimental.RemoveSwitchMutator_1,12300794,1231,0,0,0,0,0,3,59
org.pitest.mutationtest.engine.gregor.mutators.experimental.RemoveSwitchMutator_50,12300799,3584,0,0,0,0,0,0,901
org.mudebug.prapr.mutators.RelationalOperatorReplacement_1,12300801,5356,0,0,0,0,0,2,358
org.mudebug.prapr.mutators.LocalToFieldAccessMutator_3,12300805,6698,0,0,1,1,1,5419,859
org.mudebug.prapr.mutators.LocalToFieldAccessMutator_0,12306226,6686,0,0,1,1,1,2242,742
org.pitest.mutationtest.engine.gregor.mutators.experimental.MemberVariableMutator,12308470,1777,0,0,0,0,0,0,629
org.mudebug.prapr.mutators.MethCallResultGuard_2,12308472,557,0,0,0,0,0,0,1190
org.mudebug.prapr.mutators.FieldNameMutator_4,12308474,1119,0,0,0,0,0,0,1435
org.mudebug.prapr.mutators.ReturningDereferenceGuardMutator_2,12308476,3417,0,0,0,0,0,0,100
org.mudebug.prapr.mutators.MethodNameMutator_4,12308478,3564,0,0,1,1,1,198,364
org.pitest.mutationtest.engine.gregor.mutators.NonVoidMethodCallMutator,12308678,7503,0,0,0,0,0,0,446
org.mudebug.prapr.mutators.NonVoidMethodCallGuardMutator_0,12308680,1119,0,0,0,0,0,0,1443
org.mudebug.prapr.mutators.RelationalOperatorReplacement_3,12308682,3417,0,0,0,0,0,1,96
org.mudebug.prapr.mutators.ArgumentListMutator_2,12308685,543,0,0,1,1,1,5365,89
org.pitest.mutationtest.engine.gregor.mutators.BooleanFalseReturnValsMutator,12314052,3563,0,0,0,1,1,84,299
org.pitest.mutationtest.engine.gregor.mutators.VoidMethodCallMutator,12314138,370,0,0,0,0,0,1729,816
org.mudebug.prapr.mutators.RelationalOperatorReplacement_3,12315869,1234,0,0,0,0,0,7,283
org.mudebug.prapr.mutators.MethodNameMutator_1,12315878,3563,0,0,0,1,1,250,293
org.mudebug.prapr.mutators.DereferenceGuardMutator_2,12316130,6743,0,0,0,0,0,0,1870
org.mudebug.prapr.mutators.DereferenceGuardMutator_3,12316132,6683,0,0,0,0,0,0,685
org.mudebug.prapr.mutators.DereferenceGuardMutator_3,12316134,7230,0,0,0,0,0,5,251
org.mudebug.prapr.mutators.ReturningDereferenceGuardMutator_0,12316144,561,0,0,0,0,0,0,1206
org.mudebug.prapr.mutators.ArgumentListMutator_5,12316146,5356,0,0,0,0,0,0,215
org.mudebug.prapr.mutators.DereferenceGuardMutator_0,12316148,1106,0,0,0,0,0,0,1106
org.mudebug.prapr.mutators.FieldAccessToMethodCallMutator_0,12316150,1038,0,0,0,0,0,0,805
org.mudebug.prapr.mutators.RelationalOperatorReplacement_3,12316152,6706,0,0,0,1,1,8,965
org.mudebug.prapr.mutators.ReturningDereferenceGuardMutator_0,12316162,6699,0,0,0,0,0,0,863
org.pitest.mutationtest.engine.gregor.mutators.VoidMethodCallMutator,12316164,1106,0,0,0,0,0,0,1096
org.mudebug.prapr.mutators.RelationalOperatorReplacement_0,12316166,7108,0,0,0,0,0,10,1155
org.pitest.mutationtest.engine.gregor.mutators.NullReturnValsMutator,12316178,504,0,0,0,0,0,2989,87
org.mudebug.prapr.mutators.RelationalOperatorReplacement_1,12319169,6706,0,0,0,0,0,0,941
org.pitest.mutationtest.engine.gregor.mutators.experimental.MemberVariableMutator,12319171,6684,0,0,1,1,1,417,703
org.mudebug.prapr.mutators.FieldAccessToMethodCallMutator_0,12319590,6678,0,0,1,1,1,5985,607
org.mudebug.prapr.mutators.RelationalOperatorReplacement_2,12325585,5356,0,0,0,0,0,0,358
org.mudebug.prapr.mutators.FieldNameMutator_2,12325587,6742,0,0,0,1,1,1853,1853
org.mudebug.prapr.mutators.ArgumentListMutator_3,12327442,662,0,0,0,0,0,0,284
org.mudebug.prapr.mutators.DereferenceGuardMutator_4,12327444,6706,0,0,0,0,0,0,933
org.mudebug.prapr.mutators.NonVoidMethodCallGuardMutator_0,12327446,5356,0,0,0,0,0,0,344
org.mudebug.prapr.mutators.FieldToLocalAccessMutator_0,12327448,5212,0,0,0,0,0,163,53
org.mudebug.prapr.mutators.ReturningDereferenceGuardMutator_2,12327613,1129,0,0,0,0,0,0,1604
org.mudebug.prapr.mutators.FieldNameMutator_0,12327615,7059,0,0,0,0,0,7,546
org.pitest.mutationtest.engine.gregor.mutators.NegateConditionalsMutator,12327624,551,0,0,0,0,0,12,212
org.pitest.mutationtest.engine.gregor.mutators.experimental.NakedReceiverMutator,12327638,6710,0,0,0,0,0,8,1067
org.mudebug.prapr.mutators.LocalToFieldAccessMutator_3,12327648,6684,0,0,0,1,1,729,706
org.mudebug.prapr.mutators.MethodNameMutator_8,12328379,7302,0,0,0,0,0,6,127
org.pitest.mutationtest.engine.gregor.mutators.NegateConditionalsMutator,12328387,5356,0,0,1,1,1,2476,181
org.pitest.mutationtest.engine.gregor.mutators.NonVoidMethodCallMutator,12330865,7302,0,0,0,0,0,1979,143
org.pitest.mutationtest.engine.gregor.mutators.NegateConditionalsMutator,12332846,5356,0,0,1,1,1,2566,344
org.mudebug.prapr.mutators.MethodNameMutator_3,12335416,7233,0,0,0,0,0,5,297
org.pitest.mutationtest.engine.gregor.mutators.RemoveConditionalMutator_EQUAL_IF,12335423,5356,0,0,0,0,0,117,181
org.mudebug.prapr.mutators.LocalToFieldAccessMutator_0,12335547,6737,0,0,1,1,1,2666,1783
org.mudebug.prapr.mutators.DereferenceGuardMutator_3,12338215,334,0,0,0,0,0,0,382
org.mudebug.prapr.mutators.ReturningDereferenceGuardMutator_1,12338217,347,0,0,0,0,0,0,512
org.mudebug.prapr.mutators.ReturningDereferenceGuardMutator_0,12338219,4415,0,0,0,0,0,5,543
org.mudebug.prapr.mutators.DereferenceGuardMutator_2,12338226,6725,0,0,0,0,0,0,1369
org.pitest.mutationtest.engine.gregor.mutators.RemoveConditionalMutator_EQUAL_ELSE,12338228,3412,0,0,1,1,1,5201,49
org.mudebug.prapr.mutators.RelationalOperatorReplacement_2,12343431,1042,0,0,0,0,0,0,256
org.pitest.mutationtest.engine.gregor.mutators.NegateConditionalsMutator,12343433,347,0,0,1,1,1,1986,534
org.mudebug.prapr.mutators.FieldAccessToMethodCallMutator_2,12345421,6728,0,0,0,0,0,0,1420
org.mudebug.prapr.mutators.MethCallResultGuard_2,12345423,346,0,0,0,0,0,0,490
org.mudebug.prapr.mutators.MethodNameMutator_3,12345425,5358,0,0,0,0,0,1,766
org.mudebug.prapr.mutators.MethCallResultGuard_1,12345428,7058,0,0,0,0,0,0,317
org.mudebug.prapr.mutators.NonVoidMethodCallGuardMutator_0,12345430,5356,0,0,0,0,0,0,440
org.mudebug.prapr.mutators.ArgumentListMutator_0,12350498,7058,0,0,0,0,0,0,425
org.pitest.mutationtest.engine.gregor.mutators.NonVoidMethodCallMutator,12350500,5356,0,0,0,0,0,107,350
org.mudebug.prapr.mutators.MethCallResultGuard_2,12350609,334,0,0,0,0,0,0,382
org.mudebug.prapr.mutators.ArithmeticOperatorReplacement_3,12350611,7108,0,0,1,1,1,5538,1153
org.mudebug.prapr.mutators.LocalToFieldAccessMutator_4,12356151,6715,0,0,0,0,0,73,1176
org.mudebug.prapr.mutators.FieldNameMutator_4,12356226,1777,0,0,0,0,0,0,668
org.pitest.mutationtest.engine.gregor.mutators.NonVoidMethodCallMutator,12356228,328,0,0,1,1,1,4416,278
org.mudebug.prapr.mutators.FieldAccessToMethodCallMutator_0,12360646,3416,0,0,0,0,0,0,77
org.mudebug.prapr.mutators.LocalNameMutator_1,12360648,5358,0,0,0,0,0,3,750
org.mudebug.prapr.mutators.RelationalOperatorReplacement_0,12360653,553,0,0,0,0,0,40,263
org.pitest.mutationtest.engine.gregor.mutators.ArgumentPropagationMutator,12360695,547,0,0,1,1,1,180,165
org.mudebug.prapr.mutators.LocalNameMutator_0,12360877,6678,0,0,1,1,1,5481,606
org.pitest.mutationtest.engine.gregor.mutators.RemoveConditionalMutator_EQUAL_ELSE,12366360,6678,0,0,1,1,1,5985,606
org.pitest.mutationtest.engine.gregor.mutators.BooleanTrueReturnValsMutator,12372347,1143,0,0,0,1,1,4473,1727
org.pitest.mutationtest.engine.gregor.mutators.InlineConstantMutator,12376822,1777,0,0,0,0,0,0,710
org.mudebug.prapr.mutators.FieldNameMutator_0,12376827,6684,0,0,1,1,1,747,706
org.mudebug.prapr.mutators.MethodNameMutator_1,12377576,1052,0,0,0,0,0,0,407
org.mudebug.prapr.mutators.MethodNameMutator_1,12377578,7302,0,0,0,0,0,0,102
org.mudebug.prapr.mutators.ArgumentListMutator_2,12377580,7555,0,0,1,1,1,5543,62
org.mudebug.prapr.mutators.RelationalOperatorReplacement_3,12383125,5375,0,0,0,1,1,34,1036
org.mudebug.prapr.mutators.MethodNameMutator_0,12383161,247,0,0,0,0,0,2,251
org.mudebug.prapr.mutators.ArgumentListMutator_2,12383165,1048,0,0,1,1,1,4574,346
org.mudebug.prapr.mutators.ReturningDereferenceGuardMutator_3,12387741,1555,0,0,0,0,0,0,154
org.mudebug.prapr.mutators.MethodNameMutator_0,12387743,347,0,0,1,1,1,4299,543
org.mudebug.prapr.mutators.NonVoidMethodCallGuardMutator_0,12392044,6727,0,0,0,0,0,0,1392
org.mudebug.prapr.mutators.MethodNameMutator_3,12392046,241,0,0,0,0,0,2,142
org.mudebug.prapr.mutators.MethodNameMutator_7,12392050,6931,0,0,0,0,0,522,844
org.mudebug.prapr.mutators.RelationalOperatorReplacement_2,12392574,5212,0,0,0,0,0,28,64
org.mudebug.prapr.mutators.DereferenceGuardMutator_1,12392604,6743,0,0,0,0,0,0,1873
org.pitest.mutationtest.engine.gregor.mutators.VoidMethodCallMutator,12392606,4411,0,0,1,1,1,4269,485
org.mudebug.prapr.mutators.LocalToFieldAccessMutator_3,12396877,6751,0,0,0,0,0,95,1977
org.pitest.mutationtest.engine.gregor.mutators.experimental.MemberVariableMutator,12396974,3240,0,0,0,0,0,0,42
org.mudebug.prapr.mutators.ReturningDereferenceGuardMutator_3,12396976,561,0,0,0,0,0,0,1206
org.mudebug.prapr.mutators.FieldNameMutator_4,12396978,1777,0,0,0,0,0,0,679
org.mudebug.prapr.mutators.MethodNameMutator_1,12396980,6743,0,0,0,0,0,1932,1867
org.mudebug.prapr.mutators.NonVoidMethodCallGuardMutator_0,12398914,7058,0,0,0,0,0,0,435
org.mudebug.prapr.mutators.LocalNameMutator_1,12398916,1246,0,0,0,1,1,10,819
org.mudebug.prapr.mutators.MethodNameMutator_7,12398928,7241,0,0,0,0,0,3,435
org.mudebug.prapr.mutators.LocalToFieldAccessMutator_3,12398933,6674,0,0,1,1,1,2709,563
org.mudebug.prapr.mutators.MethodNameMutator_2,12401644,1237,0,0,1,1,1,18,544
org.mudebug.prapr.mutators.FieldAccessToMethodCallMutator_0,12401664,7203,0,0,1,1,1,5543,130
org.mudebug.prapr.mutators.NonVoidMethodCallGuardMutator_0,12407209,7058,0,0,0,0,0,5,464
org.mudebug.prapr.mutators.ReturningDereferenceGuardMutator_3,12407216,6672,0,0,0,0,0,0,552
org.pitest.mutationtest.engine.gregor.mutators.NegateConditionalsMutator,12407218,7302,0,0,0,0,0,1979,110
org.mudebug.prapr.mutators.MethCallResultGuard_2,12409199,7202,0,0,0,0,0,0,123
org.pitest.mutationtest.engine.gregor.mutators.ConditionalsBoundaryMutator,12409201,5213,0,0,0,0,0,0,91
org.mudebug.prapr.mutators.FieldNameMutator_3,12409203,1777,0,0,0,0,0,0,722
org.mudebug.prapr.mutators.LocalToFieldAccessMutator_2,12409205,6744,0,0,1,1,1,682,1893
org.pitest.mutationtest.engine.gregor.mutators.ReturnValsMutator,12409889,3651,0,0,0,0,0,76,1959
org.pitest.mutationtest.engine.gregor.mutators.experimental.RemoveSwitchMutator_44,12409967,3584,0,0,0,0,0,0,901
org.mudebug.prapr.mutators.ReturningDereferenceGuardMutator_4,12409969,7064,0,0,0,0,0,0,615
org.mudebug.prapr.mutators.LocalToFieldAccessMutator_1,12409971,6674,0,0,0,0,0,487,564
org.mudebug.prapr.mutators.FieldAccessToMethodCallMutator_0,12410460,1777,0,0,0,0,0,0,758
org.pitest.mutationtest.engine.gregor.mutators.experimental.MemberVariableMutator,12410462,3711,0,0,0,0,0,60,72
org.mudebug.prapr.mutators.MethCallResultGuard_2,12410524,329,0,0,0,0,0,0,295
org.mudebug.prapr.mutators.DereferenceGuardMutator_1,12410526,6684,0,0,0,0,0,0,711
org.mudebug.prapr.mutators.ArgumentListMutator_5,12410528,7052,0,0,1,1,1,5538,198
org.mudebug.prapr.mutators.RelationalOperatorReplacement_3,12416068,245,0,0,1,1,1,4269,197
org.pitest.mutationtest.engine.gregor.mutators.ConstructorCallMutator,12420339,7052,0,0,1,1,1,5538,92
org.mudebug.prapr.mutators.RelationalOperatorReplacement_0,12425879,6713,0,0,0,0,0,80,1149
org.pitest.mutationtest.engine.gregor.mutators.experimental.NakedReceiverMutator,12425961,556,0,0,0,1,1,2208,1186
org.mudebug.prapr.mutators.ReturningDereferenceGuardMutator_3,12428171,4413,0,0,0,0,0,0,526
org.mudebug.prapr.mutators.MethodNameMutator_6,12428173,7379,0,0,1,1,1,5538,390
org.mudebug.prapr.mutators.MethodNameMutator_1,12433713,7383,0,0,0,0,0,1847,457
org.mudebug.prapr.mutators.LocalToFieldAccessMutator_2,12435562,6674,0,0,1,1,1,648,560
org.mudebug.prapr.mutators.FieldNameMutator_5,12436219,1119,0,0,0,0,0,0,1435
org.mudebug.prapr.mutators.LocalNameMutator_0,12436226,6678,0,0,0,0,0,108,602
org.mudebug.prapr.mutators.FieldAccessToMethodCallMutator_4,12436336,1777,0,0,0,0,0,0,82
org.mudebug.prapr.mutators.ReturningDereferenceGuardMutator_3,12436338,5214,0,0,0,0,0,0,112
org.mudebug.prapr.mutators.ArgumentListMutator_0,12436340,553,0,0,1,1,1,5365,262
org.mudebug.prapr.mutators.DereferenceGuardMutator_4,12441707,6683,0,0,0,0,0,0,683
org.pitest.mutationtest.engine.gregor.mutators.NonVoidMethodCallMutator,12441709,1243,0,0,0,0,0,5,637
org.mudebug.prapr.mutators.MethCallResultGuard_0,12441716,5356,0,0,0,0,0,0,425
org.mudebug.prapr.mutators.NonVoidMethodCallGuardMutator_0,12441718,7063,0,0,0,0,0,0,605
org.mudebug.prapr.mutators.FieldNameMutator_0,12441720,1537,0,0,0,0,0,0,30
org.pitest.mutationtest.engine.gregor.mutators.ArgumentPropagationMutator,12441722,3711,0,0,0,0,0,0,72
org.mudebug.prapr.mutators.ReturningDereferenceGuardMutator_0,12441728,347,0,0,0,0,0,0,544
org.pitest.mutationtest.engine.gregor.mutators.NegateConditionalsMutator,12441730,7250,0,0,0,0,0,93,664
org.mudebug.prapr.mutators.VoidMethodCallGuardMutator,12441825,5356,0,0,0,0,0,5,435
org.mudebug.prapr.mutators.ArgumentListMutator_5,12441832,5356,0,0,1,1,1,1504,500
org.mudebug.prapr.mutators.LocalToFieldAccessMutator_1,12443338,6711,0,0,1,1,1,5365,1133
org.mudebug.prapr.mutators.ArithmeticOperatorReplacement_7,12448705,346,0,0,0,0,0,3,496
org.pitest.mutationtest.engine.gregor.mutators.NonVoidMethodCallMutator,12448710,5356,0,0,1,1,1,2865,336
org.mudebug.prapr.mutators.FieldNameMutator_0,12451577,6668,0,0,0,1,1,5487,536
org.mudebug.prapr.mutators.LocalToFieldAccessMutator_0,12457066,6751,0,0,1,1,1,5540,1977
org.mudebug.prapr.mutators.FieldNameMutator_0,12462617,6651,0,0,0,0,0,23,375
org.mudebug.prapr.mutators.FieldAccessToMethodCallMutator_0,12462642,6977,0,0,0,0,0,0,96
org.pitest.mutationtest.engine.gregor.mutators.VoidMethodCallMutator,12462644,7059,0,0,0,0,0,1715,550
org.mudebug.prapr.mutators.FieldNameMutator_0,12464361,6176,0,0,0,0,0,7,571
org.mudebug.prapr.mutators.ArgumentListMutator_3,12464370,561,0,0,0,1,1,4883,1206
org.mudebug.prapr.mutators.MethodNameMutator_0,12469255,5356,0,0,0,0,0,49,490
org.mudebug.prapr.mutators.ReturningDereferenceGuardMutator_3,12469306,1119,0,0,0,0,0,5,1434
org.mudebug.prapr.mutators.ArgumentListMutator_0,12469313,5363,0,0,0,0,0,0,828
org.pitest.mutationtest.engine.gregor.mutators.NonVoidMethodCallMutator,12469315,347,0,0,0,0,0,2734,504
org.pitest.mutationtest.engine.gregor.mutators.experimental.RemoveSwitchMutator_57,12472051,6415,0,0,0,0,0,0,273
org.mudebug.prapr.mutators.LocalToFieldAccessMutator_1,12472053,6737,0,0,1,1,1,2668,1783
org.mudebug.prapr.mutators.NonVoidMethodCallGuardMutator_0,12474723,3569,0,0,0,0,0,0,494
org.pitest.mutationtest.engine.gregor.mutators.experimental.MemberVariableMutator,12474725,1777,0,0,0,0,0,0,723
org.pitest.mutationtest.engine.gregor.mutators.ReturnValsMutator,12474727,7108,0,0,0,0,0,1750,1161
org.mudebug.prapr.mutators.LocalToFieldAccessMutator_0,12476479,3651,0,0,0,0,0,126,1954
org.mudebug.prapr.mutators.MethCallResultGuard_2,12476607,7063,0,0,0,0,0,26,602
org.pitest.mutationtest.engine.gregor.mutators.NegateConditionalsMutator,12476635,7265,0,0,1,1,1,5538,867
org.mudebug.prapr.mutators.RelationalOperatorReplacement_1,12482175,5356,0,0,0,0,0,3,505
org.mudebug.prapr.mutators.FieldNameMutator_0,12482182,1106,0,0,0,0,0,0,1200
org.mudebug.prapr.mutators.MethodNameMutator_4,12482184,6710,0,0,1,1,1,44,1068
org.pitest.mutationtest.engine.gregor.mutators.experimental.MemberVariableMutator,12482230,1777,0,0,0,0,0,83,653
org.pitest.mutationtest.engine.gregor.mutators.NonVoidMethodCallMutator,12482315,7058,0,0,0,0,0,1597,439
org.mudebug.prapr.mutators.MethCallResultGuard_0,12483914,332,0,0,0,0,0,0,346
org.pitest.mutationtest.engine.gregor.mutators.VoidMethodCallMutator,12483916,4413,0,0,0,0,0,0,523
org.mudebug.prapr.mutators.MethCallResultGuard_1,12483918,6176,0,0,0,0,0,0,577
org.mudebug.prapr.mutators.DereferenceGuardMutator_3,12483920,1141,0,0,0,0,0,5,1715
org.mudebug.prapr.mutators.LocalNameMutator_1,12483927,7058,0,0,0,0,0,2252,311
org.mudebug.prapr.mutators.MethodNameMutator_4,12486181,7200,0,0,0,0,0,1,104
org.mudebug.prapr.mutators.LocalNameMutator_2,12486184,7058,0,0,0,0,0,4,363
org.pitest.mutationtest.engine.gregor.mutators.ReturnValsMutator,12486190,7617,0,0,1,1,1,5538,91
org.mudebug.prapr.mutators.LocalNameMutator_1,12491730,1246,0,0,1,1,1,22,820
org.mudebug.prapr.mutators.ArgumentListMutator_4,12491754,5212,0,0,0,0,0,0,60
org.pitest.mutationtest.engine.gregor.mutators.RemoveConditionalMutator_EQUAL_IF,12491756,6737,0,0,0,0,0,5,1782
org.mudebug.prapr.mutators.DereferenceGuardMutator_0,12491763,7627,0,0,0,0,0,0,159
org.mudebug.prapr.mutators.ArgumentListMutator_0,12491765,1043,0,0,1,1,1,2889,270
org.mudebug.prapr.mutators.MethodNameMutator_0,12494659,348,0,0,0,1,1,255,558
org.mudebug.prapr.mutators.RelationalOperatorReplacement_1,12494916,3558,0,0,0,0,0,0,123
org.pitest.mutationtest.engine.gregor.mutators.experimental.MemberVariableMutator,12494918,7300,0,0,1,1,1,5538,71
org.pitest.mutationtest.engine.gregor.mutators.ConstructorCallMutator,12500458,7058,0,0,1,1,1,5538,351
org.pitest.mutationtest.engine.gregor.mutators.NegateConditionalsMutator,12505998,6690,0,0,1,1,1,5427,793
org.mudebug.prapr.mutators.ReturningDereferenceGuardMutator_1,12511427,4415,0,0,0,0,0,0,543
org.pitest.mutationtest.engine.gregor.mutators.experimental.RemoveSwitchMutator_92,12511429,6415,0,0,0,0,0,0,273
org.mudebug.prapr.mutators.MethodNameMutator_1,12511431,6988,0,0,0,0,0,1,167
org.mudebug.prapr.mutators.MethCallResultGuard_0,12511434,3675,0,0,0,0,0,0,2355
org.mudebug.prapr.mutators.NonVoidMethodCallGuardMutator_0,12511436,6976,0,0,0,0,0,0,88
org.mudebug.prapr.mutators.NonVoidMethodCallGuardMutator_0,12511438,7231,0,0,0,0,0,0,261
org.pitest.mutationtest.engine.gregor.mutators.InlineConstantMutator,12511440,6721,0,0,0,1,1,586,1331
org.pitest.mutationtest.engine.gregor.mutators.ReturnValsMutator,12512028,495,0,0,1,1,1,1082,216
org.pitest.mutationtest.engine.gregor.mutators.experimental.MemberVariableMutator,12513112,6651,0,0,0,0,0,0,381
org.mudebug.prapr.mutators.NonVoidMethodCallGuardMutator_0,12513114,1118,0,0,0,0,0,0,1426
org.mudebug.prapr.mutators.NonVoidMethodCallGuardMutator_0,12513119,7764,0,0,0,0,0,5,462
org.pitest.mutationtest.engine.gregor.mutators.InlineConstantMutator,12513126,1106,0,0,1,1,1,2753,1082
org.mudebug.prapr.mutators.MethCallResultGuard_1,12515881,7082,0,0,0,0,0,5,817
org.pitest.mutationtest.engine.gregor.mutators.ReturnValsMutator,12515888,1787,0,0,0,0,0,904,849
org.pitest.mutationtest.engine.gregor.mutators.InlineConstantMutator,12516799,6706,0,0,0,0,0,2,959
org.mudebug.prapr.mutators.MethodNameMutator_7,12516803,7250,0,0,0,0,0,0,662
org.pitest.mutationtest.engine.gregor.mutators.experimental.RemoveSwitchMutator_26,12516805,555,0,0,0,0,0,3,872
org.pitest.mutationtest.engine.gregor.mutators.InlineConstantMutator,12516810,7613,0,0,0,0,0,811,61
org.mudebug.prapr.mutators.LocalNameMutator_1,12517623,3392,0,0,0,0,0,0,302
org.mudebug.prapr.mutators.FieldAccessToMethodCallMutator_0,12517625,1777,0,0,0,0,0,0,712
org.mudebug.prapr.mutators.MethCallResultGuard_2,12517627,348,0,0,0,0,0,0,557
org.mudebug.prapr.mutators.LocalNameMutator_2,12517629,4410,0,0,1,1,1,4776,457
org.pitest.mutationtest.engine.gregor.mutators.experimental.MemberVariableMutator,12522407,1777,0,0,0,0,0,84,636
org.mudebug.prapr.mutators.FieldNameMutator_0,12522493,1777,0,0,0,0,0,0,750
org.mudebug.prapr.mutators.FieldNameMutator_3,12522495,1777,0,0,0,0,0,0,681
org.pitest.mutationtest.engine.gregor.mutators.VoidMethodCallMutator,12522497,3392,0,0,1,1,1,5209,303
org.pitest.mutationtest.engine.gregor.mutators.ConstructorCallMutator,12527708,7058,0,0,1,1,1,5538,246
org.mudebug.prapr.mutators.LocalToFieldAccessMutator_3,12533248,6684,0,0,0,1,1,353,701
org.pitest.mutationtest.engine.gregor.mutators.InlineConstantMutator,12533603,1777,0,0,0,0,0,0,678
org.pitest.mutationtest.engine.gregor.mutators.experimental.MemberVariableMutator,12533605,7052,0,0,0,0,0,234,132
org.mudebug.prapr.mutators.FieldToLocalAccessMutator_1,12533841,6683,0,0,1,1,1,943,683
org.mudebug.prapr.mutators.FieldNameMutator_5,12534786,1777,0,0,0,0,0,0,663
org.mudebug.prapr.mutators.FieldNameMutator_4,12534788,1777,0,0,0,0,0,52,645
org.mudebug.prapr.mutators.MethodNameMutator_0,12534842,3675,0,0,0,0,0,0,2359
org.mudebug.prapr.mutators.MethodNameMutator_6,12534844,1106,0,0,0,0,0,0,1099
org.mudebug.prapr.mutators.MethCallResultGuard_1,12534846,6974,0,0,0,0,0,0,76
org.mudebug.prapr.mutators.FieldAccessToMethodCallMutator_3,12534848,6652,0,0,1,1,1,5084,395
org.mudebug.prapr.mutators.RelationalOperatorReplacement_2,12539934,7198,0,0,0,0,0,553,67
org.mudebug.prapr.mutators.NonVoidMethodCallGuardMutator_0,12540489,335,0,0,0,0,0,23,389
org.mudebug.prapr.mutators.FieldNameMutator_1,12540517,1777,0,0,0,0,0,0,719
org.mudebug.prapr.mutators.VoidMethodCallGuardMutator,12540519,370,0,0,0,0,0,0,817
org.pitest.mutationtest.engine.gregor.mutators.experimental.RemoveSwitchMutator_27,12540521,6649,0,0,0,0,0,0,175
org.pitest.mutationtest.engine.gregor.mutators.ReturnValsMutator,12540523,6386,0,0,0,0,0,118,255
org.mudebug.prapr.mutators.MethodNameMutator_6,12540643,7241,0,0,0,0,0,1,435
org.mudebug.prapr.mutators.DereferenceGuardMutator_3,12540646,6684,0,0,0,0,0,4,703
org.pitest.mutationtest.engine.gregor.mutators.experimental.RemoveSwitchMutator_3,12540652,6649,0,0,0,0,0,0,175
org.mudebug.prapr.mutators.DereferenceGuardMutator_0,12540654,1106,0,0,0,0,0,0,1185
org.mudebug.prapr.mutators.NonVoidMethodCallGuardMutator_0,12540656,7790,0,0,0,0,0,5,315
org.mudebug.prapr.mutators.LocalToFieldAccessMutator_3,12540663,6683,0,0,1,1,1,2698,687
org.mudebug.prapr.mutators.FieldAccessToMethodCallMutator_2,12543363,6651,0,0,1,1,1,4487,384
org.mudebug.prapr.mutators.FieldNameMutator_0,12547852,7061,0,0,0,0,0,2137,573
org.mudebug.prapr.mutators.MethodNameMutator_1,12549991,343,0,0,0,0,0,0,464
org.mudebug.prapr.mutators.FieldNameMutator_5,12549993,7058,0,0,0,0,0,2252,290
org.mudebug.prapr.mutators.FieldAccessToMethodCallMutator_3,12552247,6732,0,0,0,0,0,0,1596
org.pitest.mutationtest.engine.gregor.mutators.ReturnValsMutator,12552249,1094,0,0,0,0,0,419,933
org.mudebug.prapr.mutators.MethodNameMutator_2,12552670,4415,0,0,0,0,0,5,549
org.mudebug.prapr.mutators.FieldNameMutator_1,12552677,1554,0,0,0,0,0,93,144
org.mudebug.prapr.mutators.MethodNameMutator_1,12552772,547,0,0,0,0,0,38,161
org.mudebug.prapr.mutators.MethodNameMutator_1,12552812,5356,0,0,1,1,1,2564,344
org.mudebug.prapr.mutators.FieldToLocalAccessMutator_1,12555378,543,0,0,1,1,1,5365,104
org.pitest.mutationtest.engine.gregor.mutators.InlineConstantMutator,12560745,7209,0,0,1,1,1,5538,51
org.pitest.mutationtest.engine.gregor.mutators.experimental.MemberVariableMutator,12566285,6168,0,0,0,0,0,0,478
org.pitest.mutationtest.engine.gregor.mutators.InlineConstantMutator,12566287,7355,0,0,0,0,0,2,83
org.mudebug.prapr.mutators.LocalNameMutator_0,12566291,6407,0,0,0,1,1,0,2236
org.mudebug.prapr.mutators.RelationalOperatorReplacement_3,12566293,6728,0,0,0,1,1,2812,1407
org.mudebug.prapr.mutators.FieldAccessToMethodCallMutator_1,12569107,6742,0,0,1,1,1,2939,1852
org.pitest.mutationtest.engine.gregor.mutators.experimental.RemoveSwitchMutator_95,12572048,6415,0,0,0,0,0,0,273
org.mudebug.prapr.mutators.FieldNameMutator_0,12572050,6168,0,0,0,0,0,0,482
org.mudebug.prapr.mutators.DereferenceGuardMutator_0,12572052,346,0,0,0,0,0,0,490
org.mudebug.prapr.mutators.DereferenceGuardMutator_0,12572054,6696,0,0,0,0,0,0,837
org.mudebug.prapr.mutators.FieldNameMutator_0,12572059,6728,0,0,1,1,1,2674,1420
org.mudebug.prapr.mutators.RelationalOperatorReplacement_3,12574735,5356,0,0,0,0,0,0,344
org.mudebug.prapr.mutators.LocalNameMutator_0,12574737,6684,0,0,1,1,1,761,705
org.mudebug.prapr.mutators.FieldAccessToMethodCallMutator_2,12575500,6651,0,0,0,0,0,23,375
org.mudebug.prapr.mutators.MethodNameMutator_0,12575525,5356,0,0,0,0,0,18,182
org.mudebug.prapr.mutators.ReturningDereferenceGuardMutator_0,12575545,5358,0,0,0,0,0,0,741
org.mudebug.prapr.mutators.FieldNameMutator_1,12575547,1777,0,0,0,0,0,1,655
org.mudebug.prapr.mutators.MethodNameMutator_1,12575550,369,0,0,0,0,0,57,807
org.mudebug.prapr.mutators.DereferenceGuardMutator_0,12575609,1106,0,0,0,0,0,0,1097
org.mudebug.prapr.mutators.ArgumentListMutator_1,12575611,3249,0,0,0,0,0,5,97
org.pitest.mutationtest.engine.gregor.mutators.NonVoidMethodCallMutator,12575618,1245,0,0,1,1,1,20,714
org.mudebug.prapr.mutators.NonVoidMethodCallGuardMutator_0,12575640,547,0,0,0,0,0,0,161
org.mudebug.prapr.mutators.DereferenceGuardMutator_3,12575642,1041,0,0,0,0,0,5,220
org.mudebug.prapr.mutators.MethodNameMutator_2,12575649,1048,0,0,0,0,0,1772,348
org.mudebug.prapr.mutators.LocalNameMutator_0,12577423,1044,0,0,0,1,1,4555,280
org.mudebug.prapr.mutators.LocalToFieldAccessMutator_1,12581980,6684,0,0,0,1,1,270,701
org.mudebug.prapr.mutators.MethodNameMutator_2,12582252,370,0,0,0,0,0,6,817
org.pitest.mutationtest.engine.gregor.mutators.NonVoidMethodCallMutator,12582260,6976,0,0,0,0,0,6,87
org.mudebug.prapr.mutators.RelationalOperatorReplacement_2,12582268,5356,0,0,0,1,1,93,436
org.mudebug.prapr.mutators.MethCallResultGuard_1,12582363,6744,0,0,0,1,1,680,1888
org.mudebug.prapr.mutators.MethCallResultGuard_2,12583045,7058,0,0,0,0,0,0,377
org.pitest.mutationtest.engine.gregor.mutators.InlineConstantMutator,12583047,1106,0,0,0,0,0,243,1095
org.mudebug.prapr.mutators.FieldNameMutator_0,12583292,4626,0,0,0,0,0,0,82
org.pitest.mutationtest.engine.gregor.mutators.NegateConditionalsMutator,12583294,7200,0,0,0,0,0,1664,95
org.pitest.mutationtest.engine.gregor.mutators.NonVoidMethodCallMutator,12584960,7058,0,0,1,1,1,5538,357
org.mudebug.prapr.mutators.FieldNameMutator_4,12590500,1777,0,0,0,0,0,0,632
org.mudebug.prapr.mutators.NonVoidMethodCallGuardMutator_0,12590502,551,0,0,0,0,0,0,223
org.mudebug.prapr.mutators.MethCallResultGuard_2,12590504,6743,0,0,0,0,0,0,1868
org.mudebug.prapr.mutators.FieldAccessToMethodCallMutator_0,12590506,7355,0,0,0,0,0,0,83
org.mudebug.prapr.mutators.LocalToFieldAccessMutator_1,12590508,6711,0,0,0,1,1,2701,1133
org.mudebug.prapr.mutators.DereferenceGuardMutator_3,12593211,6694,0,0,0,0,0,0,826
org.mudebug.prapr.mutators.ArgumentListMutator_0,12593213,7052,0,0,1,1,1,5538,122
org.mudebug.prapr.mutators.FieldAccessToMethodCallMutator_2,12598753,6737,0,0,1,1,1,2668,1783
org.mudebug.prapr.mutators.ArgumentListMutator_5,12601423,7786,0,0,1,1,1,5985,277
org.pitest.mutationtest.engine.gregor.mutators.RemoveConditionalMutator_EQUAL_ELSE,12607410,7786,0,0,0,0,0,0,278
org.mudebug.prapr.mutators.FieldAccessToMethodCallMutator_0,12607412,1777,0,0,0,0,0,0,705
org.pitest.mutationtest.engine.gregor.mutators.NegateConditionalsMutator,12607417,7131,0,0,0,0,0,485,71
org.mudebug.prapr.mutators.FieldAccessToMethodCallMutator_3,12607904,6732,0,0,0,0,0,0,1618
org.mudebug.prapr.mutators.FieldToLocalAccessMutator_0,12607906,6678,0,0,1,1,1,4651,610
org.mudebug.prapr.mutators.LocalToFieldAccessMutator_1,12612559,6169,0,0,0,0,0,5,500
org.mudebug.prapr.mutators.ArgumentListMutator_3,12612566,5356,0,0,0,0,0,0,575
org.mudebug.prapr.mutators.LocalToFieldAccessMutator_3,12612568,6687,0,0,1,1,1,5365,758
org.pitest.mutationtest.engine.gregor.mutators.ReturnValsMutator,12617935,6169,0,0,0,0,0,99,501
org.mudebug.prapr.mutators.ReturningDereferenceGuardMutator_3,12618036,6678,0,0,0,0,0,0,610
org.pitest.mutationtest.engine.gregor.mutators.VoidMethodCallMutator,12618038,242,0,0,0,0,0,2,157
org.mudebug.prapr.mutators.LocalToFieldAccessMutator_0,12618044,6738,0,0,1,1,1,246,1798
org.mudebug.prapr.mutators.RelationalOperatorReplacement_1,12618292,5356,0,0,0,0,0,0,344
org.mudebug.prapr.mutators.FieldToLocalAccessMutator_0,12618294,558,0,0,0,0,0,1,1194
org.mudebug.prapr.mutators.FieldNameMutator_0,12618297,1777,0,0,0,0,0,0,651
org.pitest.mutationtest.engine.gregor.mutators.experimental.RemoveSwitchMutator_58,12618299,495,0,0,0,0,0,0,119
org.mudebug.prapr.mutators.RelationalOperatorReplacement_2,12618301,5358,0,0,0,0,0,0,736
org.pitest.mutationtest.engine.gregor.mutators.VoidMethodCallMutator,12618303,7058,0,0,0,0,0,52,466
org.mudebug.prapr.mutators.ArgumentListMutator_3,12618357,5356,0,0,0,0,0,1,499
org.mudebug.prapr.mutators.ReturningDereferenceGuardMutator_1,12618360,5214,0,0,0,0,0,0,112
org.mudebug.prapr.mutators.MethodNameMutator_2,12618362,547,0,0,0,0,0,0,166
org.mudebug.prapr.mutators.MethCallResultGuard_1,12618364,247,0,0,0,0,0,0,244
org.mudebug.prapr.mutators.ArgumentListMutator_3,12618366,4411,0,0,0,0,0,0,472
org.pitest.mutationtest.engine.gregor.mutators.NonVoidMethodCallMutator,12618368,7302,0,0,0,0,0,6,127
org.pitest.mutationtest.engine.gregor.mutators.experimental.RemoveSwitchMutator_88,12618376,495,0,0,0,0,0,2,119
org.mudebug.prapr.mutators.NonVoidMethodCallGuardMutator_0,12618380,7215,0,0,0,0,0,0,128
org.mudebug.prapr.mutators.MethCallResultGuard_2,12618382,1043,0,0,0,0,0,0,270
org.mudebug.prapr.mutators.MethodNameMutator_0,12618384,3675,0,0,0,0,0,16,2362
org.mudebug.prapr.mutators.RelationalOperatorReplacement_2,12618402,3563,0,0,0,0,0,0,307
org.pitest.mutationtest.engine.gregor.mutators.InlineConstantMutator,12618404,6744,0,0,0,1,1,0,1893
org.mudebug.prapr.mutators.ReturningDereferenceGuardMutator_0,12618406,4260,0,0,0,0,0,0,453
org.mudebug.prapr.mutators.VoidMethodCallGuardMutator,12618408,7058,0,0,0,0,0,0,404
org.mudebug.prapr.mutators.MethodNameMutator_1,12618410,6738,0,0,1,1,1,252,1796
org.mudebug.prapr.mutators.MethodNameMutator_8,12618664,159,0,0,0,0,0,0,649
org.mudebug.prapr.mutators.NonVoidMethodCallGuardMutator_0,12618666,7183,0,0,0,0,0,0,103
org.mudebug.prapr.mutators.MethodNameMutator_2,12618668,245,0,0,1,1,1,4269,197
org.mudebug.prapr.mutators.FieldNameMutator_5,12622939,7058,0,0,1,1,1,5538,422
org.pitest.mutationtest.engine.gregor.mutators.NonVoidMethodCallMutator,12628479,4411,0,0,1,1,1,4269,474
org.mudebug.prapr.mutators.MethodNameMutator_8,12632750,5356,0,0,1,1,1,193,522
org.pitest.mutationtest.engine.gregor.mutators.NegateConditionalsMutator,12632945,1234,0,0,1,1,1,12,283
org.mudebug.prapr.mutators.MethCallResultGuard_0,12632959,504,0,0,0,0,0,0,79
org.pitest.mutationtest.engine.gregor.mutators.NonVoidMethodCallMutator,12632961,1313,0,0,0,0,0,5,86
org.mudebug.prapr.mutators.ReturningDereferenceGuardMutator_0,12632968,1042,0,0,0,0,0,0,256
org.mudebug.prapr.mutators.NonVoidMethodCallGuardMutator_0,12632970,5356,0,0,0,0,0,0,103
org.mudebug.prapr.mutators.LocalNameMutator_0,12632972,6725,0,0,0,1,1,0,1369
org.mudebug.prapr.mutators.MethodNameMutator_0,12632981,6696,0,0,1,1,1,4921,835
org.mudebug.prapr.mutators.MethodNameMutator_0,12637907,551,0,0,0,0,0,35,215
org.mudebug.prapr.mutators.LocalToFieldAccessMutator_1,12637944,6696,0,0,0,1,1,84,837
org.mudebug.prapr.mutators.FieldNameMutator_1,12638030,7059,0,0,0,0,0,29,565
org.mudebug.prapr.mutators.NonVoidMethodCallGuardMutator_0,12638061,6725,0,0,0,0,0,0,1369
org.pitest.mutationtest.engine.gregor.mutators.NegateConditionalsMutator,12638063,370,0,0,0,0,0,2925,815
org.pitest.mutationtest.engine.gregor.mutators.RemoveConditionalMutator_EQUAL_IF,12640997,7786,0,0,1,1,1,5985,278
org.mudebug.prapr.mutators.MethodNameMutator_5,12646984,159,0,0,1,1,1,3,649
org.mudebug.prapr.mutators.ArgumentListMutator_1,12646989,5356,0,0,0,0,0,0,215
org.mudebug.prapr.mutators.DereferenceGuardMutator_0,12646991,7200,0,0,0,0,0,5,105
org.mudebug.prapr.mutators.MethodNameMutator_2,12646998,1042,0,0,0,0,0,77,248
org.pitest.mutationtest.engine.gregor.mutators.experimental.MemberVariableMutator,12647077,7189,0,0,0,0,0,683,487
org.mudebug.prapr.mutators.RelationalOperatorReplacement_1,12647764,6176,0,0,0,0,0,0,571
org.mudebug.prapr.mutators.FieldNameMutator_3,12647769,1777,0,0,0,0,0,0,734
org.pitest.mutationtest.engine.gregor.mutators.NonVoidMethodCallMutator,12647771,7058,0,0,1,1,1,5538,340
org.mudebug.prapr.mutators.ArgumentListMutator_4,12653311,6662,0,0,0,0,0,0,512
org.mudebug.prapr.mutators.LocalToFieldAccessMutator_0,12653313,6695,0,0,0,1,1,504,831
org.pitest.mutationtest.engine.gregor.mutators.ReturnValsMutator,12653819,1048,0,0,1,1,1,4574,350
org.mudebug.prapr.mutators.ArgumentListMutator_5,12658395,1048,0,0,1,1,1,4574,346
org.pitest.mutationtest.engine.gregor.mutators.experimental.RemoveSwitchMutator_91,12662971,3636,0,0,0,0,0,92,1649
org.mudebug.prapr.mutators.MethCallResultGuard_0,12663065,558,0,0,0,0,0,5,1194
org.mudebug.prapr.mutators.FieldNameMutator_5,12663072,7059,0,0,0,0,0,87,562
org.mudebug.prapr.mutators.FieldToLocalAccessMutator_2,12663164,6683,0,0,0,0,0,39,686
org.mudebug.prapr.mutators.LocalToFieldAccessMutator_0,12663205,1042,0,0,1,1,1,5291,262
org.mudebug.prapr.mutators.MethodNameMutator_2,12668498,6977,0,0,0,0,0,0,96
org.mudebug.prapr.mutators.ReturningDereferenceGuardMutator_3,12668504,1106,0,0,0,0,0,0,1077
org.pitest.mutationtest.engine.gregor.mutators.experimental.RemoveSwitchMutator_10,12668506,6649,0,0,0,0,0,0,175
org.mudebug.prapr.mutators.LocalNameMutator_0,12668508,7058,0,0,0,0,0,16,379
org.mudebug.prapr.mutators.MethCallResultGuard_1,12668526,6688,0,0,0,0,0,1,763
org.mudebug.prapr.mutators.FieldAccessToMethodCallMutator_1,12668529,6732,0,0,0,0,0,6,1618
org.mudebug.prapr.mutators.ReturningDereferenceGuardMutator_2,12668537,7061,0,0,0,0,0,0,573
org.pitest.mutationtest.engine.gregor.mutators.NonVoidMethodCallMutator,12668539,7059,0,0,0,0,0,11,548
org.mudebug.prapr.mutators.MethodNameMutator_1,12668552,4415,0,0,0,0,0,1,551
org.pitest.mutationtest.engine.gregor.mutators.VoidMethodCallMutator,12668555,4410,0,0,0,1,1,3263,464
org.mudebug.prapr.mutators.LocalNameMutator_0,12671820,6738,0,0,1,1,1,252,1796
org.mudebug.prapr.mutators.LocalNameMutator_0,12672074,6732,0,0,0,0,0,5,1596
org.mudebug.prapr.mutators.LocalToFieldAccessMutator_0,12672083,6689,0,0,1,1,1,5270,776
org.mudebug.prapr.mutators.FieldAccessToMethodCallMutator_0,12677355,6684,0,0,1,1,1,595,695
org.mudebug.prapr.mutators.ArgumentListMutator_1,12677952,517,0,0,0,0,0,1441,103
org.mudebug.prapr.mutators.FieldAccessToMethodCallMutator_0,12679395,1038,0,0,0,0,0,0,122
org.mudebug.prapr.mutators.ArgumentListMutator_5,12679397,3569,0,0,0,0,0,0,494
org.pitest.mutationtest.engine.gregor.mutators.NonVoidMethodCallMutator,12679399,3711,0,0,1,1,1,5303,72
org.mudebug.prapr.mutators.FieldNameMutator_0,12684704,6743,0,0,1,1,1,2887,1871
org.mudebug.prapr.mutators.MethCallResultGuard_2,12687597,7058,0,0,0,0,0,0,325
org.mudebug.prapr.mutators.ArgumentListMutator_5,12687599,5363,0,0,1,1,1,2150,828
org.mudebug.prapr.mutators.ReturningDereferenceGuardMutator_4,12689751,7062,0,0,0,0,0,0,583
org.mudebug.prapr.mutators.NonVoidMethodCallGuardMutator_0,12689753,7250,0,0,0,0,0,0,663
org.pitest.mutationtest.engine.gregor.mutators.experimental.MemberVariableMutator,12689755,6652,0,0,1,1,1,4912,399
org.mudebug.prapr.mutators.VoidMethodCallGuardMutator,12694669,5356,0,0,0,0,0,0,576
org.pitest.mutationtest.engine.gregor.mutators.experimental.MemberVariableMutator,12694671,1106,0,0,1,1,1,2974,1199
org.mudebug.prapr.mutators.NonVoidMethodCallGuardMutator_0,12697647,5375,0,0,0,0,0,0,1033
org.mudebug.prapr.mutators.LocalNameMutator_1,12697652,4410,0,0,0,1,1,3869,453
org.mudebug.prapr.mutators.MethCallResultGuard_1,12701523,1834,0,0,0,0,0,5,78
org.mudebug.prapr.mutators.MethodNameMutator_2,12701530,1234,0,0,1,1,1,5,302
org.mudebug.prapr.mutators.FieldAccessToMethodCallMutator_3,12701541,6651,0,0,1,1,1,4611,375
org.mudebug.prapr.mutators.RelationalOperatorReplacement_2,12706154,3664,0,0,0,0,0,0,2185
org.mudebug.prapr.mutators.ReturningDereferenceGuardMutator_1,12706156,4413,0,0,0,0,0,0,524
org.mudebug.prapr.mutators.LocalToFieldAccessMutator_2,12706158,6170,0,0,0,0,0,1,509
org.mudebug.prapr.mutators.MethodNameMutator_5,12706161,6973,0,0,0,0,0,4,71
org.mudebug.prapr.mutators.ArgumentListMutator_4,12706167,3249,0,0,1,1,1,4757,97
org.mudebug.prapr.mutators.LocalNameMutator_1,12710926,6706,0,0,0,0,0,0,963
org.mudebug.prapr.mutators.FieldNameMutator_1,12710928,4415,0,0,0,0,0,3889,546
org.mudebug.prapr.mutators.LocalToFieldAccessMutator_0,12714819,6714,0,0,0,1,1,113,1164
org.mudebug.prapr.mutators.FieldNameMutator_2,12714934,7058,0,0,1,1,1,5538,314
org.mudebug.prapr.mutators.ArgumentListMutator_5,12720474,1043,0,1,1,1,1,918,270
org.mudebug.prapr.mutators.DereferenceGuardMutator_0,12721393,6176,0,0,0,0,0,0,571
org.pitest.mutationtest.engine.gregor.mutators.VoidMethodCallMutator,12721395,347,0,0,1,1,1,1985,508
org.mudebug.prapr.mutators.MethodNameMutator_3,12723382,7302,0,0,0,0,0,10,127
org.mudebug.prapr.mutators.LocalNameMutator_0,12723394,7058,0,0,0,0,0,2250,405
org.pitest.mutationtest.engine.gregor.mutators.NonVoidMethodCallMutator,12725646,244,0,0,0,0,0,3,187
org.mudebug.prapr.mutators.FieldToLocalAccessMutator_0,12725651,6683,0,0,0,0,0,44,686
org.pitest.mutationtest.engine.gregor.mutators.InlineConstantMutator,12725697,1777,0,0,0,0,0,0,724
org.pitest.mutationtest.engine.gregor.mutators.NegateConditionalsMutator,12725699,5214,0,0,1,1,1,2868,112
org.mudebug.prapr.mutators.FieldNameMutator_0,12728569,6651,0,0,1,1,1,2003,377
org.pitest.mutationtest.engine.gregor.mutators.experimental.RemoveSwitchMutator_60,12730574,495,0,0,0,0,0,0,119
org.pitest.mutationtest.engine.gregor.mutators.RemoveConditionalMutator_EQUAL_IF,12730576,7382,0,0,0,0,0,1847,442
org.mudebug.prapr.mutators.MethodNameMutator_9,12732427,7205,0,0,0,0,0,9,141
org.mudebug.prapr.mutators.FieldNameMutator_0,12732438,1777,0,0,0,0,0,0,659
org.pitest.mutationtest.engine.gregor.mutators.InlineConstantMutator,12732440,1777,0,0,0,0,0,4,646
org.mudebug.prapr.mutators.ArgumentListMutator_5,12732446,5192,0,0,1,1,1,5173,53
org.mudebug.prapr.mutators.FieldNameMutator_1,12737621,1777,0,0,0,0,0,0,736
org.mudebug.prapr.mutators.ArgumentListMutator_4,12737623,1042,0,0,1,1,1,5291,242
org.mudebug.prapr.mutators.FieldNameMutator_1,12742916,6678,0,0,1,1,1,4846,607
org.mudebug.prapr.mutators.LocalNameMutator_2,12747764,4411,0,0,0,0,0,1319,502
org.mudebug.prapr.mutators.RelationalOperatorReplacement_3,12749088,495,0,0,1,1,1,4754,201
org.pitest.mutationtest.engine.gregor.mutators.NullReturnValsMutator,12753844,7094,0,0,1,1,1,5538,975
org.mudebug.prapr.mutators.LocalNameMutator_2,12759384,7058,0,0,0,0,0,2250,364
org.mudebug.prapr.mutators.MethCallResultGuard_2,12761636,7112,0,0,0,0,0,0,1216
org.pitest.mutationtest.engine.gregor.mutators.InlineConstantMutator,12761638,7503,0,0,0,0,0,1036,448
org.mudebug.prapr.mutators.ArgumentListMutator_1,12762676,5356,0,0,0,0,0,9,351
org.mudebug.prapr.mutators.VoidMethodCallGuardMutator,12762687,7058,0,0,0,0,0,0,278
org.mudebug.prapr.mutators.LocalNameMutator_0,12762689,1830,0,0,0,1,1,4455,55
org.pitest.mutationtest.engine.gregor.mutators.NonVoidMethodCallMutator,12767146,6706,0,0,0,1,1,0,1020
org.mudebug.prapr.mutators.FieldToLocalAccessMutator_0,12767148,6384,0,0,0,0,0,109,245
org.mudebug.prapr.mutators.ArgumentListMutator_4,12767259,6706,0,0,0,1,1,2,977
org.mudebug.prapr.mutators.FieldNameMutator_4,12767263,1133,0,0,0,0,0,12,1633
org.pitest.mutationtest.engine.gregor.mutators.NullReturnValsMutator,12767277,6860,0,0,1,1,1,5538,110
org.mudebug.prapr.mutators.MethodNameMutator_2,12772817,557,0,0,0,0,0,0,1190
org.mudebug.prapr.mutators.RelationalOperatorReplacement_1,12772819,3675,0,0,0,0,0,0,2362
org.mudebug.prapr.mutators.MethodNameMutator_7,12772821,1231,0,0,1,1,1,33,69
org.mudebug.prapr.mutators.LocalToFieldAccessMutator_0,12772856,4411,0,0,0,0,0,0,474
org.mudebug.prapr.mutators.LocalToFieldAccessMutator_3,12772858,6684,0,0,0,0,0,112,711
org.mudebug.prapr.mutators.FieldAccessToMethodCallMutator_1,12772972,1777,0,0,0,0,0,0,673
org.pitest.mutationtest.engine.gregor.mutators.RemoveConditionalMutator_EQUAL_IF,12772974,6697,0,0,1,1,1,49,849
org.pitest.mutationtest.engine.gregor.mutators.ReturnValsMutator,12773025,1248,0,0,0,0,0,0,913
org.pitest.mutationtest.engine.gregor.mutators.RemoveConditionalMutator_EQUAL_ELSE,12773030,7233,0,0,0,0,0,1,297
org.mudebug.prapr.mutators.LocalNameMutator_1,12773033,7058,0,0,0,0,0,6,363
org.mudebug.prapr.mutators.RelationalOperatorReplacement_3,12773041,6931,0,0,0,0,0,444,856
org.mudebug.prapr.mutators.DereferenceGuardMutator_3,12773487,1112,0,0,0,0,0,0,1250
org.mudebug.prapr.mutators.NonVoidMethodCallGuardMutator_0,12773489,6728,0,0,0,0,0,5,1421
org.pitest.mutationtest.engine.gregor.mutators.experimental.MemberVariableMutator,12773496,1777,0,0,0,0,0,0,684
org.pitest.mutationtest.engine.gregor.mutators.InlineConstantMutator,12773498,6723,0,0,1,1,1,4985,1345
org.pitest.mutationtest.engine.gregor.mutators.experimental.RemoveSwitchMutator_43,12778485,3636,0,0,0,0,0,30,1649
org.mudebug.prapr.mutators.MethCallResultGuard_0,12778517,551,0,0,1,1,1,5365,205
org.mudebug.prapr.mutators.NonVoidMethodCallGuardMutator_0,12783884,7198,0,0,0,0,0,0,63
org.mudebug.prapr.mutators.MethodNameMutator_0,12783888,242,0,0,0,0,0,16,150
org.mudebug.prapr.mutators.ReturningDereferenceGuardMutator_0,12783906,6697,0,0,0,0,0,0,849
org.mudebug.prapr.mutators.FieldToLocalAccessMutator_0,12783908,7302,0,0,0,0,0,0,110
org.mudebug.prapr.mutators.FieldAccessToMethodCallMutator_1,12783910,1777,0,0,0,0,0,0,709
org.mudebug.prapr.mutators.FieldNameMutator_0,12783912,6737,0,0,1,1,1,2668,1783
org.pitest.mutationtest.engine.gregor.mutators.BooleanFalseReturnValsMutator,12786582,6691,0,0,0,0,0,517,800
org.pitest.mutationtest.engine.gregor.mutators.NonVoidMethodCallMutator,12787101,7396,0,0,1,1,1,5538,97
org.mudebug.prapr.mutators.LocalNameMutator_1,12792641,6652,0,0,1,1,1,4795,399
org.mudebug.prapr.mutators.MethCallResultGuard_2,12797438,6706,0,0,0,0,0,0,975
org.mudebug.prapr.mutators.MethodNameMutator_1,12797440,1234,0,0,1,1,1,3,309
org.mudebug.prapr.mutators.MethodNameMutator_1,12797445,1248,0,0,0,0,0,5,878
org.mudebug.prapr.mutators.FieldNameMutator_5,12797452,1777,0,0,0,0,0,0,650
org.pitest.mutationtest.engine.gregor.mutators.NegateConditionalsMutator,12797454,1106,0,0,1,1,1,2980,1077
org.pitest.mutationtest.engine.gregor.mutators.NonVoidMethodCallMutator,12800438,7064,0,0,0,0,0,7,619
org.mudebug.prapr.mutators.MethodNameMutator_0,12800447,6652,0,0,0,0,0,5,391
org.mudebug.prapr.mutators.ReturningDereferenceGuardMutator_1,12800454,6694,0,0,0,0,0,0,826
org.mudebug.prapr.mutators.ReturningDereferenceGuardMutator_3,12800456,7057,0,0,0,0,0,0,228
org.mudebug.prapr.mutators.MethCallResultGuard_1,12800458,3417,0,0,0,0,0,0,88
org.pitest.mutationtest.engine.gregor.mutators.experimental.RemoveSwitchMutator_16,12800460,6415,0,0,0,0,0,0,273
org.mudebug.prapr.mutators.FieldNameMutator_2,12800462,7058,0,0,0,0,0,2319,364
org.mudebug.prapr.mutators.NonVoidMethodCallGuardMutator_0,12802783,4415,0,0,0,0,0,0,546
org.mudebug.prapr.mutators.MethodNameMutator_1,12802785,247,0,0,0,0,0,0,242
org.mudebug.prapr.mutators.FieldNameMutator_0,12802787,6743,0,0,0,0,0,2081,1874
org.mudebug.prapr.mutators.MethodNameMutator_4,12804870,247,0,0,1,1,1,4269,239
org.pitest.mutationtest.engine.gregor.mutators.NegateConditionalsMutator,12809141,3626,0,0,0,0,0,766,1516
org.pitest.mutationtest.engine.gregor.mutators.NegateConditionalsMutator,12809909,6931,0,0,0,0,0,832,852
org.mudebug.prapr.mutators.MethodNameMutator_5,12810743,3664,0,0,1,1,1,391,2189
org.mudebug.prapr.mutators.RelationalOperatorReplacement_1,12811136,5356,0,0,0,0,0,0,526
org.mudebug.prapr.mutators.LocalToFieldAccessMutator_2,12811138,1106,0,0,0,0,0,2,1142
org.mudebug.prapr.mutators.NonVoidMethodCallGuardMutator_0,12811142,7304,0,0,0,0,0,0,189
org.mudebug.prapr.mutators.NonVoidMethodCallGuardMutator_0,12811144,1562,0,0,0,0,0,4,207
org.mudebug.prapr.mutators.ReturningDereferenceGuardMutator_2,12811150,6651,0,0,0,0,0,23,375
org.mudebug.prapr.mutators.VoidMethodCallGuardMutator,12811175,7063,0,0,0,0,0,0,606
org.mudebug.prapr.mutators.VoidMethodCallGuardMutator,12811177,517,0,0,0,0,0,0,92
org.pitest.mutationtest.engine.gregor.mutators.NonVoidMethodCallMutator,12811179,7059,0,0,1,1,1,5538,550
org.mudebug.prapr.mutators.MethodNameMutator_6,12816719,333,0,1,1,1,1,2496,364
org.pitest.mutationtest.engine.gregor.mutators.experimental.MemberVariableMutator,12819216,4392,0,0,1,1,1,5220,68
org.mudebug.prapr.mutators.FieldToLocalAccessMutator_1,12824438,6652,0,0,1,1,1,4680,404
org.mudebug.prapr.mutators.RelationalOperatorReplacement_3,12829120,7497,0,0,0,0,0,1,377
org.mudebug.prapr.mutators.FieldNameMutator_5,12829123,1777,0,0,0,0,0,0,758
org.mudebug.prapr.mutators.ReturningDereferenceGuardMutator_4,12829125,705,0,0,0,0,0,0,69
org.mudebug.prapr.mutators.NonVoidMethodCallGuardMutator_0,12829127,7058,0,0,0,0,0,0,416
org.mudebug.prapr.mutators.ReturningDereferenceGuardMutator_4,12829129,1799,0,0,0,0,0,0,931
org.mudebug.prapr.mutators.FieldNameMutator_0,12829131,5378,0,0,0,0,0,1,1083
org.mudebug.prapr.mutators.MethodNameMutator_0,12829134,551,0,0,0,0,0,35,215
org.mudebug.prapr.mutators.MethodNameMutator_2,12829171,5376,0,0,0,0,0,0,1046
org.pitest.mutationtest.engine.gregor.mutators.NonVoidMethodCallMutator,12829173,1106,0,0,1,1,1,2980,1091
org.pitest.mutationtest.engine.gregor.mutators.NonVoidMethodCallMutator,12832155,3558,0,0,0,0,0,2,123
org.pitest.mutationtest.engine.gregor.mutators.BooleanFalseReturnValsMutator,12832159,6931,0,0,0,0,0,930,849
org.mudebug.prapr.mutators.MethCallResultGuard_0,12833091,347,0,0,0,0,0,23,543
org.mudebug.prapr.mutators.ArgumentListMutator_0,12833116,7052,0,0,0,0,0,5,132
org.pitest.mutationtest.engine.gregor.mutators.experimental.RemoveSwitchMutator_28,12833127,555,0,0,0,0,0,7,872
org.pitest.mutationtest.engine.gregor.mutators.RemoveConditionalMutator_EQUAL_IF,12833136,3447,0,0,0,0,0,2276,1076
org.mudebug.prapr.mutators.FieldNameMutator_4,12835414,7059,0,0,0,0,0,141,545
org.pitest.mutationtest.engine.gregor.mutators.NegateConditionalsMutator,12835557,6732,0,0,0,0,0,1,1596
org.mudebug.prapr.mutators.MethCallResultGuard_0,12835560,7058,0,0,0,0,0,0,347
org.mudebug.prapr.mutators.MethodNameMutator_1,12835562,5359,0,0,0,0,0,2,794
org.mudebug.prapr.mutators.LocalNameMutator_0,12835566,7501,0,0,0,0,0,143,421
org.mudebug.prapr.mutators.LocalNameMutator_0,12835711,1234,0,0,1,1,1,2,310
org.mudebug.prapr.mutators.LocalToFieldAccessMutator_0,12835715,7064,0,0,0,0,0,1,615
org.mudebug.prapr.mutators.FieldNameMutator_2,12835718,1777,0,0,0,0,0,0,678
org.mudebug.prapr.mutators.ArgumentListMutator_4,12835720,6706,0,0,0,1,1,9,932
org.pitest.mutationtest.engine.gregor.mutators.NonVoidMethodCallMutator,12835731,6987,0,0,0,0,0,44,155
org.mudebug.prapr.mutators.LocalNameMutator_0,12835777,6706,0,0,0,1,1,2,977
org.pitest.mutationtest.engine.gregor.mutators.NullReturnValsMutator,12835781,3712,0,0,1,1,1,5202,98
org.mudebug.prapr.mutators.FieldNameMutator_0,12840985,6742,0,0,0,0,0,151,1852
org.mudebug.prapr.mutators.MethodNameMutator_5,12841138,7232,0,0,0,0,0,8,273
org.mudebug.prapr.mutators.MethodNameMutator_0,12841148,7302,0,0,0,0,0,24,127
org.pitest.mutationtest.engine.gregor.mutators.InlineConstantMutator,12841174,6711,0,0,0,1,1,2701,1130
org.pitest.mutationtest.engine.gregor.mutators.NullReturnValsMutator,12843877,3245,0,0,1,1,1,4748,81
org.pitest.mutationtest.engine.gregor.mutators.experimental.RemoveSwitchMutator_23,12848627,6649,0,0,0,0,0,0,175
org.mudebug.prapr.mutators.RelationalOperatorReplacement_0,12848629,7265,0,0,1,1,1,5538,867
org.mudebug.prapr.mutators.ArgumentListMutator_0,12854169,7052,0,0,0,0,0,5,92
org.mudebug.prapr.mutators.ArgumentListMutator_2,12854176,7061,0,0,0,0,0,5,576
org.mudebug.prapr.mutators.LocalToFieldAccessMutator_0,12854183,6706,0,0,0,1,1,8,967
org.mudebug.prapr.mutators.FieldNameMutator_3,12854193,1777,0,0,0,0,0,0,680
org.mudebug.prapr.mutators.RelationalOperatorReplacement_1,12854195,5356,0,0,0,0,0,0,181
org.mudebug.prapr.mutators.MethCallResultGuard_2,12854197,347,0,0,0,0,0,0,548
org.pitest.mutationtest.engine.gregor.mutators.NonVoidMethodCallMutator,12854199,1777,0,0,0,0,0,24,743
org.pitest.mutationtest.engine.gregor.mutators.NonVoidMethodCallMutator,12854225,3558,0,0,0,1,1,46,109
org.mudebug.prapr.mutators.FieldToLocalAccessMutator_0,12854273,6678,0,0,1,1,1,5985,603
org.pitest.mutationtest.engine.gregor.mutators.NegateConditionalsMutator,12860260,7131,0,0,0,0,0,1718,74
org.pitest.mutationtest.engine.gregor.mutators.NonVoidMethodCallMutator,12861980,543,0,0,1,1,1,5365,110
org.pitest.mutationtest.engine.gregor.mutators.NegateConditionalsMutator,12867347,6689,0,0,0,1,1,2241,778
org.mudebug.prapr.mutators.RelationalOperatorReplacement_1,12869590,245,0,0,0,0,0,23,198
org.mudebug.prapr.mutators.RelationalOperatorReplacement_2,12869615,7255,0,0,0,0,0,156,757
org.mudebug.prapr.mutators.ArgumentListMutator_2,12869773,6725,0,0,0,1,1,0,1369
org.mudebug.prapr.mutators.FieldAccessToMethodCallMutator_1,12869775,6684,0,0,0,0,0,0,711
org.mudebug.prapr.mutators.NonVoidMethodCallGuardMutator_0,12869777,1042,0,0,0,0,0,0,248
org.mudebug.prapr.mutators.MethodNameMutator_2,12869779,244,0,0,1,1,1,2712,176
org.mudebug.prapr.mutators.RelationalOperatorReplacement_0,12872493,5356,0,0,0,0,0,4,88
org.pitest.mutationtest.engine.gregor.mutators.experimental.MemberVariableMutator,12872499,1777,0,0,0,0,0,0,741
org.pitest.mutationtest.engine.gregor.mutators.experimental.MemberVariableMutator,12872501,7197,0,0,1,1,1,5538,55
org.pitest.mutationtest.engine.gregor.mutators.experimental.RemoveSwitchMutator_12,12878041,555,0,0,0,0,0,10,872
org.mudebug.prapr.mutators.ReturningDereferenceGuardMutator_2,12878053,1311,0,0,0,0,0,0,63
org.mudebug.prapr.mutators.FieldNameMutator_5,12878055,1777,0,0,0,0,0,0,632
org.mudebug.prapr.mutators.FieldToLocalAccessMutator_0,12878057,4626,0,0,0,1,1,4735,62
org.pitest.mutationtest.engine.gregor.mutators.RemoveConditionalMutator_EQUAL_ELSE,12882794,247,0,0,0,0,0,0,247
org.pitest.mutationtest.engine.gregor.mutators.RemoveConditionalMutator_EQUAL_ELSE,12882796,6678,0,0,1,1,1,5985,603
org.mudebug.prapr.mutators.RelationalOperatorReplacement_0,12888783,5356,0,0,0,0,0,8,103
org.mudebug.prapr.mutators.ArgumentListMutator_5,12888793,4392,0,0,1,1,1,5221,53
org.mudebug.prapr.mutators.ReturningDereferenceGuardMutator_3,12894016,6684,0,0,0,0,0,0,703
org.mudebug.prapr.mutators.FieldNameMutator_0,12894018,1777,0,0,0,0,0,14,607
org.mudebug.prapr.mutators.LocalNameMutator_1,12894034,5356,0,0,0,0,0,9,110
org.mudebug.prapr.mutators.NonVoidMethodCallGuardMutator_0,12894045,7307,0,0,0,0,0,5,209
org.mudebug.prapr.mutators.LocalNameMutator_1,12894052,7058,0,0,0,0,0,11,404
org.mudebug.prapr.mutators.FieldNameMutator_1,12894065,7058,0,0,1,1,1,5538,341
org.pitest.mutationtest.engine.gregor.mutators.RemoveConditionalMutator_EQUAL_ELSE,12899605,7302,0,0,0,0,0,1967,102
org.mudebug.prapr.mutators.MethCallResultGuard_2,12901574,495,0,0,0,0,0,0,268
org.pitest.mutationtest.engine.gregor.mutators.NonVoidMethodCallMutator,12901576,1043,0,0,1,1,1,2889,270
org.mudebug.prapr.mutators.MethodNameMutator_1,12904467,7302,0,0,0,0,0,61,98
org.pitest.mutationtest.engine.gregor.mutators.experimental.MemberVariableMutator,12904530,7300,0,0,0,0,0,371,80
org.pitest.mutationtest.engine.gregor.mutators.RemoveConditionalMutator_EQUAL_IF,12904903,247,0,0,0,0,0,2,247
org.mudebug.prapr.mutators.LocalToFieldAccessMutator_3,12904907,6678,0,0,1,1,1,5985,603
org.mudebug.prapr.mutators.NonVoidMethodCallGuardMutator_0,12910894,5356,0,0,0,0,0,0,82
org.mudebug.prapr.mutators.RelationalOperatorReplacement_2,12910896,3558,0,0,0,1,1,49,128
org.pitest.mutationtest.engine.gregor.mutators.NonVoidMethodCallMutator,12910947,7265,0,0,0,0,0,0,867
org.pitest.mutationtest.engine.gregor.mutators.VoidMethodCallMutator,12910949,5356,0,0,0,0,0,67,219
org.mudebug.prapr.mutators.MethCallResultGuard_0,12911018,7082,0,0,0,0,0,0,817
org.pitest.mutationtest.engine.gregor.mutators.VoidMethodCallMutator,12911020,1127,0,0,0,0,0,8,1582
org.pitest.mutationtest.engine.gregor.mutators.experimental.RemoveSwitchMutator_18,12911030,3584,0,0,0,0,0,17,901
org.mudebug.prapr.mutators.ReturningDereferenceGuardMutator_4,12911049,6706,0,0,0,0,0,0,1030
org.mudebug.prapr.mutators.RelationalOperatorReplacement_3,12911051,3675,0,0,0,0,0,0,2356
org.pitest.mutationtest.engine.gregor.mutators.InlineConstantMutator,12911053,7108,0,0,1,1,1,5538,1158
org.mudebug.prapr.mutators.LocalToFieldAccessMutator_0,12916593,4411,0,0,0,0,0,3874,493
org.mudebug.prapr.mutators.MethCallResultGuard_1,12920469,7058,0,0,0,0,0,0,488
org.mudebug.prapr.mutators.VoidMethodCallGuardMutator,12920471,1562,0,0,0,0,0,0,204
org.mudebug.prapr.mutators.DereferenceGuardMutator_0,12920473,350,0,0,0,0,0,0,584
org.pitest.mutationtest.engine.gregor.mutators.experimental.MemberVariableMutator,12920475,1537,0,0,0,0,0,0,31
org.pitest.mutationtest.engine.gregor.mutators.NonVoidMethodCallMutator,12920477,7247,0,0,0,0,0,138,597
org.mudebug.prapr.mutators.LocalNameMutator_0,12920617,6683,0,0,0,0,0,45,686
org.mudebug.prapr.mutators.MethCallResultGuard_2,12920664,7304,0,0,0,0,0,0,189
org.mudebug.prapr.mutators.ReturningDereferenceGuardMutator_0,12920666,1101,0,0,0,0,0,0,1020
org.pitest.mutationtest.engine.gregor.mutators.NonVoidMethodCallMutator,12920668,5213,0,0,0,0,0,25,91
org.mudebug.prapr.mutators.FieldNameMutator_2,12920695,6728,0,0,0,1,1,2559,1420
org.mudebug.prapr.mutators.MethodNameMutator_4,12923256,334,0,0,0,0,0,21,382
org.mudebug.prapr.mutators.LocalNameMutator_1,12923279,1245,0,0,0,0,0,7,719
org.mudebug.prapr.mutators.ArgumentListMutator_1,12923288,4152,0,0,0,0,0,0,51
org.mudebug.prapr.mutators.MethodNameMutator_6,12923290,6987,0,0,0,0,0,44,152
org.mudebug.prapr.mutators.FieldNameMutator_1,12923336,7058,0,0,0,0,0,2252,345
org.mudebug.prapr.mutators.ArgumentListMutator_4,12925590,517,0,0,0,0,0,0,103
org.mudebug.prapr.mutators.DereferenceGuardMutator_4,12925592,6743,0,0,0,0,0,0,1873
org.pitest.mutationtest.engine.gregor.mutators.NonVoidMethodCallMutator,12925594,7259,0,0,0,0,0,264,823
org.mudebug.prapr.mutators.MethodNameMutator_3,12925860,334,0,0,0,0,0,4,382
org.mudebug.prapr.mutators.FieldToLocalAccessMutator_0,12925866,7613,0,0,1,1,1,5538,65
org.mudebug.prapr.mutators.RelationalOperatorReplacement_1,12931406,2459,0,0,0,0,0,5,56
org.mudebug.prapr.mutators.FieldAccessToMethodCallMutator_1,12931413,6743,0,0,1,1,1,2912,1876
org.pitest.mutationtest.engine.gregor.mutators.NonVoidMethodCallMutator,12934327,7305,0,0,1,1,1,5538,208
org.pitest.mutationtest.engine.gregor.mutators.RemoveConditionalMutator_EQUAL_IF,12939867,6732,0,0,0,0,0,6,1618
org.mudebug.prapr.mutators.FieldAccessToMethodCallMutator_0,12939875,6683,0,0,0,0,0,39,686
org.mudebug.prapr.mutators.RelationalOperatorReplacement_0,12939916,4410,0,0,0,0,0,0,440
org.mudebug.prapr.mutators.VoidMethodCallGuardMutator,12939918,7058,0,0,0,0,0,0,379
org.mudebug.prapr.mutators.NonVoidMethodCallGuardMutator_0,12939920,6706,0,0,0,0,0,0,964
org.pitest.mutationtest.engine.gregor.mutators.NegateConditionalsMutator,12939922,7215,0,0,1,1,1,5538,134
org.mudebug.prapr.mutators.FieldNameMutator_0,12945462,1777,0,0,0,0,0,0,712
org.mudebug.prapr.mutators.FieldNameMutator_4,12945464,1777,0,0,0,0,0,0,723
org.mudebug.prapr.mutators.RelationalOperatorReplacement_1,12945466,517,0,0,0,0,0,0,98
org.mudebug.prapr.mutators.FieldNameMutator_4,12945468,7059,0,0,0,0,0,2,555
org.mudebug.prapr.mutators.ReturningDereferenceGuardMutator_4,12945472,6678,0,0,0,0,0,5,606
org.mudebug.prapr.mutators.ArithmeticOperatorReplacement_8,12945479,6715,0,0,0,0,0,67,1176
org.mudebug.prapr.mutators.LocalNameMutator_0,12945548,6678,0,0,0,0,0,35,605
org.pitest.mutationtest.engine.gregor.mutators.experimental.SwitchMutator,12945585,3584,0,0,1,1,1,2661,901
org.pitest.mutationtest.engine.gregor.mutators.InlineConstantMutator,12948248,7381,0,0,0,0,0,1719,405
org.pitest.mutationtest.engine.gregor.mutators.ReturnValsMutator,12949969,1106,0,0,0,0,0,1,1204
org.mudebug.prapr.mutators.NonVoidMethodCallGuardMutator_0,12949972,5218,0,0,0,0,0,0,176
org.mudebug.prapr.mutators.FieldNameMutator_2,12949974,2308,0,0,0,0,0,2,92
org.mudebug.prapr.mutators.NonVoidMethodCallGuardMutator_0,12949978,6706,0,0,0,0,0,0,929
org.pitest.mutationtest.engine.gregor.mutators.experimental.RemoveSwitchMutator_7,12949984,3636,0,0,0,0,0,32,1649
org.pitest.mutationtest.engine.gregor.mutators.NegateConditionalsMutator,12950018,7205,0,0,0,0,0,1643,141
org.mudebug.prapr.mutators.DereferenceGuardMutator_3,12951663,6686,0,0,0,0,0,5,741
org.mudebug.prapr.mutators.FieldAccessToMethodCallMutator_2,12951670,6683,0,0,1,1,1,2718,687
org.mudebug.prapr.mutators.MethCallResultGuard_1,12954390,7764,0,0,0,0,0,0,482
org.mudebug.prapr.mutators.FieldNameMutator_0,12954392,6706,0,0,1,1,1,60,929
org.mudebug.prapr.mutators.LocalNameMutator_0,12954454,6652,0,0,0,0,0,5,393
org.mudebug.prapr.mutators.MethCallResultGuard_2,12954461,247,0,0,0,0,0,0,240
org.mudebug.prapr.mutators.FieldAccessToMethodCallMutator_4,12954463,6699,0,0,0,0,0,65,863
org.mudebug.prapr.mutators.ArgumentListMutator_1,12954538,6706,0,0,0,1,1,2,1024
org.mudebug.prapr.mutators.ReturningDereferenceGuardMutator_1,12954542,6689,0,0,0,0,0,0,781
org.pitest.mutationtest.engine.gregor.mutators.experimental.MemberVariableMutator,12954544,1777,0,0,0,0,0,12,711
org.mudebug.prapr.mutators.NonVoidMethodCallGuardMutator_0,12954558,1046,0,0,0,0,0,0,314
org.mudebug.prapr.mutators.VoidMethodCallGuardMutator,12954560,7058,0,0,0,0,0,0,247
org.mudebug.prapr.mutators.MethodNameMutator_3,12954562,7064,0,0,0,0,0,10,614
org.pitest.mutationtest.engine.gregor.mutators.NegateConditionalsMutator,12954574,4411,0,0,0,0,0,241,479
org.mudebug.prapr.mutators.FieldNameMutator_4,12954817,1777,0,0,0,0,0,0,647
org.pitest.mutationtest.engine.gregor.mutators.NullReturnValsMutator,12954819,7507,0,0,0,0,0,791,479
org.mudebug.prapr.mutators.ReturningDereferenceGuardMutator_4,12955612,5213,0,0,0,0,0,5,91
org.pitest.mutationtest.engine.gregor.mutators.InlineConstantMutator,12955619,1777,0,0,0,0,0,3,664
org.mudebug.prapr.mutators.MethodNameMutator_0,12955624,346,0,0,0,0,0,3,496
org.mudebug.prapr.mutators.MethodNameMutator_2,12955632,5358,0,0,0,0,0,0,759
org.mudebug.prapr.mutators.ReturningDereferenceGuardMutator_3,12955634,6678,0,0,0,0,0,0,606
org.mudebug.prapr.mutators.MethodNameMutator_5,12955636,1563,0,0,0,0,0,1,245
org.mudebug.prapr.mutators.DereferenceGuardMutator_0,12955639,6672,0,0,0,0,0,0,552
org.mudebug.prapr.mutators.FieldNameMutator_0,12955641,1777,0,0,0,0,0,0,685
org.pitest.mutationtest.engine.gregor.mutators.experimental.RemoveSwitchMutator_2,12955643,6706,0,0,0,0,0,0,980
org.pitest.mutationtest.engine.gregor.mutators.InlineConstantMutator,12955645,6706,0,0,0,1,1,8,965
org.pitest.mutationtest.engine.gregor.mutators.InlineConstantMutator,12955655,1777,0,0,0,0,0,5,670
org.pitest.mutationtest.engine.gregor.mutators.InlineConstantMutator,12955662,1777,0,0,0,0,0,0,644
org.pitest.mutationtest.engine.gregor.mutators.experimental.RemoveSwitchMutator_56,12955664,3584,0,0,0,0,0,0,901
org.mudebug.prapr.mutators.LocalNameMutator_0,12955666,5356,0,0,0,0,0,5,364
org.pitest.mutationtest.engine.gregor.mutators.experimental.MemberVariableMutator,12955673,1925,0,0,0,0,0,5,36
org.pitest.mutationtest.engine.gregor.mutators.BooleanTrueReturnValsMutator,12955680,7265,0,0,1,1,1,5538,867
org.pitest.mutationtest.engine.gregor.mutators.BooleanFalseReturnValsMutator,12961220,7204,0,0,0,0,0,14,135
org.mudebug.prapr.mutators.RelationalOperatorReplacement_3,12961236,5356,0,0,0,0,0,136,340
org.mudebug.prapr.mutators.DereferenceGuardMutator_0,12961374,6694,0,0,0,0,0,5,826
org.mudebug.prapr.mutators.FieldNameMutator_5,12961381,1777,0,0,0,0,0,0,686
org.mudebug.prapr.mutators.RelationalOperatorReplacement_3,12961386,6728,0,0,0,1,1,1489,1412
org.mudebug.prapr.mutators.MethodNameMutator_3,12962877,7204,0,0,0,0,0,7,135
org.mudebug.prapr.mutators.NonVoidMethodCallGuardMutator_0,12962886,1048,0,0,0,0,0,0,348
org.mudebug.prapr.mutators.FieldNameMutator_1,12962888,6678,0,0,1,1,1,5393,604
org.mudebug.prapr.mutators.VoidMethodCallGuardMutator,12968283,7058,0,0,0,0,0,5,449
org.mudebug.prapr.mutators.MethodNameMutator_5,12968290,1143,0,0,1,1,1,5209,1727
org.mudebug.prapr.mutators.FieldNameMutator_0,12973501,4392,0,0,0,0,0,4279,53
org.mudebug.prapr.mutators.MethCallResultGuard_0,12977782,7058,0,0,0,0,0,0,429
org.mudebug.prapr.mutators.LocalToFieldAccessMutator_2,12977784,6678,0,0,1,1,1,4843,611
org.mudebug.prapr.mutators.FieldAccessToMethodCallMutator_0,12982629,6737,0,0,0,0,0,157,1782
org.mudebug.prapr.mutators.ReturningDereferenceGuardMutator_3,12982788,2459,0,0,0,0,0,0,64
org.pitest.mutationtest.engine.gregor.mutators.VoidMethodCallMutator,12982790,332,0,0,0,0,0,8,348
org.mudebug.prapr.mutators.MethCallResultGuard_1,12982800,1237,0,0,0,0,0,0,545
org.pitest.mutationtest.engine.gregor.mutators.ReturnValsMutator,12982802,495,0,0,1,1,1,4330,172
org.mudebug.prapr.mutators.MethCallResultGuard_1,12987134,7759,0,0,0,0,0,0,422
org.mudebug.prapr.mutators.LocalToFieldAccessMutator_0,12987136,7233,0,0,1,1,1,5227,287
org.mudebug.prapr.mutators.MethCallResultGuard_1,12992365,7098,0,0,0,0,0,0,1022
org.mudebug.prapr.mutators.ArgumentListMutator_0,12992367,3611,0,0,0,0,0,0,1331
org.mudebug.prapr.mutators.ArgumentListMutator_2,12992369,3497,0,0,0,0,0,0,421
org.mudebug.prapr.mutators.MethCallResultGuard_1,12992371,545,0,0,0,0,0,94,127
org.mudebug.prapr.mutators.ArgumentListMutator_0,12992467,7059,0,0,1,1,1,5538,559
org.mudebug.prapr.mutators.RelationalOperatorReplacement_3,12998007,5356,0,0,0,0,0,5,344
org.mudebug.prapr.mutators.DereferenceGuardMutator_3,12998014,7305,0,0,0,0,0,0,208
org.pitest.mutationtest.engine.gregor.mutators.experimental.MemberVariableMutator,12998016,1046,0,0,1,1,1,4574,309
org.pitest.mutationtest.engine.gregor.mutators.experimental.MemberVariableMutator,13002592,6651,0,0,0,0,0,6,385
org.mudebug.prapr.mutators.DereferenceGuardMutator_0,13002600,347,0,0,0,0,0,2,544
org.mudebug.prapr.mutators.LocalToFieldAccessMutator_1,13002604,6684,0,0,0,0,0,4,701
org.mudebug.prapr.mutators.MethCallResultGuard_2,13002610,7058,0,0,0,0,0,0,420
org.mudebug.prapr.mutators.ArgumentListMutator_2,13002612,6710,0,0,0,1,1,8,1067
org.mudebug.prapr.mutators.MethCallResultGuard_0,13002622,1042,0,0,0,0,0,0,248
org.mudebug.prapr.mutators.FieldNameMutator_1,13002624,1106,0,0,1,1,1,2974,1199
org.mudebug.prapr.mutators.LocalToFieldAccessMutator_0,13005600,6692,0,0,0,0,0,602,808
org.pitest.mutationtest.engine.gregor.mutators.BooleanFalseReturnValsMutator,13006204,6388,0,0,0,1,1,1310,265
org.pitest.mutationtest.engine.gregor.mutators.RemoveConditionalMutator_EQUAL_IF,13007516,7215,0,0,0,0,0,126,133
org.mudebug.prapr.mutators.DereferenceGuardMutator_0,13007644,561,0,0,0,0,0,0,1206
org.mudebug.prapr.mutators.MethCallResultGuard_2,13007646,6860,0,0,0,0,0,0,110
org.mudebug.prapr.mutators.FieldNameMutator_2,13007648,1799,0,0,0,0,0,0,931
org.mudebug.prapr.mutators.MethodNameMutator_5,13007650,7379,0,0,1,1,1,5538,390
org.mudebug.prapr.mutators.FieldNameMutator_1,13013190,7057,0,0,0,0,0,0,227
org.pitest.mutationtest.engine.gregor.mutators.NullReturnValsMutator,13013192,7247,0,0,0,0,0,103,602
org.pitest.mutationtest.engine.gregor.mutators.InlineConstantMutator,13013297,7058,0,0,1,1,1,5538,458
org.mudebug.prapr.mutators.LocalToFieldAccessMutator_0,13018837,6728,0,0,1,1,1,4,1413
org.mudebug.prapr.mutators.LocalNameMutator_0,13018848,6728,0,0,0,1,1,1476,1418
org.mudebug.prapr.mutators.ReturningDereferenceGuardMutator_2,13020326,4257,0,0,0,0,0,0,409
org.mudebug.prapr.mutators.VoidMethodCallGuardMutator,13020328,6751,0,0,0,0,0,0,1977
org.mudebug.prapr.mutators.ArgumentListMutator_0,13020330,4392,0,0,1,1,1,5221,68
org.mudebug.prapr.mutators.MethCallResultGuard_0,13025553,1119,0,0,0,0,0,0,1439
org.pitest.mutationtest.engine.gregor.mutators.InlineConstantMutator,13025555,6744,0,0,0,1,1,0,1893
org.mudebug.prapr.mutators.DereferenceGuardMutator_0,13025557,1053,0,0,0,0,0,0,441
org.mudebug.prapr.mutators.ArgumentListMutator_0,13025559,5213,0,0,0,0,0,0,89
org.pitest.mutationtest.engine.gregor.mutators.RemoveConditionalMutator_EQUAL_ELSE,13025561,5358,0,0,0,0,0,0,718
org.mudebug.prapr.mutators.MethodNameMutator_2,13025563,5213,0,0,0,0,0,23,91
org.mudebug.prapr.mutators.ArithmeticOperatorReplacement_3,13025588,4257,0,0,0,0,0,23,409
org.mudebug.prapr.mutators.ReturningDereferenceGuardMutator_1,13025613,6689,0,0,0,0,0,0,783
org.pitest.mutationtest.engine.gregor.mutators.RemoveConditionalMutator_EQUAL_IF,13025615,547,0,0,0,1,1,110,160
org.mudebug.prapr.mutators.ArgumentListMutator_1,13025727,7786,0,0,1,1,1,5985,277
org.mudebug.prapr.mutators.LocalToFieldAccessMutator_0,13031714,6699,0,0,1,1,1,5517,863
org.pitest.mutationtest.engine.gregor.mutators.NonVoidMethodCallMutator,13037233,7303,0,0,0,0,0,1979,167
org.pitest.mutationtest.engine.gregor.mutators.InlineConstantMutator,13039214,7557,0,0,0,0,0,75,76
org.mudebug.prapr.mutators.MethodNameMutator_3,13039291,245,0,0,0,0,0,2,198
org.mudebug.prapr.mutators.MethodNameMutator_7,13039295,1135,0,0,0,0,0,0,1644
org.mudebug.prapr.mutators.LocalNameMutator_1,13039297,1234,0,0,1,1,1,25,274
org.mudebug.prapr.mutators.MethodNameMutator_0,13039324,1231,0,0,1,1,1,33,69
org.pitest.mutationtest.engine.gregor.mutators.NegateConditionalsMutator,13039359,6721,0,0,0,1,1,594,1331
org.mudebug.prapr.mutators.MethodNameMutator_0,13039955,7058,0,0,0,0,0,9,522
org.mudebug.prapr.mutators.NonVoidMethodCallGuardMutator_0,13039966,247,0,0,0,0,0,0,243
org.pitest.mutationtest.engine.gregor.mutators.NegateConditionalsMutator,13039968,5209,0,0,0,0,0,13,288
org.pitest.mutationtest.engine.gregor.mutators.RemoveConditionalMutator_EQUAL_IF,13039990,7241,0,0,0,0,0,2,431
org.mudebug.prapr.mutators.NonVoidMethodCallGuardMutator_0,13039994,1050,0,0,0,0,0,0,381
org.mudebug.prapr.mutators.MethodNameMutator_3,13039996,1234,0,0,1,1,1,16,260
org.mudebug.prapr.mutators.FieldNameMutator_3,13040014,1777,0,0,0,0,0,48,757
org.pitest.mutationtest.engine.gregor.mutators.ConstructorCallMutator,13040064,3569,0,0,1,1,1,214,494
org.mudebug.prapr.mutators.FieldNameMutator_0,13040280,6652,0,0,1,1,1,4748,391
org.pitest.mutationtest.engine.gregor.mutators.NonVoidMethodCallMutator,13045030,5218,0,0,0,1,1,223,176
org.mudebug.prapr.mutators.MethodNameMutator_7,13045255,551,0,0,0,0,0,37,215
org.mudebug.prapr.mutators.ReturningDereferenceGuardMutator_2,13045294,5213,0,0,0,0,0,0,91
org.mudebug.prapr.mutators.RelationalOperatorReplacement_2,13045296,7497,0,0,0,0,0,31,377
org.mudebug.prapr.mutators.MethCallResultGuard_0,13045329,6987,0,0,0,0,0,0,155
org.mudebug.prapr.mutators.MethodNameMutator_3,13045331,1231,0,0,1,1,1,33,69
org.mudebug.prapr.mutators.ArgumentListMutator_0,13045366,547,0,0,0,1,1,137,165
org.mudebug.prapr.mutators.LocalToFieldAccessMutator_0,13045505,6721,0,0,1,1,1,1569,1331
org.pitest.mutationtest.engine.gregor.mutators.experimental.RemoveSwitchMutator_93,13047076,495,0,0,0,0,0,51,119
org.mudebug.prapr.mutators.DereferenceGuardMutator_3,13047129,6860,0,0,0,0,0,0,110
org.mudebug.prapr.mutators.MethCallResultGuard_0,13047131,1119,0,0,0,0,0,0,1436
org.mudebug.prapr.mutators.RelationalOperatorReplacement_2,13047133,6913,0,0,1,1,1,5538,470
org.mudebug.prapr.mutators.MethCallResultGuard_2,13052676,362,0,0,0,0,0,0,707
org.mudebug.prapr.mutators.FieldNameMutator_1,13052678,7059,0,0,0,0,0,2,554
org.mudebug.prapr.mutators.MethCallResultGuard_0,13052682,1082,0,0,0,0,0,0,834
org.mudebug.prapr.mutators.MethCallResultGuard_1,13052684,348,0,0,0,0,0,0,557
org.pitest.mutationtest.engine.gregor.mutators.RemoveConditionalMutator_EQUAL_ELSE,13052686,7557,0,0,0,0,0,75,76
org.pitest.mutationtest.engine.gregor.mutators.experimental.MemberVariableMutator,13052763,4256,0,0,0,0,0,0,386
org.mudebug.prapr.mutators.FieldNameMutator_0,13052765,6176,0,0,0,0,0,1,577
org.mudebug.prapr.mutators.FieldNameMutator_1,13052768,7058,0,0,1,1,1,5231,311
org.pitest.mutationtest.engine.gregor.mutators.RemoveConditionalMutator_EQUAL_IF,13058001,1106,0,0,0,0,0,0,1085
org.mudebug.prapr.mutators.ArgumentListMutator_3,13058003,1082,0,0,0,0,0,0,834
org.mudebug.prapr.mutators.MethCallResultGuard_0,13058005,1830,0,0,0,0,0,0,55
org.mudebug.prapr.mutators.MethodNameMutator_4,13058010,1562,0,0,0,0,0,34,229
org.mudebug.prapr.mutators.NonVoidMethodCallGuardMutator_0,13058046,7215,0,0,0,0,0,5,125
org.mudebug.prapr.mutators.MethodNameMutator_1,13058053,347,0,0,0,0,0,38,520
org.mudebug.prapr.mutators.FieldNameMutator_5,13058093,7058,0,0,1,1,1,5538,241
org.mudebug.prapr.mutators.ReturningDereferenceGuardMutator_2,13063633,7232,0,0,0,0,0,0,272
org.mudebug.prapr.mutators.LocalNameMutator_0,13063635,4256,0,0,0,0,0,25,399
org.mudebug.prapr.mutators.FieldToLocalAccessMutator_0,13063662,6689,0,0,0,1,1,2230,778
org.mudebug.prapr.mutators.DereferenceGuardMutator_3,13065894,6721,0,0,0,0,0,1,1331
org.mudebug.prapr.mutators.ReturningDereferenceGuardMutator_3,13065897,6673,0,0,0,0,0,0,556
org.mudebug.prapr.mutators.ArgumentListMutator_2,13065899,1830,0,0,0,1,1,4455,55
org.mudebug.prapr.mutators.MethodNameMutator_7,13070356,1564,0,0,0,0,0,205,262
org.mudebug.prapr.mutators.ArgumentListMutator_4,13070563,1106,0,0,1,1,1,2933,1199
org.mudebug.prapr.mutators.ArgumentListMutator_5,13073498,7106,0,0,0,0,0,54,1128
org.mudebug.prapr.mutators.MethodNameMutator_2,13073556,334,0,0,0,0,0,4,382
org.mudebug.prapr.mutators.LocalNameMutator_2,13073562,7058,0,0,0,0,0,24,436
org.mudebug.prapr.mutators.FieldNameMutator_0,13073588,1777,0,0,0,0,0,0,691
org.mudebug.prapr.mutators.LocalNameMutator_0,13073590,6723,0,0,1,1,1,5168,1346
org.mudebug.prapr.mutators.FieldNameMutator_3,13078760,7059,0,0,0,0,0,2,557
org.pitest.mutationtest.engine.gregor.mutators.ArgumentPropagationMutator,13078764,7063,0,0,0,0,0,6,609
org.mudebug.prapr.mutators.LocalNameMutator_2,13078772,7058,0,0,0,0,0,7,367
org.mudebug.prapr.mutators.FieldToLocalAccessMutator_0,13078781,6728,0,0,0,1,1,2802,1418
org.mudebug.prapr.mutators.LocalNameMutator_1,13081585,1246,0,0,0,0,0,1,823
org.mudebug.prapr.mutators.ArgumentListMutator_0,13081588,7059,0,0,1,1,1,5538,557
org.mudebug.prapr.mutators.FieldNameMutator_1,13087128,6176,0,0,0,0,0,0,571
org.mudebug.prapr.mutators.MethodNameMutator_0,13087130,551,0,0,1,1,1,5270,222
org.pitest.mutationtest.engine.gregor.mutators.NonVoidMethodCallMutator,13092402,551,0,0,0,0,0,0,212
org.mudebug.prapr.mutators.RelationalOperatorReplacement_0,13092404,5356,0,0,0,0,0,0,504
org.mudebug.prapr.mutators.MethCallResultGuard_0,13092406,7058,0,0,0,0,0,0,280
org.mudebug.prapr.mutators.VoidMethodCallGuardMutator,13092408,2459,0,0,0,0,0,0,64
org.mudebug.prapr.mutators.MethodNameMutator_3,13092410,5356,0,0,0,0,0,8,215
org.mudebug.prapr.mutators.ArgumentListMutator_4,13092420,7058,0,0,1,1,1,5538,470
org.mudebug.prapr.mutators.MethodNameMutator_2,13097960,329,0,0,1,1,1,1397,298
org.mudebug.prapr.mutators.MethodNameMutator_2,13099359,1231,0,0,0,1,1,35,59
org.mudebug.prapr.mutators.ArgumentListMutator_0,13099396,3711,0,0,1,1,1,5303,72
org.pitest.mutationtest.engine.gregor.mutators.ConditionalsBoundaryMutator,13104701,7090,0,0,1,1,1,5538,931
org.mudebug.prapr.mutators.ArgumentListMutator_4,13110248,2459,0,0,1,1,1,5269,60
org.mudebug.prapr.mutators.MethodNameMutator_1,13115519,159,0,0,0,0,0,0,649
org.mudebug.prapr.mutators.MethCallResultGuard_2,13115521,495,0,0,0,0,0,0,247
org.mudebug.prapr.mutators.FieldNameMutator_2,13115523,1777,0,0,0,0,0,0,646
org.mudebug.prapr.mutators.ArgumentListMutator_4,13115525,7058,0,0,1,1,1,5538,317
org.pitest.mutationtest.engine.gregor.mutators.VoidMethodCallMutator,13121065,244,0,0,0,0,0,0,176
org.mudebug.prapr.mutators.MethodNameMutator_8,13121067,1237,0,0,1,1,1,9,545
org.mudebug.prapr.mutators.LocalToFieldAccessMutator_2,13121078,6714,0,0,0,1,1,2705,1161
org.mudebug.prapr.mutators.LocalNameMutator_0,13123785,6683,0,0,1,1,1,2721,681
org.pitest.mutationtest.engine.gregor.mutators.BooleanTrueReturnValsMutator,13126508,7384,0,0,1,1,1,5538,495
org.pitest.mutationtest.engine.gregor.mutators.ReturnValsMutator,13132048,7501,0,0,0,0,0,1847,428
org.pitest.mutationtest.engine.gregor.mutators.ReturnValsMutator,13133897,1927,0,0,0,1,1,2835,43
org.mudebug.prapr.mutators.MethodNameMutator_0,13136734,4395,0,0,1,1,1,5220,249
org.mudebug.prapr.mutators.FieldNameMutator_1,13141956,1777,0,0,0,0,0,0,740
org.pitest.mutationtest.engine.gregor.mutators.InlineConstantMutator,13141958,6884,0,0,0,0,0,682,238
org.mudebug.prapr.mutators.FieldAccessToMethodCallMutator_3,13142642,6684,0,0,1,1,1,1026,714
org.mudebug.prapr.mutators.ReturningDereferenceGuardMutator_2,13143670,7057,0,0,0,0,0,0,231
org.pitest.mutationtest.engine.gregor.mutators.NonVoidMethodCallMutator,13143672,1042,0,0,1,1,1,5291,243
org.mudebug.prapr.mutators.DereferenceGuardMutator_0,13148965,3388,0,0,0,0,0,0,70
org.mudebug.prapr.mutators.LocalToFieldAccessMutator_0,13148967,6711,0,0,0,1,1,2701,1130
org.mudebug.prapr.mutators.MethodNameMutator_4,13151670,7233,0,0,0,0,0,5,297
org.mudebug.prapr.mutators.LocalToFieldAccessMutator_0,13151677,6684,0,0,1,1,1,1008,695
org.mudebug.prapr.mutators.ReturningDereferenceGuardMutator_0,13152687,3387,0,0,0,0,0,0,56
org.pitest.mutationtest.engine.gregor.mutators.ConditionalsBoundaryMutator,13152689,1049,0,0,0,0,0,23,368
org.mudebug.prapr.mutators.MethCallResultGuard_1,13152714,517,0,0,0,0,0,0,90
org.mudebug.prapr.mutators.MethodNameMutator_0,13152716,1231,0,0,0,0,0,0,72
org.mudebug.prapr.mutators.ArgumentListMutator_0,13152718,7058,0,0,0,0,0,12,412
org.mudebug.prapr.mutators.RelationalOperatorReplacement_0,13152732,6976,0,0,0,0,0,57,88
org.pitest.mutationtest.engine.gregor.mutators.RemoveConditionalMutator_EQUAL_ELSE,13152791,7265,0,0,1,1,1,5538,867
org.mudebug.prapr.mutators.MethodNameMutator_0,13158331,7250,0,0,1,1,1,5543,659
org.pitest.mutationtest.engine.gregor.mutators.ReturnValsMutator,13163876,6708,0,0,0,1,1,8,1050
org.mudebug.prapr.mutators.FieldAccessToMethodCallMutator_0,13163886,6652,0,0,0,0,0,0,397
org.mudebug.prapr.mutators.FieldAccessToMethodCallMutator_0,13163888,1777,0,0,0,0,0,0,749
org.pitest.mutationtest.engine.gregor.mutators.NegateConditionalsMutator,13163890,5374,0,0,0,0,0,1,1006
org.mudebug.prapr.mutators.ReturningDereferenceGuardMutator_2,13163893,7064,0,0,0,0,0,0,619
org.mudebug.prapr.mutators.DereferenceGuardMutator_3,13163895,6737,0,0,0,0,0,0,1783
org.pitest.mutationtest.engine.gregor.mutators.RemoveConditionalMutator_EQUAL_ELSE,13163897,3563,0,0,0,1,1,68,307
org.mudebug.prapr.mutators.NonVoidMethodCallGuardMutator_0,13163967,3675,0,0,0,0,0,0,2358
org.mudebug.prapr.mutators.FieldNameMutator_0,13163969,1777,0,0,0,0,0,0,693
org.mudebug.prapr.mutators.DereferenceGuardMutator_0,13163971,4706,0,0,0,0,0,0,757
org.mudebug.prapr.mutators.FieldNameMutator_0,13163973,1777,0,0,0,0,0,0,745
org.pitest.mutationtest.engine.gregor.mutators.NonVoidMethodCallMutator,13163975,7045,0,0,1,1,1,5538,96
org.mudebug.prapr.mutators.VoidMethodCallGuardMutator,13169515,7058,0,0,0,0,0,5,353
org.pitest.mutationtest.engine.gregor.mutators.RemoveConditionalMutator_EQUAL_IF,13169522,7232,0,0,0,0,0,1,272
org.mudebug.prapr.mutators.LocalToFieldAccessMutator_1,13169525,6737,0,0,0,0,0,162,1782
org.mudebug.prapr.mutators.RelationalOperatorReplacement_0,13174755,7303,0,0,0,0,0,1969,158
org.pitest.mutationtest.engine.gregor.mutators.experimental.RemoveSwitchMutator_43,13176726,555,0,0,0,0,0,290,872
org.pitest.mutationtest.engine.gregor.mutators.RemoveConditionalMutator_EQUAL_IF,13177018,5356,0,0,0,1,1,92,436
org.pitest.mutationtest.engine.gregor.mutators.ReturnValsMutator,13177112,6672,0,0,1,1,1,5888,552
org.mudebug.prapr.mutators.MethodNameMutator_0,13183002,7365,0,0,0,0,0,43,229
org.pitest.mutationtest.engine.gregor.mutators.VoidMethodCallMutator,13183047,546,0,0,0,0,0,2,148
org.mudebug.prapr.mutators.ReturningDereferenceGuardMutator_4,13183051,6678,0,0,0,0,0,5,602
org.mudebug.prapr.mutators.MethCallResultGuard_1,13183058,6725,0,0,0,0,0,0,1369
org.pitest.mutationtest.engine.gregor.mutators.NonVoidMethodCallMutator,13183060,1245,0,0,0,0,0,8,718
org.mudebug.prapr.mutators.FieldAccessToMethodCallMutator_0,13183070,1777,0,0,0,0,0,0,697
org.pitest.mutationtest.engine.gregor.mutators.InlineConstantMutator,13183072,5356,0,0,0,0,0,87,504
org.pitest.mutationtest.engine.gregor.mutators.ConstructorCallMutator,13183161,557,0,0,1,1,1,3433,1190
org.mudebug.prapr.mutators.RelationalOperatorReplacement_0,13186596,4411,0,0,0,0,0,0,472
org.mudebug.prapr.mutators.FieldAccessToMethodCallMutator_1,13186598,6671,0,0,1,1,1,5241,548
org.mudebug.prapr.mutators.ReturningDereferenceGuardMutator_3,13191841,3412,0,0,0,0,0,0,52
org.mudebug.prapr.mutators.FieldAccessToMethodCallMutator_2,13191846,1106,0,0,1,1,1,2979,1172
org.mudebug.prapr.mutators.MethodNameMutator_3,13194827,5359,0,0,0,0,0,2,794
org.pitest.mutationtest.engine.gregor.mutators.ArgumentPropagationMutator,13194831,553,0,0,0,1,1,2702,262
org.mudebug.prapr.mutators.MethodNameMutator_1,13197535,346,0,0,1,1,1,2731,490
org.pitest.mutationtest.engine.gregor.mutators.experimental.NakedReceiverMutator,13200268,6706,0,0,0,0,0,8,966
org.mudebug.prapr.mutators.LocalToFieldAccessMutator_3,13200278,6715,0,0,0,0,0,5,1173
org.mudebug.prapr.mutators.ReturningDereferenceGuardMutator_4,13200285,6652,0,0,0,0,0,0,393
org.mudebug.prapr.mutators.ArgumentListMutator_2,13200287,6652,0,0,0,0,0,0,395
org.pitest.mutationtest.engine.gregor.mutators.RemoveConditionalMutator_EQUAL_IF,13200289,7302,0,0,0,0,0,437,134
org.mudebug.prapr.mutators.MethCallResultGuard_1,13200728,1043,0,0,0,0,0,5,270
org.mudebug.prapr.mutators.FieldToLocalAccessMutator_1,13200735,6683,0,0,0,0,0,0,683
org.pitest.mutationtest.engine.gregor.mutators.experimental.MemberVariableMutator,13200737,3240,0,0,0,0,0,5,40
org.mudebug.prapr.mutators.FieldNameMutator_1,13200744,1129,0,0,1,1,1,5303,1604
org.mudebug.prapr.mutators.LocalNameMutator_0,13206049,247,0,0,1,1,1,2862,243
org.mudebug.prapr.mutators.LocalNameMutator_0,13208913,1245,0,0,1,1,1,20,718
org.mudebug.prapr.mutators.NonVoidMethodCallGuardMutator_0,13208935,5213,0,0,0,0,0,5,91
org.mudebug.prapr.mutators.LocalNameMutator_1,13208942,6683,0,0,1,1,1,1098,688
org.pitest.mutationtest.engine.gregor.mutators.NonVoidMethodCallMutator,13210042,6706,0,0,0,1,1,0,964
org.pitest.mutationtest.engine.gregor.mutators.NegateConditionalsMutator,13210044,6678,0,0,1,1,1,5985,602
org.mudebug.prapr.mutators.DereferenceGuardMutator_3,13216031,4169,0,0,0,0,0,0,193
org.mudebug.prapr.mutators.LocalToFieldAccessMutator_0,13216033,1132,0,0,0,0,0,3,1627
org.mudebug.prapr.mutators.FieldNameMutator_2,13216038,7058,0,0,0,0,0,2319,374
org.mudebug.prapr.mutators.FieldAccessToMethodCallMutator_3,13218359,1777,0,0,0,0,0,0,705
org.mudebug.prapr.mutators.LocalNameMutator_0,13218361,551,0,0,0,0,0,51,224
org.mudebug.prapr.mutators.RelationalOperatorReplacement_1,13218414,7501,0,0,0,0,0,0,424
org.mudebug.prapr.mutators.MethodNameMutator_2,13218416,4410,0,0,0,0,0,1178,439
org.mudebug.prapr.mutators.FieldNameMutator_5,13219596,7058,0,0,0,0,0,44,278
org.pitest.mutationtest.engine.gregor.mutators.RemoveConditionalMutator_EQUAL_ELSE,13219642,5356,0,0,0,0,0,3,526
org.pitest.mutationtest.engine.gregor.mutators.experimental.MemberVariableMutator,13219647,6678,0,0,0,0,0,0,605
org.pitest.mutationtest.engine.gregor.mutators.experimental.RemoveSwitchMutator_42,13219649,6649,0,0,0,0,0,0,175
org.pitest.mutationtest.engine.gregor.mutators.experimental.RemoveSwitchMutator_78,13219651,3636,0,0,0,0,0,21,1649
org.mudebug.prapr.mutators.RelationalOperatorReplacement_3,13219674,3902,0,0,0,0,0,0,49
org.mudebug.prapr.mutators.MethodNameMutator_0,13219676,1245,0,0,0,0,0,2,719
org.pitest.mutationtest.engine.gregor.mutators.NullReturnValsMutator,13219680,7378,0,0,0,0,0,2012,380
org.mudebug.prapr.mutators.MethCallResultGuard_1,13221694,3558,0,0,0,0,0,0,114
org.mudebug.prapr.mutators.FieldAccessToMethodCallMutator_1,13221696,7505,0,0,1,1,1,5538,467
org.mudebug.prapr.mutators.MethodNameMutator_2,13227236,7365,0,0,0,0,0,30,229
org.mudebug.prapr.mutators.FieldToLocalAccessMutator_0,13227268,1046,0,0,1,1,1,4574,328
org.mudebug.prapr.mutators.FieldNameMutator_5,13231844,1777,0,0,0,0,0,0,633
org.mudebug.prapr.mutators.MethCallResultGuard_1,13231846,7058,0,0,0,0,0,0,532
org.mudebug.prapr.mutators.ReturningDereferenceGuardMutator_0,13231848,3390,0,0,0,0,0,0,98
org.pitest.mutationtest.engine.gregor.mutators.RemoveConditionalMutator_EQUAL_IF,13231850,517,0,0,0,0,0,0,98
org.mudebug.prapr.mutators.LocalToFieldAccessMutator_3,13231852,1042,0,0,1,1,1,5291,262
org.mudebug.prapr.mutators.FieldAccessToMethodCallMutator_0,13237145,1777,0,0,0,0,0,0,668
org.pitest.mutationtest.engine.gregor.mutators.RemoveConditionalMutator_EQUAL_ELSE,13237147,1082,0,0,0,0,0,0,834
org.mudebug.prapr.mutators.RelationalOperatorReplacement_1,13237149,1563,0,0,0,0,0,11,245
org.mudebug.prapr.mutators.NonVoidMethodCallGuardMutator_0,13237162,7058,0,0,0,0,0,0,269
org.pitest.mutationtest.engine.gregor.mutators.experimental.RemoveSwitchMutator_81,13237164,6415,0,0,0,0,0,0,273
org.pitest.mutationtest.engine.gregor.mutators.experimental.RemoveSwitchMutator_0,13237166,4410,0,0,0,0,0,1007,447
org.pitest.mutationtest.engine.gregor.mutators.InlineConstantMutator,13238175,6728,0,0,0,1,1,981,1405
org.mudebug.prapr.mutators.ArgumentListMutator_0,13239158,5358,0,0,1,1,1,301,762
org.mudebug.prapr.mutators.LocalNameMutator_0,13239461,7263,0,0,1,1,1,5538,853
org.mudebug.prapr.mutators.ReturningDereferenceGuardMutator_3,13245001,7064,0,0,0,0,0,0,615
org.pitest.mutationtest.engine.gregor.mutators.RemoveConditionalMutator_EQUAL_IF,13245003,5213,0,0,0,0,0,0,90
org.mudebug.prapr.mutators.VoidMethodCallGuardMutator,13245005,7355,0,0,0,0,0,5,114
org.mudebug.prapr.mutators.FieldNameMutator_0,13245012,4413,0,0,0,0,0,3971,524
org.mudebug.prapr.mutators.MethodNameMutator_8,13248985,7382,0,0,0,0,0,1753,442
org.mudebug.prapr.mutators.ArgumentListMutator_2,13250740,7058,0,0,0,0,0,3,522
org.mudebug.prapr.mutators.ReturningDereferenceGuardMutator_3,13250745,4667,0,0,0,0,0,0,69
org.mudebug.prapr.mutators.DereferenceGuardMutator_4,13250747,6718,0,0,0,0,0,0,1267
org.mudebug.prapr.mutators.FieldAccessToMethodCallMutator_4,13250749,6728,0,0,0,1,1,2657,1418
org.mudebug.prapr.mutators.MethodNameMutator_5,13253408,1234,0,0,1,1,1,32,272
org.pitest.mutationtest.engine.gregor.mutators.RemoveConditionalMutator_EQUAL_ELSE,13253442,4667,0,0,0,0,0,0,70
org.mudebug.prapr.mutators.LocalToFieldAccessMutator_1,13253446,6728,0,0,0,1,1,2690,1418
org.mudebug.prapr.mutators.RelationalOperatorReplacement_2,13256138,5214,0,0,0,0,0,0,112
org.mudebug.prapr.mutators.ArgumentListMutator_4,13256140,6706,0,0,0,1,1,8,966
org.mudebug.prapr.mutators.ArgumentListMutator_2,13256150,1038,0,0,1,1,1,5303,1599
org.mudebug.prapr.mutators.MethCallResultGuard_1,13261455,6706,0,0,0,0,0,0,972
org.mudebug.prapr.mutators.LocalNameMutator_0,13261457,1052,0,1,1,1,1,2591,406
org.mudebug.prapr.mutators.FieldAccessToMethodCallMutator_0,13264049,6651,0,0,0,0,0,0,382
org.mudebug.prapr.mutators.ReturningDereferenceGuardMutator_0,13264051,6652,0,0,0,0,0,5,389
org.mudebug.prapr.mutators.ArgumentListMutator_3,13264058,3675,0,0,0,0,0,0,2354
org.pitest.mutationtest.engine.gregor.mutators.NonVoidMethodCallMutator,13264060,3569,0,0,1,1,1,214,494
org.mudebug.prapr.mutators.LocalNameMutator_1,13264276,347,0,0,1,1,1,4299,551
org.pitest.mutationtest.engine.gregor.mutators.experimental.RemoveSwitchMutator_3,13268577,3558,0,0,0,0,0,4,109
org.mudebug.prapr.mutators.MethodNameMutator_5,13268583,244,0,0,1,1,1,2547,180
org.mudebug.prapr.mutators.FieldNameMutator_0,13271132,1777,0,0,0,0,0,74,731
org.mudebug.prapr.mutators.VoidMethodCallGuardMutator,13271208,1246,0,0,0,0,0,0,821
org.mudebug.prapr.mutators.MethodNameMutator_1,13271210,4410,0,0,0,1,1,3439,453
org.mudebug.prapr.mutators.FieldAccessToMethodCallMutator_0,13274651,558,0,0,0,0,0,0,1194
org.mudebug.prapr.mutators.ArgumentListMutator_0,13274653,6706,0,0,0,1,1,2,976
org.pitest.mutationtest.engine.gregor.mutators.experimental.RemoveSwitchMutator_5,13274657,3636,0,0,0,0,0,49,1649
org.mudebug.prapr.mutators.FieldAccessToMethodCallMutator_2,13274708,1777,0,0,0,0,0,0,675
org.pitest.mutationtest.engine.gregor.mutators.NonVoidMethodCallMutator,13274710,7556,0,0,0,0,0,2250,70
org.mudebug.prapr.mutators.MethodNameMutator_0,13276962,1046,0,0,0,0,0,28,329
org.mudebug.prapr.mutators.MethCallResultGuard_1,13276992,7058,0,0,0,0,0,0,412
org.pitest.mutationtest.engine.gregor.mutators.InlineConstantMutator,13276994,241,0,0,0,0,0,2,142
org.mudebug.prapr.mutators.FieldNameMutator_1,13277003,7215,0,0,0,0,0,154,132
org.mudebug.prapr.mutators.FieldAccessToMethodCallMutator_4,13277159,1777,0,0,0,0,0,0,681
org.mudebug.prapr.mutators.NonVoidMethodCallGuardMutator_0,13277161,7058,0,0,0,0,0,0,269
org.mudebug.prapr.mutators.DereferenceGuardMutator_0,13277166,4413,0,0,0,0,0,0,526
org.pitest.mutationtest.engine.gregor.mutators.experimental.MemberVariableMutator,13277168,1777,0,0,0,0,0,5,652
org.mudebug.prapr.mutators.RelationalOperatorReplacement_2,13277175,5356,0,0,0,0,0,117,181
org.pitest.mutationtest.engine.gregor.mutators.NonVoidMethodCallMutator,13277294,348,0,0,1,1,1,494,558
org.mudebug.prapr.mutators.MethodNameMutator_7,13277792,6743,0,0,1,1,1,2826,1866
org.mudebug.prapr.mutators.ReturningDereferenceGuardMutator_4,13280620,3497,0,0,0,0,0,0,421
org.mudebug.prapr.mutators.MethodNameMutator_7,13280622,159,0,0,0,0,0,0,649
org.pitest.mutationtest.engine.gregor.mutators.experimental.RemoveSwitchMutator_81,13280624,495,0,0,0,0,0,0,119
org.pitest.mutationtest.engine.gregor.mutators.experimental.RemoveSwitchMutator_75,13280626,555,0,0,0,0,0,5,872
org.mudebug.prapr.mutators.ArgumentListMutator_0,13280633,7106,0,0,1,1,1,5538,1128
org.mudebug.prapr.mutators.LocalToFieldAccessMutator_3,13286176,6725,0,0,1,1,1,1,1369
org.mudebug.prapr.mutators.LocalToFieldAccessMutator_0,13286179,6743,0,0,1,1,1,2923,1866
org.mudebug.prapr.mutators.MethCallResultGuard_2,13289104,7204,0,0,0,0,0,5,134
org.pitest.mutationtest.engine.gregor.mutators.RemoveConditionalMutator_EQUAL_ELSE,13289111,1560,0,0,0,0,0,166,189
org.mudebug.prapr.mutators.FieldNameMutator_1,13289279,1777,0,0,0,0,0,50,657
org.pitest.mutationtest.engine.gregor.mutators.NonVoidMethodCallMutator,13289331,547,0,0,0,0,0,0,166
org.mudebug.prapr.mutators.ArgumentListMutator_2,13289333,7215,0,0,0,0,0,0,128
org.pitest.mutationtest.engine.gregor.mutators.InlineConstantMutator,13289335,3563,0,0,0,1,1,84,299
org.mudebug.prapr.mutators.FieldToLocalAccessMutator_0,13289421,1245,0,0,0,1,1,10,801
org.mudebug.prapr.mutators.FieldNameMutator_4,13289433,1777,0,0,0,0,0,0,677
org.mudebug.prapr.mutators.ReturningDereferenceGuardMutator_4,13289435,6674,0,0,0,0,0,0,560
org.mudebug.prapr.mutators.FieldNameMutator_0,13289437,6678,0,0,1,1,1,4603,606
org.mudebug.prapr.mutators.DereferenceGuardMutator_3,13294042,6668,0,0,0,0,0,0,536
org.mudebug.prapr.mutators.FieldNameMutator_0,13294044,7058,0,0,1,1,1,5069,466
org.pitest.mutationtest.engine.gregor.mutators.experimental.RemoveSwitchMutator_75,13299115,5356,0,0,0,0,0,0,117
org.mudebug.prapr.mutators.MethodNameMutator_1,13299117,3558,0,0,0,1,1,53,109
org.mudebug.prapr.mutators.ReturningDereferenceGuardMutator_0,13299172,369,0,0,0,0,0,0,807
org.pitest.mutationtest.engine.gregor.mutators.ReturnValsMutator,13299177,3626,0,0,0,0,0,789,1516
org.pitest.mutationtest.engine.gregor.mutators.experimental.RemoveSwitchMutator_82,13299968,6415,0,0,0,0,0,1,273
org.mudebug.prapr.mutators.FieldNameMutator_0,13299971,7215,0,0,0,0,0,8,125
org.mudebug.prapr.mutators.LocalToFieldAccessMutator_0,13299981,6743,0,0,1,1,1,2908,1869
org.mudebug.prapr.mutators.ReturningDereferenceGuardMutator_3,13302891,4415,0,0,0,0,0,0,551
org.mudebug.prapr.mutators.VoidMethodCallGuardMutator,13302893,4410,0,0,0,0,0,0,449
org.mudebug.prapr.mutators.LocalToFieldAccessMutator_3,13302895,6691,0,0,0,0,0,2445,800
org.pitest.mutationtest.engine.gregor.mutators.NonVoidMethodCallMutator,13305342,1046,0,0,0,0,0,92,314
org.mudebug.prapr.mutators.MethCallResultGuard_1,13305436,6710,0,0,0,0,0,0,1066
org.mudebug.prapr.mutators.ArgumentListMutator_0,13305438,1040,0,0,0,0,0,0,209
org.pitest.mutationtest.engine.gregor.mutators.experimental.RemoveSwitchMutator_14,13305440,3584,0,0,0,0,0,2,901
org.mudebug.prapr.mutators.MethCallResultGuard_2,13305444,7058,0,0,0,0,0,5,476
org.pitest.mutationtest.engine.gregor.mutators.NonVoidMethodCallMutator,13305459,7058,0,0,0,0,0,11,522
org.pitest.mutationtest.engine.gregor.mutators.InlineConstantMutator,13305472,7302,0,0,0,0,0,1940,105
org.mudebug.prapr.mutators.ReturningDereferenceGuardMutator_0,13307414,6689,0,0,0,0,0,5,782
org.mudebug.prapr.mutators.FieldNameMutator_0,13307421,6168,0,0,0,0,0,0,477
org.pitest.mutationtest.engine.gregor.mutators.RemoveConditionalMutator_EQUAL_IF,13307423,3664,0,0,0,1,1,278,2190
org.pitest.mutationtest.engine.gregor.mutators.ReturnValsMutator,13307703,514,0,0,1,1,1,5662,53
org.pitest.mutationtest.engine.gregor.mutators.InlineConstantMutator,13313367,6744,0,0,0,0,0,4,1889
org.mudebug.prapr.mutators.LocalNameMutator_1,13313375,6728,0,0,0,1,1,2802,1421
org.mudebug.prapr.mutators.ArgumentListMutator_3,13316179,6725,0,0,0,1,1,0,1369
org.mudebug.prapr.mutators.DereferenceGuardMutator_1,13316181,6674,0,0,0,0,0,0,560
org.mudebug.prapr.mutators.LocalNameMutator_0,13316183,6678,0,0,1,1,1,5454,604
org.pitest.mutationtest.engine.gregor.mutators.InlineConstantMutator,13321639,7209,0,0,1,1,1,5538,51
org.mudebug.prapr.mutators.NonVoidMethodCallGuardMutator_0,13327179,7059,0,0,0,0,0,0,562
org.mudebug.prapr.mutators.NonVoidMethodCallGuardMutator_0,13327181,5219,0,0,0,0,0,0,181
org.mudebug.prapr.mutators.FieldNameMutator_0,13327183,7613,0,0,0,0,0,0,56
org.pitest.mutationtest.engine.gregor.mutators.NegateConditionalsMutator,13327185,3489,0,0,0,0,0,0,268
org.mudebug.prapr.mutators.DereferenceGuardMutator_0,13327187,6684,0,0,0,0,0,4,703
org.mudebug.prapr.mutators.RelationalOperatorReplacement_2,13327193,5356,0,0,0,0,0,886,215
org.pitest.mutationtest.engine.gregor.mutators.InlineConstantMutator,13328081,1777,0,0,0,0,0,5,683
org.mudebug.prapr.mutators.MethodNameMutator_0,13328088,245,0,0,0,0,0,2,198
org.mudebug.prapr.mutators.NonVoidMethodCallGuardMutator_0,13328092,7108,0,0,0,0,0,5,1156
org.mudebug.prapr.mutators.LocalToFieldAccessMutator_1,13328099,547,0,0,0,1,1,110,160
org.mudebug.prapr.mutators.MethCallResultGuard_1,13328211,1830,0,0,0,0,0,5,55
org.pitest.mutationtest.engine.gregor.mutators.RemoveConditionalMutator_EQUAL_ELSE,13328218,3497,0,0,1,1,1,5204,421
org.mudebug.prapr.mutators.LocalToFieldAccessMutator_1,13333424,1119,0,0,0,1,1,106,1433
org.mudebug.prapr.mutators.NonVoidMethodCallGuardMutator_0,13333532,1248,0,0,0,0,0,0,878
org.mudebug.prapr.mutators.FieldAccessToMethodCallMutator_1,13333534,1315,0,0,0,0,0,0,100
org.mudebug.prapr.mutators.MethCallResultGuard_2,13333536,7059,0,0,0,0,0,0,553
org.mudebug.prapr.mutators.FieldAccessToMethodCallMutator_3,13333538,1777,0,0,0,0,0,0,684
org.pitest.mutationtest.engine.gregor.mutators.experimental.RemoveSwitchMutator_12,13333540,3584,0,0,0,0,0,32,901
org.pitest.mutationtest.engine.gregor.mutators.NonVoidMethodCallMutator,13333574,1311,0,0,1,1,1,150,63
org.pitest.mutationtest.engine.gregor.mutators.NonVoidMethodCallMutator,13333726,347,0,0,1,1,1,4299,526
org.mudebug.prapr.mutators.DereferenceGuardMutator_0,13338027,1106,0,0,0,0,0,0,1185
org.pitest.mutationtest.engine.gregor.mutators.RemoveConditionalMutator_EQUAL_ELSE,13338029,6737,0,0,1,1,1,2668,1782
org.mudebug.prapr.mutators.LocalNameMutator_0,13340701,5356,0,0,0,0,0,24,490
org.mudebug.prapr.mutators.MethCallResultGuard_1,13340727,6987,0,0,0,0,0,0,153
org.mudebug.prapr.mutators.ReturningDereferenceGuardMutator_1,13340729,544,0,0,0,0,0,0,119
org.mudebug.prapr.mutators.LocalNameMutator_0,13340731,6742,0,0,1,1,1,2771,1853
org.pitest.mutationtest.engine.gregor.mutators.experimental.RemoveSwitchMutator_36,13343504,3636,0,0,0,0,0,28,1649
org.mudebug.prapr.mutators.FieldNameMutator_1,13343536,1777,0,0,0,0,0,0,723
org.pitest.mutationtest.engine.gregor.mutators.VoidMethodCallMutator,13343538,1046,0,0,0,0,0,28,329
org.mudebug.prapr.mutators.LocalToFieldAccessMutator_1,13343568,1127,0,0,0,0,0,8,1582
org.mudebug.prapr.mutators.LocalNameMutator_1,13343578,4410,0,0,1,1,1,5211,456
org.mudebug.prapr.mutators.DereferenceGuardMutator_0,13348791,7385,0,0,0,0,0,0,501
org.mudebug.prapr.mutators.FieldAccessToMethodCallMutator_0,13348793,6743,0,0,1,1,1,2894,1869
org.mudebug.prapr.mutators.FieldNameMutator_5,13351689,1777,0,0,0,0,0,0,671
org.pitest.mutationtest.engine.gregor.mutators.experimental.MemberVariableMutator,13351691,4410,0,0,0,0,0,0,444
org.mudebug.prapr.mutators.ArgumentListMutator_5,13351693,6651,0,0,0,0,0,23,375
org.mudebug.prapr.mutators.RelationalOperatorReplacement_0,13351718,7215,0,0,0,0,0,126,133
org.mudebug.prapr.mutators.NonVoidMethodCallGuardMutator_0,13351846,7199,0,0,0,0,0,5,85
org.mudebug.prapr.mutators.ArgumentListMutator_2,13351853,6706,0,0,0,1,1,2,1025
org.mudebug.prapr.mutators.NonVoidMethodCallGuardMutator_0,13351860,7058,0,0,0,0,0,5,488
org.mudebug.prapr.mutators.ReturningDereferenceGuardMutator_2,13351867,6743,0,0,0,0,0,0,1873
org.mudebug.prapr.mutators.RelationalOperatorReplacement_0,13351869,6732,0,0,0,0,0,1,1596
org.mudebug.prapr.mutators.NonVoidMethodCallGuardMutator_0,13351872,247,0,0,0,0,0,23,240
org.mudebug.prapr.mutators.RelationalOperatorReplacement_1,13351897,7302,0,0,0,0,0,31,127
org.mudebug.prapr.mutators.ArgumentListMutator_2,13351930,7058,0,0,1,1,1,5538,458
org.pitest.mutationtest.engine.gregor.mutators.NegateConditionalsMutator,13357470,6684,0,0,1,1,1,1024,705
org.pitest.mutationtest.engine.gregor.mutators.BooleanFalseReturnValsMutator,13358496,7200,0,0,0,0,0,1640,108
org.pitest.mutationtest.engine.gregor.mutators.NegateConditionalsMutator,13360138,7265,0,0,1,1,1,5538,867
org.mudebug.prapr.mutators.MethodNameMutator_0,13365678,551,0,0,0,0,0,1,214
org.pitest.mutationtest.engine.gregor.mutators.NullReturnValsMutator,13365681,7108,0,0,0,0,0,1750,1161
org.mudebug.prapr.mutators.FieldNameMutator_1,13367433,7057,0,0,0,0,0,0,231
org.mudebug.prapr.mutators.ArgumentListMutator_2,13367435,5356,0,0,1,1,1,1504,500
org.mudebug.prapr.mutators.LocalToFieldAccessMutator_3,13368941,6668,0,0,1,1,1,5631,536
org.mudebug.prapr.mutators.MethCallResultGuard_0,13374574,6710,0,0,0,0,0,0,1068
org.pitest.mutationtest.engine.gregor.mutators.experimental.RemoveSwitchMutator_31,13374576,555,0,0,0,0,0,739,872
org.pitest.mutationtest.engine.gregor.mutators.BooleanTrueReturnValsMutator,13375317,7501,0,0,0,0,0,1847,428
org.pitest.mutationtest.engine.gregor.mutators.NonVoidMethodCallMutator,13377166,547,0,0,0,0,0,38,161
org.mudebug.prapr.mutators.MethodNameMutator_2,13377206,347,0,0,0,0,0,13,542
org.mudebug.prapr.mutators.MethCallResultGuard_1,13377221,5356,0,0,0,0,0,1,215
org.mudebug.prapr.mutators.LocalNameMutator_0,13377224,1246,0,0,1,1,1,22,820
org.pitest.mutationtest.engine.gregor.mutators.ConstructorCallMutator,13377248,545,0,0,1,1,1,5365,127
org.pitest.mutationtest.engine.gregor.mutators.NegateConditionalsMutator,13382615,6651,0,0,1,1,1,4611,375
org.mudebug.prapr.mutators.MethodNameMutator_2,13387228,551,0,0,0,1,1,2674,222
org.pitest.mutationtest.engine.gregor.mutators.NonVoidMethodCallMutator,13389904,1132,0,0,0,0,0,3,1626
org.mudebug.prapr.mutators.MethodNameMutator_9,13389909,1245,0,0,1,1,1,12,718
org.mudebug.prapr.mutators.LocalToFieldAccessMutator_3,13389923,6674,0,0,1,1,1,1034,560
org.mudebug.prapr.mutators.FieldNameMutator_4,13390959,7059,0,0,0,0,0,10,551
org.mudebug.prapr.mutators.FieldAccessToMethodCallMutator_2,13390971,1777,0,0,0,0,0,0,724
org.mudebug.prapr.mutators.LocalNameMutator_1,13390976,1234,0,0,1,1,1,30,271
org.mudebug.prapr.mutators.LocalNameMutator_0,13391008,1234,0,0,1,1,1,3,310
org.pitest.mutationtest.engine.gregor.mutators.InlineConstantMutator,13391013,5359,0,0,0,0,0,2,794
org.mudebug.prapr.mutators.FieldAccessToMethodCallMutator_3,13391017,6678,0,0,1,1,1,5985,607
org.mudebug.prapr.mutators.RelationalOperatorReplacement_3,13397004,7503,0,0,0,0,0,1036,444
org.mudebug.prapr.mutators.FieldNameMutator_1,13398044,7059,0,0,0,0,0,2,553
org.pitest.mutationtest.engine.gregor.mutators.InlineConstantMutator,13398048,1777,0,0,0,0,0,3,647
org.pitest.mutationtest.engine.gregor.mutators.VoidMethodCallMutator,13398053,6696,0,0,0,0,0,13,835
org.pitest.mutationtest.engine.gregor.mutators.RemoveConditionalMutator_EQUAL_IF,13398071,7231,0,0,1,1,1,5543,260
org.mudebug.prapr.mutators.ReturningDereferenceGuardMutator_4,13403616,6699,0,0,0,0,0,0,863
org.pitest.mutationtest.engine.gregor.mutators.NonVoidMethodCallMutator,13403618,7382,0,0,0,0,0,328,410
org.mudebug.prapr.mutators.ArgumentListMutator_4,13403948,1562,0,0,0,0,0,22,213
org.mudebug.prapr.mutators.FieldNameMutator_0,13403972,6678,0,0,1,1,1,4904,605
org.pitest.mutationtest.engine.gregor.mutators.ConditionalsBoundaryMutator,13408880,4260,0,0,0,0,0,1,453
org.mudebug.prapr.mutators.ReturningDereferenceGuardMutator_1,13408883,5358,0,0,0,0,0,0,741
org.mudebug.prapr.mutators.MethodNameMutator_2,13408885,7233,0,0,0,0,0,11,297
org.mudebug.prapr.mutators.ReturningDereferenceGuardMutator_0,13408898,6732,0,0,0,0,0,0,1618
org.mudebug.prapr.mutators.MethodNameMutator_0,13408900,1106,0,0,0,0,0,0,1200
org.mudebug.prapr.mutators.FieldNameMutator_1,13408904,1106,0,0,1,1,1,2980,1083
org.mudebug.prapr.mutators.MethodNameMutator_2,13411886,5356,0,0,1,1,1,2741,82
org.mudebug.prapr.mutators.FieldAccessToMethodCallMutator_1,13414629,6723,0,0,1,1,1,4868,1346
org.mudebug.prapr.mutators.RelationalOperatorReplacement_1,13419499,7215,0,0,0,0,0,2194,128
org.mudebug.prapr.mutators.VoidMethodCallGuardMutator,13421695,5356,0,0,0,0,0,0,696
org.pitest.mutationtest.engine.gregor.mutators.InlineConstantMutator,13421697,1777,0,0,0,0,0,27,748
org.mudebug.prapr.mutators.MethodNameMutator_3,13421726,370,0,0,1,1,1,3117,816
org.mudebug.prapr.mutators.FieldAccessToMethodCallMutator_4,13424845,6728,0,0,0,1,1,2801,1420
org.mudebug.prapr.mutators.MethodNameMutator_6,13427648,5356,0,0,1,1,1,1639,84
org.mudebug.prapr.mutators.FieldAccessToMethodCallMutator_2,13429289,6652,0,0,0,0,0,0,391
org.mudebug.prapr.mutators.DereferenceGuardMutator_1,13429291,6706,0,0,0,0,0,0,1020
org.mudebug.prapr.mutators.MethodNameMutator_3,13429293,1231,0,0,1,1,1,51,98
org.pitest.mutationtest.engine.gregor.mutators.experimental.RemoveSwitchMutator_99,13429346,6415,0,0,0,0,0,13,273
org.mudebug.prapr.mutators.FieldAccessToMethodCallMutator_0,13429361,4626,0,0,0,0,0,0,62
org.pitest.mutationtest.engine.gregor.mutators.VoidMethodCallMutator,13429363,7058,0,0,1,1,1,5538,422
org.mudebug.prapr.mutators.FieldNameMutator_1,13434903,1777,0,0,0,0,0,0,721
org.mudebug.prapr.mutators.LocalToFieldAccessMutator_1,13434905,1046,0,0,1,1,1,4574,307
org.mudebug.prapr.mutators.RelationalOperatorReplacement_0,13439481,3558,0,0,0,1,1,48,123
org.pitest.mutationtest.engine.gregor.mutators.NonVoidMethodCallMutator,13439531,7058,0,0,1,1,1,5538,388
org.mudebug.prapr.mutators.MethCallResultGuard_0,13445071,244,0,0,0,0,0,0,180
org.mudebug.prapr.mutators.ReturningDereferenceGuardMutator_0,13445073,6683,0,0,0,0,0,0,686
org.mudebug.prapr.mutators.DereferenceGuardMutator_3,13445075,1133,0,0,0,0,0,0,1633
org.mudebug.prapr.mutators.LocalNameMutator_0,13445077,5358,0,0,0,0,0,0,740
org.mudebug.prapr.mutators.FieldNameMutator_0,13445079,4635,0,0,0,1,1,4736,136
org.mudebug.prapr.mutators.FieldNameMutator_4,13449817,1777,0,0,0,0,0,50,657
org.mudebug.prapr.mutators.ReturningDereferenceGuardMutator_4,13449869,705,0,0,0,0,0,0,65
org.mudebug.prapr.mutators.FieldNameMutator_0,13449871,3711,0,0,0,0,0,0,72
org.mudebug.prapr.mutators.RelationalOperatorReplacement_0,13449873,3626,0,0,0,0,0,387,1516
org.mudebug.prapr.mutators.FieldNameMutator_1,13450262,1555,0,0,0,0,0,93,160
org.mudebug.prapr.mutators.ReturningDereferenceGuardMutator_1,13450357,7241,0,0,0,0,0,0,432
org.pitest.mutationtest.engine.gregor.mutators.RemoveConditionalMutator_EQUAL_IF,13450359,6743,0,0,0,0,0,1634,1873
org.mudebug.prapr.mutators.VoidMethodCallGuardMutator,13451995,7058,0,0,0,0,0,0,518
org.pitest.mutationtest.engine.gregor.mutators.experimental.MemberVariableMutator,13451997,1777,0,0,1,1,1,5191,752
org.mudebug.prapr.mutators.MethodNameMutator_8,13457190,3675,0,0,0,0,0,0,2364
org.pitest.mutationtest.engine.gregor.mutators.ReturnValsMutator,13457192,7233,0,0,0,0,0,0,303
org.mudebug.prapr.mutators.LocalToFieldAccessMutator_0,13457194,7617,0,0,0,0,0,1617,90
org.pitest.mutationtest.engine.gregor.mutators.RemoveConditionalMutator_EQUAL_ELSE,13458813,247,0,0,1,1,1,1179,244
org.mudebug.prapr.mutators.LocalNameMutator_0,13460008,244,0,0,0,0,0,1832,187
org.mudebug.prapr.mutators.FieldAccessToMethodCallMutator_0,13461842,7479,0,0,0,0,0,0,81
org.mudebug.prapr.mutators.ArithmeticOperatorReplacement_0,13461846,6715,0,0,0,0,0,73,1176
org.mudebug.prapr.mutators.FieldAccessToMethodCallMutator_3,13461921,6652,0,0,1,1,1,5079,402
org.mudebug.prapr.mutators.VoidMethodCallGuardMutator,13467002,3387,0,0,0,0,0,0,59
org.mudebug.prapr.mutators.FieldNameMutator_0,13467004,1777,0,0,0,0,0,0,748
org.mudebug.prapr.mutators.MethodNameMutator_0,13467006,1833,0,0,0,1,1,1691,72
org.mudebug.prapr.mutators.MethCallResultGuard_1,13468699,1234,0,0,0,0,0,0,260
org.mudebug.prapr.mutators.FieldNameMutator_2,13468701,7058,0,0,1,1,1,5538,348
org.mudebug.prapr.mutators.NonVoidMethodCallGuardMutator_0,13474241,7131,0,0,0,0,0,0,74
org.mudebug.prapr.mutators.RelationalOperatorReplacement_3,13474243,7355,0,0,0,0,0,1985,113
org.mudebug.prapr.mutators.DereferenceGuardMutator_3,13476230,7231,0,0,0,0,0,0,263
org.mudebug.prapr.mutators.MethodNameMutator_0,13476232,7058,0,0,0,0,0,0,340
org.mudebug.prapr.mutators.NonVoidMethodCallGuardMutator_0,13476234,3902,0,0,0,0,0,0,49
org.mudebug.prapr.mutators.MethodNameMutator_1,13476236,6743,0,0,0,0,0,2255,1868
org.mudebug.prapr.mutators.MethCallResultGuard_1,13478493,247,0,0,0,0,0,2,242
org.mudebug.prapr.mutators.FieldAccessToMethodCallMutator_4,13478497,6678,0,0,1,1,1,5985,607
org.mudebug.prapr.mutators.LocalToFieldAccessMutator_3,13484484,6706,0,0,1,1,1,27,975
org.mudebug.prapr.mutators.RelationalOperatorReplacement_0,13484513,705,0,0,0,0,0,8,57
org.mudebug.prapr.mutators.FieldAccessToMethodCallMutator_1,13484523,1777,0,0,0,0,0,0,749
org.pitest.mutationtest.engine.gregor.mutators.InlineConstantMutator,13484525,1234,0,0,1,1,1,3,310
org.mudebug.prapr.mutators.MethCallResultGuard_0,13484533,5358,0,0,0,0,0,0,740
org.mudebug.prapr.mutators.RelationalOperatorReplacement_1,13484535,334,0,0,0,0,0,0,382
org.mudebug.prapr.mutators.VoidMethodCallGuardMutator,13484537,5356,0,0,0,0,0,0,219
org.mudebug.prapr.mutators.ReturningDereferenceGuardMutator_1,13484539,4413,0,0,0,0,0,0,526
org.mudebug.prapr.mutators.ArgumentListMutator_0,13484541,1052,0,0,1,1,1,4574,404
org.mudebug.prapr.mutators.DereferenceGuardMutator_3,13489117,328,0,0,0,0,0,0,280
org.mudebug.prapr.mutators.ReturningDereferenceGuardMutator_4,13489119,7063,0,0,0,0,0,0,609
org.pitest.mutationtest.engine.gregor.mutators.NonVoidMethodCallMutator,13489121,6706,0,0,0,1,1,8,967
org.pitest.mutationtest.engine.gregor.mutators.InlineConstantMutator,13489131,1777,0,0,0,0,0,0,669
org.mudebug.prapr.mutators.MethodNameMutator_1,13489133,7058,0,0,1,1,1,5538,388
org.mudebug.prapr.mutators.FieldNameMutator_0,13494673,1777,0,0,0,0,0,0,82
org.pitest.mutationtest.engine.gregor.mutators.BooleanTrueReturnValsMutator,13494675,4679,0,0,0,0,0,256,115
org.pitest.mutationtest.engine.gregor.mutators.NonVoidMethodCallMutator,13494933,6706,0,0,0,1,1,2,977
org.mudebug.prapr.mutators.FieldAccessToMethodCallMutator_2,13494937,4627,0,0,0,1,1,4455,94
org.mudebug.prapr.mutators.MethCallResultGuard_0,13499394,353,0,0,0,0,0,0,617
org.pitest.mutationtest.engine.gregor.mutators.ReturnValsMutator,13499396,6725,0,0,1,1,1,2798,1375
org.mudebug.prapr.mutators.ReturningDereferenceGuardMutator_0,13502196,347,0,0,0,0,0,0,542
org.mudebug.prapr.mutators.DereferenceGuardMutator_4,13502198,1555,0,0,0,0,0,0,154
org.mudebug.prapr.mutators.ReturningDereferenceGuardMutator_0,13502200,7263,0,0,0,0,0,0,853
org.mudebug.prapr.mutators.LocalToFieldAccessMutator_4,13502202,6688,0,0,0,1,1,8,763
org.pitest.mutationtest.engine.gregor.mutators.RemoveConditionalMutator_EQUAL_IF,13502212,6976,0,0,0,0,0,0,88
org.mudebug.prapr.mutators.LocalNameMutator_2,13502214,247,0,0,1,1,1,2849,247
org.mudebug.prapr.mutators.FieldNameMutator_1,13505065,1106,0,0,0,0,0,5,1077
org.pitest.mutationtest.engine.gregor.mutators.experimental.RemoveSwitchMutator_97,13505072,495,0,0,0,0,0,2,119
org.mudebug.prapr.mutators.DereferenceGuardMutator_0,13505076,1101,0,0,0,0,0,0,1019
org.mudebug.prapr.mutators.MethodNameMutator_2,13505078,6743,0,0,1,1,1,2912,1868
org.mudebug.prapr.mutators.FieldNameMutator_1,13507992,1777,0,0,0,0,0,0,676
org.pitest.mutationtest.engine.gregor.mutators.NonVoidMethodCallMutator,13507994,1053,0,0,0,0,0,2207,440
org.mudebug.prapr.mutators.FieldAccessToMethodCallMutator_2,13510203,6732,0,0,0,0,0,0,1596
org.mudebug.prapr.mutators.FieldNameMutator_4,13510205,1777,0,0,0,0,0,0,704
org.mudebug.prapr.mutators.DereferenceGuardMutator_4,13510207,7063,0,0,0,0,0,0,599
org.mudebug.prapr.mutators.FieldNameMutator_3,13510209,1777,0,0,0,0,0,0,708
org.mudebug.prapr.mutators.RelationalOperatorReplacement_1,13510211,7086,0,0,0,0,0,0,892
org.mudebug.prapr.mutators.RelationalOperatorReplacement_0,13510213,1234,0,0,0,0,0,17,275
org.pitest.mutationtest.engine.gregor.mutators.NonVoidMethodCallMutator,13510232,6684,0,0,0,1,1,271,701
org.mudebug.prapr.mutators.ArgumentListMutator_5,13510505,1052,0,0,1,1,1,4574,403
org.mudebug.prapr.mutators.LocalNameMutator_2,13515081,7058,0,0,0,0,0,23,409
org.mudebug.prapr.mutators.MethodNameMutator_4,13515108,551,0,0,1,1,1,4299,214
org.pitest.mutationtest.engine.gregor.mutators.experimental.RemoveSwitchMutator_23,13519409,5356,0,0,0,0,0,3,117
org.mudebug.prapr.mutators.FieldAccessToMethodCallMutator_1,13519414,1777,0,0,0,0,0,0,675
org.pitest.mutationtest.engine.gregor.mutators.NegateConditionalsMutator,13519416,6723,0,0,1,1,1,5134,1346
org.pitest.mutationtest.engine.gregor.mutators.experimental.RemoveSwitchMutator_11,13524552,555,0,0,0,0,0,5,872
org.mudebug.prapr.mutators.LocalNameMutator_2,13524559,5356,0,0,1,1,1,2861,350
org.mudebug.prapr.mutators.RelationalOperatorReplacement_0,13527422,5213,0,0,0,0,0,25,91
org.mudebug.prapr.mutators.FieldAccessToMethodCallMutator_0,13527449,6728,0,0,0,0,0,0,1407
org.pitest.mutationtest.engine.gregor.mutators.RemoveConditionalMutator_EQUAL_ELSE,13527451,5213,0,0,1,1,1,2868,90
org.mudebug.prapr.mutators.FieldNameMutator_0,13530321,1799,0,0,0,0,0,0,931
org.pitest.mutationtest.engine.gregor.mutators.VoidMethodCallMutator,13530323,6710,0,0,0,1,1,8,1071
org.mudebug.prapr.mutators.NonVoidMethodCallGuardMutator_0,13530333,1053,0,0,0,0,0,5,441
org.mudebug.prapr.mutators.FieldNameMutator_3,13530340,7058,0,0,0,0,0,21,490
org.mudebug.prapr.mutators.ReturningDereferenceGuardMutator_3,13530363,6698,0,0,0,0,0,0,859
org.mudebug.prapr.mutators.FieldNameMutator_3,13530365,1777,0,0,0,0,0,74,729
org.mudebug.prapr.mutators.MethodNameMutator_3,13530441,5375,0,0,0,0,0,1,1036
org.mudebug.prapr.mutators.LocalToFieldAccessMutator_3,13530452,6743,0,0,0,0,0,1090,1869
org.pitest.mutationtest.engine.gregor.mutators.RemoveConditionalMutator_EQUAL_ELSE,13531544,7497,0,0,0,0,0,1,377
org.mudebug.prapr.mutators.FieldAccessToMethodCallMutator_2,13531547,1106,0,0,1,1,1,2982,1135
org.mudebug.prapr.mutators.FieldNameMutator_5,13534531,1777,0,0,0,0,0,0,676
org.pitest.mutationtest.engine.gregor.mutators.RemoveConditionalMutator_EQUAL_IF,13534533,5356,0,0,0,0,0,110,87
org.mudebug.prapr.mutators.FieldNameMutator_5,13534645,7059,0,0,0,0,0,22,565
org.mudebug.prapr.mutators.LocalToFieldAccessMutator_1,13534669,6688,0,0,1,1,1,5993,763
org.mudebug.prapr.mutators.MethCallResultGuard_1,13540664,346,0,0,0,0,0,0,492
org.mudebug.prapr.mutators.MethCallResultGuard_0,13540666,545,0,0,0,0,0,94,127
org.mudebug.prapr.mutators.RelationalOperatorReplacement_1,13540765,4667,0,0,0,1,1,2575,70
org.mudebug.prapr.mutators.FieldNameMutator_1,13543342,7058,0,0,1,1,1,5538,389
org.pitest.mutationtest.engine.gregor.mutators.NonVoidMethodCallMutator,13548882,3675,0,0,0,0,0,1,2355
org.mudebug.prapr.mutators.LocalToFieldAccessMutator_2,13548885,6723,0,0,1,1,1,5148,1346
org.mudebug.prapr.mutators.FieldNameMutator_2,13554035,6652,0,0,0,0,0,5,403
org.mudebug.prapr.mutators.MethodNameMutator_5,13554042,517,0,0,0,0,0,1393,96
org.mudebug.prapr.mutators.MethCallResultGuard_2,13555437,370,0,0,0,0,0,1772,815
org.mudebug.prapr.mutators.DereferenceGuardMutator_2,13557211,6725,0,0,0,0,0,0,1369
org.mudebug.prapr.mutators.FieldAccessToMethodCallMutator_0,13557213,5193,0,0,1,1,1,5178,90
org.pitest.mutationtest.engine.gregor.mutators.experimental.MemberVariableMutator,13562393,7307,0,0,0,0,0,13,141
org.mudebug.prapr.mutators.LocalToFieldAccessMutator_2,13562408,6713,0,0,0,0,0,75,1152
org.mudebug.prapr.mutators.MethCallResultGuard_1,13562485,1119,0,0,0,0,0,0,1441
org.mudebug.prapr.mutators.MethodNameMutator_2,13562487,334,0,0,0,0,0,4,382
org.mudebug.prapr.mutators.RelationalOperatorReplacement_3,13562493,7250,0,0,0,0,0,0,659
org.mudebug.prapr.mutators.FieldNameMutator_2,13562495,1131,0,0,1,1,1,1694,1619
org.mudebug.prapr.mutators.NonVoidMethodCallGuardMutator_0,13564191,5359,0,0,0,0,0,0,777
org.mudebug.prapr.mutators.ArgumentListMutator_0,13564193,7052,0,0,1,1,1,5538,128
org.pitest.mutationtest.engine.gregor.mutators.NonVoidMethodCallMutator,13569733,5213,0,0,0,0,0,25,91
org.mudebug.prapr.mutators.FieldAccessToMethodCallMutator_0,13569760,6678,0,0,1,1,1,5985,605
org.mudebug.prapr.mutators.LocalNameMutator_0,13575747,5356,0,0,0,0,0,115,87
org.pitest.mutationtest.engine.gregor.mutators.experimental.RemoveSwitchMutator_80,13575864,6415,0,0,0,0,0,1,273
org.mudebug.prapr.mutators.DereferenceGuardMutator_4,13575867,6725,0,0,0,0,0,0,1369
org.mudebug.prapr.mutators.MethodNameMutator_3,13575869,5357,0,0,0,0,0,2,703
org.mudebug.prapr.mutators.FieldAccessToMethodCallMutator_3,13575873,6683,0,0,0,0,0,44,686
org.pitest.mutationtest.engine.gregor.mutators.NegateConditionalsMutator,13575919,7476,0,0,0,1,1,35,202
org.mudebug.prapr.mutators.FieldNameMutator_1,13575956,1106,0,0,1,1,1,2977,1135
org.mudebug.prapr.mutators.MethCallResultGuard_1,13578935,359,0,0,0,0,0,0,674
org.pitest.mutationtest.engine.gregor.mutators.VoidMethodCallMutator,13578937,3675,0,0,0,0,0,0,2354
org.pitest.mutationtest.engine.gregor.mutators.BooleanTrueReturnValsMutator,13578939,6895,0,0,0,0,0,2,294
org.mudebug.prapr.mutators.FieldAccessToMethodCallMutator_2,13578943,6669,0,0,1,1,1,1525,540
org.mudebug.prapr.mutators.MethodNameMutator_6,13580470,4411,0,0,1,1,1,4269,494
org.mudebug.prapr.mutators.FieldNameMutator_2,13584741,1777,0,0,0,0,0,0,681
org.pitest.mutationtest.engine.gregor.mutators.NonVoidMethodCallMutator,13584743,7058,0,0,0,0,0,1690,307
org.mudebug.prapr.mutators.FieldNameMutator_5,13586435,1777,0,0,0,0,0,0,678
org.mudebug.prapr.mutators.ArgumentListMutator_1,13586437,5213,0,0,0,0,0,0,89
org.mudebug.prapr.mutators.RelationalOperatorReplacement_3,13586439,7382,0,0,0,0,0,333,410
org.mudebug.prapr.mutators.MethCallResultGuard_1,13586774,7382,0,0,0,0,0,9,430
org.mudebug.prapr.mutators.LocalNameMutator_0,13586785,7108,0,0,0,0,0,0,1156
org.pitest.mutationtest.engine.gregor.mutators.ReturnValsMutator,13586787,7384,0,0,1,1,1,5538,495
org.pitest.mutationtest.engine.gregor.mutators.InlineConstantMutator,13592327,334,0,0,0,0,0,4,382
org.pitest.mutationtest.engine.gregor.mutators.RemoveConditionalMutator_EQUAL_IF,13592333,7250,0,0,0,0,0,0,663
org.mudebug.prapr.mutators.ReturningDereferenceGuardMutator_4,13592335,2306,0,0,0,0,0,0,41
org.mudebug.prapr.mutators.ReturningDereferenceGuardMutator_4,13592337,4415,0,0,0,0,0,5,549
org.mudebug.prapr.mutators.ReturningDereferenceGuardMutator_1,13592344,347,0,0,0,0,0,0,526
org.mudebug.prapr.mutators.LocalNameMutator_2,13592346,7058,0,0,0,0,0,0,471
org.mudebug.prapr.mutators.MethodNameMutator_0,13592348,4411,0,0,1,1,1,4269,500
org.mudebug.prapr.mutators.MethodNameMutator_6,13596619,1234,0,0,1,1,1,33,260
org.mudebug.prapr.mutators.VoidMethodCallGuardMutator,13596654,7059,0,0,0,0,0,0,553
org.mudebug.prapr.mutators.RelationalOperatorReplacement_3,13596656,7503,0,0,0,0,0,0,446
org.mudebug.prapr.mutators.NonVoidMethodCallGuardMutator_0,13596658,1083,0,0,0,0,0,0,844
org.mudebug.prapr.mutators.ReturningDereferenceGuardMutator_4,13596660,1106,0,0,0,0,0,0,1074
org.mudebug.prapr.mutators.FieldAccessToMethodCallMutator_3,13596662,6678,0,0,1,1,1,5985,602
org.pitest.mutationtest.engine.gregor.mutators.experimental.MemberVariableMutator,13602649,1314,0,0,1,1,1,212,93
org.mudebug.prapr.mutators.RelationalOperatorReplacement_1,13602863,1564,0,0,0,0,0,201,262
org.mudebug.prapr.mutators.ArgumentListMutator_3,13603066,5356,0,0,0,0,0,0,523
org.mudebug.prapr.mutators.ArgumentListMutator_5,13603068,5212,0,0,1,1,1,2868,51
org.pitest.mutationtest.engine.gregor.mutators.InlineConstantMutator,13605938,547,0,0,0,0,0,38,161
org.mudebug.prapr.mutators.VoidMethodCallGuardMutator,13605978,343,0,0,0,0,0,0,464
org.mudebug.prapr.mutators.FieldNameMutator_0,13605980,1234,0,0,0,0,0,2,302
org.pitest.mutationtest.engine.gregor.mutators.PrimitiveReturnsMutator,13605984,4720,0,0,0,0,0,2,42
org.mudebug.prapr.mutators.RelationalOperatorReplacement_2,13605988,6689,0,0,0,0,0,2069,778
org.mudebug.prapr.mutators.ArgumentListMutator_2,13608059,1052,0,0,1,1,1,4574,403
org.pitest.mutationtest.engine.gregor.mutators.VoidMethodCallMutator,13612635,6744,0,0,0,0,0,0,1889
org.mudebug.prapr.mutators.MethodNameMutator_8,13612641,1231,0,0,1,1,1,59,98
org.pitest.mutationtest.engine.gregor.mutators.InlineConstantMutator,13612702,6652,0,0,0,1,1,22,405
org.pitest.mutationtest.engine.gregor.mutators.NonVoidMethodCallMutator,13612726,6744,0,0,0,0,0,0,1892
org.mudebug.prapr.mutators.FieldNameMutator_0,13612728,1777,0,0,0,0,0,0,650
org.mudebug.prapr.mutators.MethodNameMutator_7,13612730,1144,0,0,0,1,1,2978,1740
org.pitest.mutationtest.engine.gregor.mutators.experimental.MemberVariableMutator,13615710,7052,0,0,1,1,1,5538,122
org.mudebug.prapr.mutators.FieldNameMutator_0,13621250,7058,0,0,1,1,1,5538,314
org.mudebug.prapr.mutators.MethodNameMutator_2,13626790,5356,0,0,0,0,0,0,522
org.mudebug.prapr.mutators.LocalNameMutator_0,13626792,6711,0,0,0,1,1,2701,1131
org.mudebug.prapr.mutators.LocalNameMutator_0,13629495,7302,0,0,0,0,0,14,127
org.mudebug.prapr.mutators.VoidMethodCallGuardMutator,13629511,347,0,0,0,0,0,0,550
org.mudebug.prapr.mutators.MethodNameMutator_4,13629513,6931,0,0,0,0,0,507,844
org.mudebug.prapr.mutators.RelationalOperatorReplacement_2,13630022,3664,0,0,0,1,1,186,2190
org.pitest.mutationtest.engine.gregor.mutators.NonVoidMethodCallMutator,13630210,1248,0,0,0,0,0,4,878
org.mudebug.prapr.mutators.ReturningDereferenceGuardMutator_2,13630216,1047,0,0,0,0,0,0,339
org.pitest.mutationtest.engine.gregor.mutators.experimental.MemberVariableMutator,13630218,7613,0,0,0,0,0,0,58
org.mudebug.prapr.mutators.MethodNameMutator_1,13630220,6987,0,0,0,0,0,42,152
org.mudebug.prapr.mutators.NonVoidMethodCallGuardMutator_0,13630264,7059,0,0,0,0,0,0,559
org.mudebug.prapr.mutators.MethodNameMutator_2,13630266,4680,0,0,0,0,0,0,120
org.mudebug.prapr.mutators.MethCallResultGuard_1,13630268,7106,0,0,0,0,0,0,1128
org.pitest.mutationtest.engine.gregor.mutators.experimental.RemoveSwitchMutator_94,13630270,3636,0,0,0,0,0,0,1649
org.mudebug.prapr.mutators.ArgumentListMutator_2,13630272,7052,0,0,0,0,0,0,107
org.mudebug.prapr.mutators.MethodNameMutator_6,13630274,6743,0,0,0,0,0,1680,1867
org.pitest.mutationtest.engine.gregor.mutators.VoidMethodCallMutator,13631956,5356,0,0,0,1,1,101,435
org.mudebug.prapr.mutators.MethodNameMutator_8,13632059,517,0,0,0,0,0,1393,96
org.mudebug.prapr.mutators.MethCallResultGuard_2,13633454,359,0,0,0,0,0,0,674
org.mudebug.prapr.mutators.ArgumentListMutator_0,13633456,5192,0,0,1,1,1,5173,53
org.mudebug.prapr.mutators.FieldAccessToMethodCallMutator_3,13638631,6706,0,0,0,0,0,2,959
org.pitest.mutationtest.engine.gregor.mutators.experimental.MemberVariableMutator,13638635,7300,0,0,0,0,0,0,72
org.mudebug.prapr.mutators.FieldAccessToMethodCallMutator_1,13638637,1777,0,0,0,0,0,0,715
org.pitest.mutationtest.engine.gregor.mutators.experimental.MemberVariableMutator,13638639,1101,0,0,1,1,1,4818,1020
org.mudebug.prapr.mutators.FieldNameMutator_5,13643459,1777,0,0,0,0,0,0,695
org.mudebug.prapr.mutators.RelationalOperatorReplacement_1,13643461,504,0,0,1,1,1,5753,81
org.pitest.mutationtest.engine.gregor.mutators.InlineConstantMutator,13649216,3675,0,0,1,1,1,4269,2354
org.mudebug.prapr.mutators.VoidMethodCallGuardMutator,13653487,7058,0,0,0,0,0,0,255
org.mudebug.prapr.mutators.FieldToLocalAccessMutator_0,13653489,2911,0,0,0,0,0,2023,56
org.pitest.mutationtest.engine.gregor.mutators.experimental.NakedReceiverMutator,13655514,1234,0,0,0,1,1,3,310
org.mudebug.prapr.mutators.ArgumentListMutator_0,13655519,7215,0,0,1,1,1,5538,108
org.mudebug.prapr.mutators.ReturningDereferenceGuardMutator_0,13661059,4413,0,0,0,0,0,0,526
org.mudebug.prapr.mutators.DereferenceGuardMutator_0,13661061,6684,0,0,0,0,0,0,695
org.pitest.mutationtest.engine.gregor.mutators.RemoveConditionalMutator_EQUAL_ELSE,13661063,5356,0,0,0,0,0,0,76
org.pitest.mutationtest.engine.gregor.mutators.experimental.RemoveSwitchMutator_0,13661065,3584,0,0,0,0,0,0,901
org.mudebug.prapr.mutators.NonVoidMethodCallGuardMutator_0,13661067,6986,0,0,0,0,0,5,145
org.mudebug.prapr.mutators.MethCallResultGuard_0,13661074,355,0,0,0,0,0,0,627
org.mudebug.prapr.mutators.ReturningDereferenceGuardMutator_4,13661076,5356,0,0,0,0,0,0,365
org.mudebug.prapr.mutators.FieldAccessToMethodCallMutator_0,13661078,1777,0,0,0,0,0,0,681
org.mudebug.prapr.mutators.MethCallResultGuard_1,13661080,7058,0,0,0,0,0,0,429
org.mudebug.prapr.mutators.MethodNameMutator_0,13661082,4410,0,0,0,0,0,1192,439
org.mudebug.prapr.mutators.FieldNameMutator_4,13662276,1777,0,0,0,0,0,0,682
org.mudebug.prapr.mutators.RelationalOperatorReplacement_1,13662278,7241,0,0,0,0,0,0,432
org.mudebug.prapr.mutators.ArithmeticOperatorReplacement_2,13662280,4720,0,0,0,0,0,2,42
org.mudebug.prapr.mutators.ReturningDereferenceGuardMutator_1,13662284,6689,0,0,0,0,0,0,779
org.mudebug.prapr.mutators.FieldToLocalAccessMutator_0,13662286,5192,0,0,0,0,0,1637,84
org.mudebug.prapr.mutators.FieldNameMutator_1,13663925,1777,0,0,0,0,0,42,659
org.mudebug.prapr.mutators.MethCallResultGuard_0,13663969,6710,0,0,0,0,0,0,1066
org.mudebug.prapr.mutators.MethCallResultGuard_1,13663971,1046,0,0,0,0,0,0,309
org.pitest.mutationtest.engine.gregor.mutators.RemoveConditionalMutator_EQUAL_IF,13663973,705,0,0,0,0,0,13,57
org.pitest.mutationtest.engine.gregor.mutators.experimental.RemoveSwitchMutator_48,13663988,6415,0,0,0,0,0,1,273
org.mudebug.prapr.mutators.FieldNameMutator_5,13663991,7059,0,0,0,0,0,10,551
org.mudebug.prapr.mutators.MethCallResultGuard_2,13664003,7058,0,0,0,0,0,0,330
org.mudebug.prapr.mutators.NonVoidMethodCallGuardMutator_0,13664005,517,0,0,0,0,0,0,91
org.mudebug.prapr.mutators.RelationalOperatorReplacement_1,13664007,244,0,0,0,1,1,78,181
org.mudebug.prapr.mutators.FieldNameMutator_3,13669153,7058,0,0,1,1,1,5538,422
org.mudebug.prapr.mutators.MethodNameMutator_9,13674693,1562,0,0,0,1,1,144,229
org.mudebug.prapr.mutators.MethodNameMutator_2,13674839,5356,0,0,1,1,1,2670,344
org.mudebug.prapr.mutators.MethodNameMutator_3,13677511,370,0,0,0,0,0,14,817
org.mudebug.prapr.mutators.ReturningDereferenceGuardMutator_4,13677527,6652,0,0,0,0,0,0,389
org.mudebug.prapr.mutators.FieldNameMutator_1,13677529,6721,0,0,0,0,0,18,1331
org.mudebug.prapr.mutators.FieldAccessToMethodCallMutator_0,13677549,1046,0,0,1,1,1,4574,328
org.pitest.mutationtest.engine.gregor.mutators.BooleanTrueReturnValsMutator,13682125,7241,0,0,0,0,0,5,435
org.pitest.mutationtest.engine.gregor.mutators.InlineConstantMutator,13682132,555,0,0,1,1,1,4419,1126
org.mudebug.prapr.mutators.MethodNameMutator_2,13686553,495,0,0,1,1,1,5367,119
org.mudebug.prapr.mutators.ReturningDereferenceGuardMutator_0,13691925,6860,0,0,0,0,0,0,110
org.mudebug.prapr.mutators.VoidMethodCallGuardMutator,13691927,5362,0,0,0,0,0,0,823
org.pitest.mutationtest.engine.gregor.mutators.InlineConstantMutator,13691929,6168,0,0,0,0,0,0,480
org.mudebug.prapr.mutators.NonVoidMethodCallGuardMutator_0,13691931,240,0,0,0,0,0,0,137
org.mudebug.prapr.mutators.MethodNameMutator_0,13691933,5359,0,0,0,0,0,1,794
org.mudebug.prapr.mutators.ArgumentListMutator_3,13691936,2457,0,0,1,1,1,5291,47
org.mudebug.prapr.mutators.LocalToFieldAccessMutator_1,13697229,6671,0,0,1,1,1,5515,548
org.mudebug.prapr.mutators.FieldAccessToMethodCallMutator_0,13702746,546,0,0,0,0,0,2,148
org.pitest.mutationtest.engine.gregor.mutators.experimental.MemberVariableMutator,13702750,6771,0,0,0,0,0,6,1938
org.mudebug.prapr.mutators.ReturningDereferenceGuardMutator_4,13702758,4261,0,0,0,0,0,0,471
org.mudebug.prapr.mutators.RelationalOperatorReplacement_3,13702760,3563,0,0,0,1,1,68,307
org.mudebug.prapr.mutators.LocalNameMutator_0,13702830,3651,0,0,1,1,1,2719,1954
org.pitest.mutationtest.engine.gregor.mutators.InlineConstantMutator,13705551,1777,0,0,0,0,0,1,685
org.mudebug.prapr.mutators.MethCallResultGuard_0,13705554,7063,0,0,0,0,0,0,605
org.mudebug.prapr.mutators.RelationalOperatorReplacement_3,13705556,247,0,0,0,0,0,0,247
org.mudebug.prapr.mutators.LocalNameMutator_0,13705558,3489,0,0,0,0,0,0,252
org.mudebug.prapr.mutators.MethCallResultGuard_2,13705563,6708,0,0,0,0,0,0,1050
org.mudebug.prapr.mutators.ArgumentListMutator_1,13705565,5363,0,0,1,1,1,2150,828
org.mudebug.prapr.mutators.ReturningDereferenceGuardMutator_4,13707717,7503,0,0,0,0,0,5,453
org.mudebug.prapr.mutators.FieldAccessToMethodCallMutator_1,13707731,1777,0,0,0,0,0,0,722
org.mudebug.prapr.mutators.MethCallResultGuard_2,13707733,348,0,0,0,0,0,0,558
org.pitest.mutationtest.engine.gregor.mutators.experimental.RemoveSwitchMutator_75,13707735,6415,0,0,0,0,0,0,273
org.mudebug.prapr.mutators.FieldToLocalAccessMutator_0,13707737,4256,0,0,0,0,0,0,385
org.pitest.mutationtest.engine.gregor.mutators.experimental.MemberVariableMutator,13707739,1777,0,0,0,0,0,0,674
org.mudebug.prapr.mutators.MethodNameMutator_0,13707741,1234,0,0,0,1,1,10,275
org.mudebug.prapr.mutators.ReturningDereferenceGuardMutator_1,13707753,6683,0,0,0,0,0,1,683
org.pitest.mutationtest.engine.gregor.mutators.experimental.RemoveSwitchMutator_4,13707756,5356,0,0,0,0,0,0,117
org.mudebug.prapr.mutators.DereferenceGuardMutator_3,13707758,7557,0,0,0,0,0,0,76
org.mudebug.prapr.mutators.RelationalOperatorReplacement_3,13707760,1234,0,0,0,1,1,0,267
org.mudebug.prapr.mutators.MethodNameMutator_7,13707762,1560,0,0,0,1,1,226,182
org.pitest.mutationtest.engine.gregor.mutators.ConstructorCallMutator,13707990,3712,0,0,1,1,1,5202,98
org.pitest.mutationtest.engine.gregor.mutators.NegateConditionalsMutator,13713194,3589,0,0,0,1,1,431,1062
org.mudebug.prapr.mutators.MethodNameMutator_6,13713627,6973,0,0,0,0,0,82,71
org.mudebug.prapr.mutators.LocalNameMutator_0,13713711,4411,0,0,0,0,0,1381,497
org.mudebug.prapr.mutators.ReturningDereferenceGuardMutator_0,13715094,1053,0,0,0,0,0,0,433
org.mudebug.prapr.mutators.FieldNameMutator_1,13715096,6742,0,0,0,0,0,146,1852
org.mudebug.prapr.mutators.FieldNameMutator_5,13715244,1042,0,0,0,0,0,16,256
org.mudebug.prapr.mutators.ArgumentListMutator_2,13715262,553,0,0,0,1,1,1389,262
org.pitest.mutationtest.engine.gregor.mutators.ReturnValsMutator,13716653,1830,0,0,1,1,1,5212,55
org.mudebug.prapr.mutators.MethodNameMutator_1,13721867,6712,0,0,0,1,1,106,1137
org.mudebug.prapr.mutators.RelationalOperatorReplacement_2,13721975,1563,0,0,0,0,0,1,251
org.mudebug.prapr.mutators.ArgumentListMutator_4,13721978,4411,0,0,0,0,0,23,500
org.mudebug.prapr.mutators.LocalToFieldAccessMutator_3,13722003,6686,0,0,1,1,1,5603,741
org.mudebug.prapr.mutators.LocalToFieldAccessMutator_0,13727608,4410,0,0,1,1,1,5218,453
org.pitest.mutationtest.engine.gregor.mutators.NonVoidMethodCallMutator,13732828,6692,0,0,0,0,0,602,808
org.mudebug.prapr.mutators.FieldNameMutator_0,13733432,1777,0,0,0,0,0,0,681
org.mudebug.prapr.mutators.ArgumentListMutator_4,13733434,3385,0,0,1,1,1,207,47
org.mudebug.prapr.mutators.LocalNameMutator_0,13733643,7058,0,0,0,0,0,0,432
org.mudebug.prapr.mutators.MethodNameMutator_0,13733645,5219,0,0,1,1,1,2706,181
org.mudebug.prapr.mutators.MethCallResultGuard_2,13736353,3558,0,0,0,0,0,0,114
org.mudebug.prapr.mutators.LocalToFieldAccessMutator_1,13736355,6708,0,0,0,1,1,16,1049
org.mudebug.prapr.mutators.MethCallResultGuard_1,13736373,495,0,0,0,0,0,0,268
org.pitest.mutationtest.engine.gregor.mutators.RemoveConditionalMutator_EQUAL_IF,13736375,3626,0,0,0,0,0,387,1516
org.pitest.mutationtest.engine.gregor.mutators.experimental.RemoveSwitchMutator_12,13736764,3636,0,0,0,0,0,246,1649
org.mudebug.prapr.mutators.LocalToFieldAccessMutator_3,13737012,1046,0,0,1,1,1,4574,309
org.mudebug.prapr.mutators.ArgumentListMutator_1,13741588,3611,0,0,0,0,0,0,1331
org.mudebug.prapr.mutators.ArgumentListMutator_0,13741590,4157,0,0,1,1,1,4577,93
org.mudebug.prapr.mutators.LocalToFieldAccessMutator_0,13746169,1046,0,0,1,1,1,4574,306
org.mudebug.prapr.mutators.FieldNameMutator_2,13750745,7063,0,0,0,0,0,4,599
org.pitest.mutationtest.engine.gregor.mutators.ReturnValsMutator,13750751,6866,0,0,0,0,0,882,155
org.mudebug.prapr.mutators.ArgumentListMutator_2,13751635,7059,0,0,1,1,1,5538,558
org.mudebug.prapr.mutators.LocalNameMutator_2,13757175,7058,0,0,0,0,0,13,340
org.pitest.mutationtest.engine.gregor.mutators.experimental.RemoveSwitchMutator_26,13757190,6415,0,0,0,0,0,0,273
org.mudebug.prapr.mutators.MethCallResultGuard_1,13757192,1106,0,0,0,0,0,0,1098
org.pitest.mutationtest.engine.gregor.mutators.ReturnValsMutator,13757194,1231,0,0,0,0,0,0,98
org.mudebug.prapr.mutators.VoidMethodCallGuardMutator,13757196,7058,0,0,0,0,0,0,515
org.mudebug.prapr.mutators.NonVoidMethodCallGuardMutator_0,13757198,334,0,0,0,0,0,0,382
org.mudebug.prapr.mutators.MethodNameMutator_1,13757200,5356,0,0,0,1,1,270,83
org.mudebug.prapr.mutators.ArithmeticOperatorReplacement_2,13757472,6713,0,0,0,1,1,116,1152
org.mudebug.prapr.mutators.MethCallResultGuard_1,13757590,1042,0,0,0,0,0,9,246
org.mudebug.prapr.mutators.FieldNameMutator_2,13757601,6683,0,0,0,0,0,221,686
org.mudebug.prapr.mutators.LocalNameMutator_2,13757832,347,0,0,1,1,1,4299,550
org.mudebug.prapr.mutators.ReturningDereferenceGuardMutator_3,13762133,5214,0,0,0,0,0,0,112
org.mudebug.prapr.mutators.MethodNameMutator_0,13762135,3416,0,0,0,1,1,2363,77
org.pitest.mutationtest.engine.gregor.mutators.RemoveConditionalMutator_EQUAL_IF,13764500,7501,0,0,0,0,0,1847,424
org.pitest.mutationtest.engine.gregor.mutators.ConstructorCallMutator,13766349,1042,0,0,1,1,1,5279,243
org.mudebug.prapr.mutators.MethodNameMutator_6,13771630,4411,0,0,0,0,0,2477,500
org.mudebug.prapr.mutators.FieldNameMutator_1,13774109,6651,0,0,1,1,1,4435,384
org.pitest.mutationtest.engine.gregor.mutators.experimental.MemberVariableMutator,13778546,7355,0,0,0,0,0,5,83
org.mudebug.prapr.mutators.MethodNameMutator_3,13778553,7204,0,0,0,0,0,14,134
org.mudebug.prapr.mutators.DereferenceGuardMutator_0,13778569,6697,0,0,0,0,0,0,851
org.mudebug.prapr.mutators.DereferenceGuardMutator_0,13778571,7203,0,0,0,0,0,0,130
org.mudebug.prapr.mutators.ReturningDereferenceGuardMutator_3,13778573,1141,0,0,0,0,0,0,1715
org.mudebug.prapr.mutators.MethodNameMutator_0,13778575,370,0,0,1,1,1,3669,814
org.pitest.mutationtest.engine.gregor.mutators.BooleanFalseReturnValsMutator,13782246,6986,0,0,0,0,0,46,145
org.mudebug.prapr.mutators.RelationalOperatorReplacement_1,13782294,7302,0,0,0,0,0,0,127
org.pitest.mutationtest.engine.gregor.mutators.NonVoidMethodCallMutator,13782296,6988,0,0,0,0,0,3,168
org.pitest.mutationtest.engine.gregor.mutators.RemoveConditionalMutator_EQUAL_IF,13782301,6695,0,0,0,0,0,18,831
org.mudebug.prapr.mutators.FieldNameMutator_1,13782321,1777,0,0,0,0,0,0,662
org.mudebug.prapr.mutators.MethCallResultGuard_0,13782323,7058,0,0,0,0,0,0,527
org.mudebug.prapr.mutators.LocalNameMutator_1,13782332,1234,0,0,1,1,1,6,302
org.mudebug.prapr.mutators.FieldNameMutator_1,13782340,6176,0,0,0,1,1,140,571
org.pitest.mutationtest.engine.gregor.mutators.VoidMethodCallMutator,13782482,6652,0,0,0,0,0,0,389
org.pitest.mutationtest.engine.gregor.mutators.InlineConstantMutator,13782484,7058,0,0,1,1,1,5538,464
org.mudebug.prapr.mutators.LocalNameMutator_0,13788024,503,0,0,0,0,0,34,65
org.mudebug.prapr.mutators.RelationalOperatorReplacement_2,13788060,495,0,0,1,1,1,696,173
org.mudebug.prapr.mutators.LocalToFieldAccessMutator_2,13788758,6721,0,0,0,1,1,586,1331
org.pitest.mutationtest.engine.gregor.mutators.NegateConditionalsMutator,13789346,7380,0,0,1,1,1,5538,396
org.mudebug.prapr.mutators.DereferenceGuardMutator_0,13794886,5214,0,0,0,0,0,0,112
org.mudebug.prapr.mutators.LocalToFieldAccessMutator_1,13794888,6683,0,0,1,1,1,760,683
org.mudebug.prapr.mutators.FieldAccessToMethodCallMutator_3,13795650,6743,0,0,1,1,1,2912,1870
org.mudebug.prapr.mutators.ArgumentListMutator_5,13798564,7215,0,0,0,0,0,0,130
org.pitest.mutationtest.engine.gregor.mutators.InlineConstantMutator,13798566,3498,0,0,0,0,0,0,453
org.pitest.mutationtest.engine.gregor.mutators.EmptyObjectReturnValsMutator,13798568,7396,0,0,0,0,0,1731,97
org.mudebug.prapr.mutators.MethCallResultGuard_2,13800301,369,0,0,0,0,0,0,805
org.mudebug.prapr.mutators.MethCallResultGuard_1,13800303,1052,0,0,0,0,0,0,406
org.mudebug.prapr.mutators.LocalToFieldAccessMutator_3,13800305,6683,0,0,1,1,1,870,682
org.mudebug.prapr.mutators.ReturningDereferenceGuardMutator_0,13801177,350,0,0,0,0,0,2,584
org.pitest.mutationtest.engine.gregor.mutators.experimental.MemberVariableMutator,13801181,1777,0,0,0,0,0,0,644
org.pitest.mutationtest.engine.gregor.mutators.experimental.RemoveSwitchMutator_41,13801183,495,0,0,0,1,1,386,119
org.mudebug.prapr.mutators.LocalToFieldAccessMutator_0,13801571,1044,0,0,1,1,1,4566,280
org.pitest.mutationtest.engine.gregor.mutators.experimental.RemoveSwitchMutator_90,13806139,555,0,0,0,0,0,54,872
org.mudebug.prapr.mutators.RelationalOperatorReplacement_0,13806195,551,0,0,0,0,0,0,212
org.mudebug.prapr.mutators.FieldNameMutator_1,13806197,1777,0,0,0,0,0,0,758
org.mudebug.prapr.mutators.ArgumentListMutator_1,13806199,6706,0,0,0,1,1,2,1025
org.mudebug.prapr.mutators.ReturningDereferenceGuardMutator_0,13806203,1042,0,0,0,0,0,0,230
org.mudebug.prapr.mutators.ReturningDereferenceGuardMutator_0,13806205,5214,0,0,0,0,0,0,112
org.mudebug.prapr.mutators.DereferenceGuardMutator_0,13806207,4241,0,0,0,0,0,0,82
org.mudebug.prapr.mutators.ReturningDereferenceGuardMutator_0,13806209,359,0,0,0,0,0,5,674
org.pitest.mutationtest.engine.gregor.mutators.NonVoidMethodCallMutator,13806216,7061,0,0,0,0,0,2,576
org.mudebug.prapr.mutators.ReturningDereferenceGuardMutator_4,13806220,2459,0,0,0,0,0,0,58
org.mudebug.prapr.mutators.ArgumentListMutator_2,13806222,7058,0,0,0,0,0,1,527
org.mudebug.prapr.mutators.FieldAccessToMethodCallMutator_4,13806225,6684,0,0,1,1,1,757,706
org.mudebug.prapr.mutators.FieldNameMutator_1,13806984,1777,0,0,0,0,0,0,722
org.mudebug.prapr.mutators.MethodNameMutator_7,13806986,4411,0,0,1,1,1,4269,493
org.mudebug.prapr.mutators.ReturningDereferenceGuardMutator_0,13811257,7302,0,0,0,0,0,0,124
org.mudebug.prapr.mutators.FieldNameMutator_2,13811259,6743,0,0,0,0,0,2086,1874
org.mudebug.prapr.mutators.VoidMethodCallGuardMutator,13813347,7059,0,0,0,0,0,0,547
org.mudebug.prapr.mutators.LocalToFieldAccessMutator_1,13813349,557,0,0,1,1,1,3042,1190
org.mudebug.prapr.mutators.FieldAccessToMethodCallMutator_1,13816393,1777,0,0,1,1,1,2721,691
org.pitest.mutationtest.engine.gregor.mutators.InlineConstantMutator,13819116,7131,0,0,1,1,1,5538,71
org.mudebug.prapr.mutators.MethodNameMutator_4,13824656,5356,0,0,1,1,1,2715,344
org.pitest.mutationtest.engine.gregor.mutators.RemoveConditionalMutator_EQUAL_ELSE,13827373,5359,0,0,0,0,0,2,777
org.pitest.mutationtest.engine.gregor.mutators.PrimitiveReturnsMutator,13827377,6699,0,0,0,0,0,70,863
org.mudebug.prapr.mutators.RelationalOperatorReplacement_2,13827449,6714,0,0,0,0,0,0,1161
org.mudebug.prapr.mutators.MethodNameMutator_3,13827451,7302,0,0,0,0,0,23,134
org.mudebug.prapr.mutators.FieldNameMutator_0,13827476,515,0,0,0,0,0,0,57
org.pitest.mutationtest.engine.gregor.mutators.RemoveConditionalMutator_EQUAL_IF,13827482,1234,0,0,1,1,1,6,283
org.mudebug.prapr.mutators.RelationalOperatorReplacement_2,13827490,1562,0,0,0,0,0,1,217
org.pitest.mutationtest.engine.gregor.mutators.NonVoidMethodCallMutator,13827493,4410,0,0,0,1,1,3437,453
org.pitest.mutationtest.engine.gregor.mutators.experimental.RemoveSwitchMutator_82,13830932,5356,0,0,0,0,0,0,117
org.pitest.mutationtest.engine.gregor.mutators.RemoveConditionalMutator_EQUAL_ELSE,13830934,7205,0,0,0,0,0,9,141
org.pitest.mutationtest.engine.gregor.mutators.RemoveConditionalMutator_EQUAL_ELSE,13830945,547,0,0,0,0,0,38,161
org.mudebug.prapr.mutators.MethodNameMutator_6,13830985,7204,0,0,0,0,0,7,135
org.mudebug.prapr.mutators.FieldAccessToMethodCallMutator_2,13830994,6742,0,0,1,1,1,2939,1854
org.mudebug.prapr.mutators.ArgumentListMutator_4,13833935,7058,0,0,0,0,0,1602,439
org.mudebug.prapr.mutators.NonVoidMethodCallGuardMutator_0,13835539,7302,0,0,0,0,0,0,117
org.pitest.mutationtest.engine.gregor.mutators.ReturnValsMutator,13835541,6665,0,0,1,1,1,5981,524
org.pitest.mutationtest.engine.gregor.mutators.NonVoidMethodCallMutator,13841524,5192,0,0,0,1,1,4734,83
org.mudebug.prapr.mutators.ArgumentListMutator_2,13846260,6652,0,0,0,0,0,0,391
org.mudebug.prapr.mutators.NonVoidMethodCallGuardMutator_0,13846262,7088,0,0,0,0,0,5,914
org.mudebug.prapr.mutators.DereferenceGuardMutator_0,13846269,705,0,0,0,0,0,0,69
org.mudebug.prapr.mutators.FieldNameMutator_1,13846295,6683,0,0,0,0,0,387,685
org.mudebug.prapr.mutators.FieldNameMutator_5,13846684,7215,0,0,0,0,0,0,137
org.mudebug.prapr.mutators.DereferenceGuardMutator_3,13846686,6683,0,0,0,0,0,0,686
org.mudebug.prapr.mutators.ArgumentListMutator_4,13846688,6725,0,0,0,1,1,0,1369
org.mudebug.prapr.mutators.ArithmeticOperatorReplacement_8,13846690,6714,0,0,0,0,0,5,1164
org.mudebug.prapr.mutators.RelationalOperatorReplacement_2,13846697,3497,0,0,0,0,0,0,425
org.mudebug.prapr.mutators.MethCallResultGuard_2,13846699,495,0,0,0,0,0,2,216
org.mudebug.prapr.mutators.MethodNameMutator_3,13846703,558,0,0,0,0,0,18,1194
org.pitest.mutationtest.engine.gregor.mutators.RemoveConditionalMutator_EQUAL_IF,13846723,7064,0,0,0,0,0,758,623
org.mudebug.prapr.mutators.VoidMethodCallGuardMutator,13847483,1127,0,0,0,0,0,0,1583
org.mudebug.prapr.mutators.RelationalOperatorReplacement_0,13847485,244,0,0,0,0,0,23,187
org.mudebug.prapr.mutators.FieldAccessToMethodCallMutator_4,13847510,1777,0,0,0,0,0,0,697
org.pitest.mutationtest.engine.gregor.mutators.PrimitiveReturnsMutator,13847512,6715,0,0,0,0,0,1,1174
org.mudebug.prapr.mutators.LocalNameMutator_1,13847515,7058,0,0,0,0,0,1608,307
org.mudebug.prapr.mutators.NonVoidMethodCallGuardMutator_0,13849125,7058,0,0,0,0,0,5,293
org.mudebug.prapr.mutators.RelationalOperatorReplacement_1,13849132,5356,0,0,0,0,0,26,431
org.pitest.mutationtest.engine.gregor.mutators.ArgumentPropagationMutator,13849160,7199,0,0,0,0,0,12,85
org.mudebug.prapr.mutators.FieldAccessToMethodCallMutator_1,13849176,7385,0,0,0,0,0,59,501
org.mudebug.prapr.mutators.FieldNameMutator_1,13849237,1777,0,0,0,0,0,0,751
org.mudebug.prapr.mutators.DereferenceGuardMutator_0,13849242,5219,0,0,0,0,0,5,181
org.mudebug.prapr.mutators.FieldNameMutator_1,13849249,1777,0,0,0,0,0,0,689
org.mudebug.prapr.mutators.MethCallResultGuard_1,13849251,6744,0,0,0,0,0,118,1893
org.mudebug.prapr.mutators.MethCallResultGuard_2,13849371,7082,0,0,0,0,0,0,817
org.mudebug.prapr.mutators.ReturningDereferenceGuardMutator_0,13849373,6725,0,0,0,0,0,0,1369
org.mudebug.prapr.mutators.MethodNameMutator_8,13849375,6987,0,0,0,0,0,44,152
org.mudebug.prapr.mutators.MethCallResultGuard_1,13849421,1106,0,0,0,0,0,0,1136
org.mudebug.prapr.mutators.ArgumentListMutator_3,13849423,7052,0,0,0,0,0,0,140
org.pitest.mutationtest.engine.gregor.mutators.InlineConstantMutator,13849425,1134,0,0,0,0,0,0,1638
org.pitest.mutationtest.engine.gregor.mutators.BooleanTrueReturnValsMutator,13854493,7790,0,0,0,0,0,216,315
org.pitest.mutationtest.engine.gregor.mutators.RemoveConditionalMutator_EQUAL_IF,13854711,7131,0,0,0,0,0,457,71
org.pitest.mutationtest.engine.gregor.mutators.NegateConditionalsMutator,13855170,6744,0,0,0,1,1,680,1892
org.pitest.mutationtest.engine.gregor.mutators.experimental.RemoveSwitchMutator_45,13855852,495,0,0,0,0,0,0,119
org.mudebug.prapr.mutators.FieldNameMutator_4,13855854,7058,0,0,1,1,1,5226,478
org.mudebug.prapr.mutators.MethCallResultGuard_1,13861082,495,0,0,0,0,0,0,243
org.pitest.mutationtest.engine.gregor.mutators.ArgumentPropagationMutator,13861084,346,0,0,1,1,1,2637,490
org.pitest.mutationtest.engine.gregor.mutators.experimental.RemoveSwitchMutator_43,13863723,3584,0,0,0,0,0,37,901
org.mudebug.prapr.mutators.RelationalOperatorReplacement_0,13863762,6714,0,0,0,1,1,2705,1161
org.mudebug.prapr.mutators.FieldNameMutator_1,13866469,7058,0,0,0,0,0,2265,515
org.mudebug.prapr.mutators.ReturningDereferenceGuardMutator_1,13868736,4415,0,0,0,0,0,0,551
org.mudebug.prapr.mutators.ReturningDereferenceGuardMutator_0,13868738,1106,0,0,0,0,0,0,1185
org.mudebug.prapr.mutators.MethCallResultGuard_0,13868740,6706,0,0,0,0,0,0,929
org.pitest.mutationtest.engine.gregor.mutators.ConstructorCallMutator,13868742,5212,0,0,0,0,0,33,65
org.pitest.mutationtest.engine.gregor.mutators.NegateConditionalsMutator,13868779,7302,0,0,0,0,0,30,127
org.mudebug.prapr.mutators.LocalToFieldAccessMutator_4,13868811,6694,0,0,0,1,1,2586,826
org.mudebug.prapr.mutators.LocalNameMutator_0,13871399,514,0,0,0,0,0,38,53
org.pitest.mutationtest.engine.gregor.mutators.NonVoidMethodCallMutator,13871439,1830,0,1,1,1,1,2319,55
org.mudebug.prapr.mutators.FieldNameMutator_0,13873759,1777,0,0,0,0,0,52,658
org.mudebug.prapr.mutators.LocalToFieldAccessMutator_3,13873813,6689,0,0,0,1,1,0,781
org.mudebug.prapr.mutators.MethodNameMutator_0,13873815,6687,0,0,0,0,0,0,756
org.mudebug.prapr.mutators.FieldNameMutator_4,13873817,1777,0,0,0,0,0,0,685
org.pitest.mutationtest.engine.gregor.mutators.InlineConstantMutator,13873819,5219,0,0,1,1,1,2695,181
org.mudebug.prapr.mutators.FieldNameMutator_1,13876516,1777,0,0,0,0,0,0,639
org.mudebug.prapr.mutators.DereferenceGuardMutator_0,13876521,6678,0,0,0,0,0,5,610
org.pitest.mutationtest.engine.gregor.mutators.RemoveConditionalMutator_ORDER_IF,13876528,6713,0,0,0,0,0,6,1147
org.mudebug.prapr.mutators.FieldToLocalAccessMutator_0,13876536,7786,0,0,1,1,1,5193,281
org.mudebug.prapr.mutators.NonVoidMethodCallGuardMutator_0,13881731,504,0,0,0,0,0,0,83
org.mudebug.prapr.mutators.FieldNameMutator_3,13881733,7059,0,0,0,0,0,2,555
org.mudebug.prapr.mutators.MethodNameMutator_1,13881737,561,0,0,1,1,1,5320,1206
org.pitest.mutationtest.engine.gregor.mutators.BooleanTrueReturnValsMutator,13887059,6987,0,0,0,0,0,134,155
org.mudebug.prapr.mutators.RelationalOperatorReplacement_0,13887195,5376,0,0,0,0,0,123,1051
org.mudebug.prapr.mutators.FieldNameMutator_2,13887320,6651,0,0,1,1,1,2003,375
org.mudebug.prapr.mutators.LocalToFieldAccessMutator_2,13889325,6725,0,0,0,1,1,2798,1367
org.mudebug.prapr.mutators.LocalToFieldAccessMutator_3,13892125,6690,0,0,1,1,1,5426,792
org.pitest.mutationtest.engine.gregor.mutators.NegateConditionalsMutator,13897560,1119,0,0,1,1,1,2721,1439
org.pitest.mutationtest.engine.gregor.mutators.InlineConstantMutator,13900283,7307,0,0,0,0,0,4,209
org.mudebug.prapr.mutators.ArgumentListMutator_2,13900289,2306,0,0,0,0,0,0,32
org.mudebug.prapr.mutators.FieldNameMutator_1,13900291,7059,0,0,0,0,0,9,560
org.mudebug.prapr.mutators.MethodNameMutator_1,13900302,558,0,0,1,1,1,4394,1194
org.mudebug.prapr.mutators.LocalNameMutator_0,13904698,1106,0,0,0,0,0,0,1178
org.mudebug.prapr.mutators.FieldAccessToMethodCallMutator_3,13904700,6712,0,0,1,1,1,5370,1137
org.mudebug.prapr.mutators.DereferenceGuardMutator_3,13910072,5356,0,0,0,0,0,0,219
org.pitest.mutationtest.engine.gregor.mutators.VoidMethodCallMutator,13910074,5356,0,0,0,1,1,202,182
org.mudebug.prapr.mutators.FieldAccessToMethodCallMutator_0,13910278,1777,0,0,0,0,0,0,727
org.pitest.mutationtest.engine.gregor.mutators.NonVoidMethodCallMutator,13910280,7063,0,0,0,0,0,9,599
org.mudebug.prapr.mutators.FieldAccessToMethodCallMutator_3,13910291,1777,0,0,0,0,0,0,692
org.mudebug.prapr.mutators.MethodNameMutator_4,13910293,7302,0,0,0,0,0,258,98
org.mudebug.prapr.mutators.ArgumentListMutator_0,13910553,1037,0,0,1,1,1,5257,183
org.mudebug.prapr.mutators.FieldNameMutator_3,13915812,1777,0,0,0,0,0,0,760
org.mudebug.prapr.mutators.MethodNameMutator_0,13915814,7684,0,0,0,0,0,46,83
org.mudebug.prapr.mutators.RelationalOperatorReplacement_0,13915862,7255,0,0,0,0,0,154,757
org.mudebug.prapr.mutators.LocalNameMutator_0,13916018,7058,0,0,0,0,0,38,529
org.mudebug.prapr.mutators.RelationalOperatorReplacement_1,13916058,3664,0,0,0,0,0,0,2181
org.mudebug.prapr.mutators.MethodNameMutator_4,13916060,1231,0,0,1,1,1,33,68
org.mudebug.prapr.mutators.LocalNameMutator_0,13916095,1044,0,0,0,1,1,4562,284
org.mudebug.prapr.mutators.ReturningDereferenceGuardMutator_3,13920659,1106,0,0,0,0,0,0,1070
org.mudebug.prapr.mutators.NonVoidMethodCallGuardMutator_0,13920661,6706,0,0,0,0,0,0,932
org.pitest.mutationtest.engine.gregor.mutators.RemoveConditionalMutator_EQUAL_IF,13920663,6388,0,0,0,0,0,19,265
org.mudebug.prapr.mutators.LocalNameMutator_0,13920684,7058,0,0,0,0,0,11,404
org.mudebug.prapr.mutators.LocalToFieldAccessMutator_1,13920697,6678,0,0,1,1,1,4735,604
org.pitest.mutationtest.engine.gregor.mutators.NonVoidMethodCallMutator,13925434,7379,0,0,0,0,0,1,390
org.mudebug.prapr.mutators.MethodNameMutator_3,13925440,551,0,0,1,1,1,4299,214
org.pitest.mutationtest.engine.gregor.mutators.NullReturnValsMutator,13929741,3558,0,0,1,1,1,100,140
org.mudebug.prapr.mutators.RelationalOperatorReplacement_1,13929843,7265,0,0,0,0,0,5,867
org.mudebug.prapr.mutators.MethCallResultGuard_0,13929850,2459,0,0,0,0,0,0,58
org.mudebug.prapr.mutators.ReturningDereferenceGuardMutator_3,13929852,1119,0,0,0,0,0,0,1439
org.mudebug.prapr.mutators.MethCallResultGuard_1,13929854,6706,0,0,0,0,0,0,1024
org.mudebug.prapr.mutators.LocalNameMutator_1,13929856,7058,0,0,0,0,0,1,466
org.mudebug.prapr.mutators.LocalToFieldAccessMutator_1,13929859,6678,0,0,1,1,1,5985,603
org.mudebug.prapr.mutators.MethodNameMutator_7,13935846,1237,0,0,1,1,1,17,545
org.mudebug.prapr.mutators.DereferenceGuardMutator_3,13935865,7219,0,0,0,0,0,0,172
org.mudebug.prapr.mutators.RelationalOperatorReplacement_2,13935867,347,0,0,0,0,0,787,513
org.pitest.mutationtest.engine.gregor.mutators.experimental.RemoveSwitchMutator_52,13936656,3636,0,0,0,0,0,0,1649
org.mudebug.prapr.mutators.VoidMethodCallGuardMutator,13936658,7202,0,0,0,0,0,0,125
org.mudebug.prapr.mutators.VoidMethodCallGuardMutator,13936660,3392,0,0,0,0,0,0,302
org.mudebug.prapr.mutators.MethodNameMutator_1,13936662,5359,0,0,0,0,0,2,777
org.mudebug.prapr.mutators.ArithmeticOperatorReplacement_0,13936666,4720,0,0,0,0,0,1,42
org.mudebug.prapr.mutators.LocalNameMutator_0,13936669,6931,0,0,0,0,0,444,856
org.mudebug.prapr.mutators.MethCallResultGuard_0,13937115,3417,0,0,0,0,0,0,88
org.mudebug.prapr.mutators.ArgumentListMutator_4,13937117,1106,0,0,1,1,1,2980,1095
org.mudebug.prapr.mutators.DereferenceGuardMutator_0,13940099,1129,0,0,0,0,0,0,1604
org.pitest.mutationtest.engine.gregor.mutators.experimental.RemoveSwitchMutator_19,13940101,6415,0,0,0,0,0,0,273
org.mudebug.prapr.mutators.MethCallResultGuard_1,13940103,6749,0,0,0,0,0,0,1961
org.pitest.mutationtest.engine.gregor.mutators.experimental.RemoveSwitchMutator_11,13940105,3636,0,0,0,0,0,5,1649
org.mudebug.prapr.mutators.ReturningDereferenceGuardMutator_0,13940112,346,0,0,0,0,0,0,498
org.mudebug.prapr.mutators.NonVoidMethodCallGuardMutator_0,13940114,7204,0,0,0,0,0,0,134
org.pitest.mutationtest.engine.gregor.mutators.RemoveConditionalMutator_EQUAL_ELSE,13940116,4410,0,0,0,0,0,221,440
org.mudebug.prapr.mutators.FieldNameMutator_1,13940339,1777,0,0,0,0,0,0,718
org.mudebug.prapr.mutators.MethCallResultGuard_0,13940341,343,0,0,0,0,0,0,463
org.mudebug.prapr.mutators.MethodNameMutator_0,13940343,6987,0,0,0,0,0,0,152
org.mudebug.prapr.mutators.RelationalOperatorReplacement_1,13940348,5356,0,0,0,0,0,5,368
org.mudebug.prapr.mutators.MethodNameMutator_0,13940355,347,0,0,1,1,1,4284,550
org.pitest.mutationtest.engine.gregor.mutators.RemoveConditionalMutator_ORDER_IF,13944641,7061,0,0,1,1,1,5538,576
org.mudebug.prapr.mutators.FieldNameMutator_1,13950181,6652,0,0,0,0,0,0,398
org.mudebug.prapr.mutators.FieldNameMutator_1,13950183,7215,0,0,0,0,0,105,137
org.mudebug.prapr.mutators.ReturningDereferenceGuardMutator_0,13950294,7080,0,0,0,0,0,0,809
org.mudebug.prapr.mutators.LocalNameMutator_2,13950296,7058,0,0,0,0,0,14,357
org.mudebug.prapr.mutators.MethodNameMutator_2,13950312,1234,0,0,1,1,1,3,310
org.mudebug.prapr.mutators.FieldNameMutator_5,13950317,1042,0,0,0,0,0,0,256
org.mudebug.prapr.mutators.ReturningDereferenceGuardMutator_2,13950319,6683,0,0,0,0,0,1,683
org.mudebug.prapr.mutators.MethodNameMutator_0,13950322,6977,0,0,1,1,1,5543,97
org.pitest.mutationtest.engine.gregor.mutators.experimental.MemberVariableMutator,13955867,1777,0,0,0,0,0,0,703
org.pitest.mutationtest.engine.gregor.mutators.RemoveConditionalMutator_EQUAL_ELSE,13955869,244,0,0,0,0,0,3,187
org.mudebug.prapr.mutators.FieldAccessToMethodCallMutator_3,13955874,1777,0,0,0,0,0,0,647
org.mudebug.prapr.mutators.MethodNameMutator_7,13955876,3675,0,0,0,0,0,0,2358
org.mudebug.prapr.mutators.DereferenceGuardMutator_3,13955878,1053,0,0,0,0,0,5,434
org.mudebug.prapr.mutators.MethodNameMutator_8,13955885,6973,0,0,0,0,0,4,71
org.mudebug.prapr.mutators.LocalToFieldAccessMutator_4,13955891,6713,0,0,0,0,0,6,1147
org.mudebug.prapr.mutators.RelationalOperatorReplacement_0,13955899,7302,0,0,0,0,0,2,106
org.pitest.mutationtest.engine.gregor.mutators.InlineConstantMutator,13955903,1106,0,0,0,0,0,0,1200
org.mudebug.prapr.mutators.MethCallResultGuard_2,13955905,347,0,0,0,0,0,22,509
org.mudebug.prapr.mutators.ArgumentListMutator_0,13955929,6652,0,0,0,0,0,0,389
org.mudebug.prapr.mutators.ArgumentListMutator_1,13955931,6652,0,0,0,0,0,0,389
org.mudebug.prapr.mutators.FieldToLocalAccessMutator_0,13955933,6684,0,0,0,0,0,76,713
org.mudebug.prapr.mutators.MethCallResultGuard_1,13956011,7304,0,0,0,0,0,2160,187
org.mudebug.prapr.mutators.MethodNameMutator_1,13958175,5356,0,0,0,0,0,0,344
org.pitest.mutationtest.engine.gregor.mutators.ArgumentPropagationMutator,13958177,3263,0,0,0,0,0,0,50
org.mudebug.prapr.mutators.FieldAccessToMethodCallMutator_4,13958179,6683,0,0,1,1,1,2718,687
org.mudebug.prapr.mutators.MethCallResultGuard_2,13960899,5356,0,0,0,0,0,0,182
org.mudebug.prapr.mutators.ReturningDereferenceGuardMutator_2,13960901,6706,0,0,0,0,0,0,1016
org.pitest.mutationtest.engine.gregor.mutators.InlineConstantMutator,13960903,7222,0,0,0,0,0,647,187
org.pitest.mutationtest.engine.gregor.mutators.ReturnValsMutator,13961552,7385,0,0,0,0,0,71,501
org.pitest.mutationtest.engine.gregor.mutators.RemoveConditionalMutator_EQUAL_IF,13961625,7108,0,0,0,0,0,1,1155
org.mudebug.prapr.mutators.FieldAccessToMethodCallMutator_1,13961628,7304,0,0,0,0,0,2213,186
org.mudebug.prapr.mutators.MethCallResultGuard_2,13963843,7058,0,0,0,0,0,0,310
org.mudebug.prapr.mutators.ArgumentListMutator_5,13963845,6678,0,0,0,0,0,0,603
org.mudebug.prapr.mutators.MethCallResultGuard_2,13963847,1052,0,0,0,0,0,0,407
org.pitest.mutationtest.engine.gregor.mutators.NullReturnValsMutator,13963849,343,0,0,1,1,1,4754,465
org.mudebug.prapr.mutators.DereferenceGuardMutator_3,13968605,346,0,0,0,0,0,0,498
org.mudebug.prapr.mutators.FieldNameMutator_2,13968607,1119,0,0,0,0,0,0,1434
org.pitest.mutationtest.engine.gregor.mutators.NonVoidMethodCallMutator,13968609,1083,0,0,0,0,0,5,844
org.pitest.mutationtest.engine.gregor.mutators.ReturnValsMutator,13968616,6173,0,0,0,0,0,45,541
org.mudebug.prapr.mutators.MethCallResultGuard_2,13968663,7088,0,0,0,0,0,0,914
org.pitest.mutationtest.engine.gregor.mutators.InlineConstantMutator,13968665,5356,0,0,1,1,1,193,523
org.mudebug.prapr.mutators.ArgumentListMutator_1,13968860,7058,0,0,1,1,1,5538,488
org.mudebug.prapr.mutators.MethCallResultGuard_0,13974400,335,0,0,0,0,0,0,389
org.mudebug.prapr.mutators.DereferenceGuardMutator_0,13974402,6699,0,0,0,0,0,0,863
org.mudebug.prapr.mutators.MethCallResultGuard_2,13974404,343,0,0,0,0,0,0,464
org.pitest.mutationtest.engine.gregor.mutators.NonVoidMethodCallMutator,13974406,495,0,0,1,1,1,3535,233
org.mudebug.prapr.mutators.MethCallResultGuard_0,13977943,1042,0,0,0,0,0,0,243
org.pitest.mutationtest.engine.gregor.mutators.NegateConditionalsMutator,13977945,6713,0,0,0,0,0,76,1149
org.mudebug.prapr.mutators.MethodNameMutator_4,13978023,4410,0,0,1,1,1,5211,456
org.mudebug.prapr.mutators.ArgumentListMutator_2,13983236,3611,0,0,0,0,0,0,1331
org.mudebug.prapr.mutators.ReturningDereferenceGuardMutator_1,13983238,7263,0,0,0,0,0,0,850
org.mudebug.prapr.mutators.ReturningDereferenceGuardMutator_2,13983240,7241,0,0,0,0,0,0,432
org.pitest.mutationtest.engine.gregor.mutators.VoidMethodCallMutator,13983242,7058,0,0,0,0,0,2250,364
org.mudebug.prapr.mutators.FieldNameMutator_0,13985494,2967,0,0,0,1,1,137,599
org.mudebug.prapr.mutators.FieldNameMutator_5,13985633,1777,0,0,0,0,0,0,705
org.mudebug.prapr.mutators.FieldAccessToMethodCallMutator_1,13985635,1777,0,0,0,0,0,0,704
org.pitest.mutationtest.engine.gregor.mutators.NegateConditionalsMutator,13985637,3664,0,0,1,1,1,502,2189
org.mudebug.prapr.mutators.ArgumentListMutator_5,13986141,6725,0,0,0,1,1,0,1369
org.mudebug.prapr.mutators.RelationalOperatorReplacement_0,13986143,4411,0,0,0,0,0,25,479
org.pitest.mutationtest.engine.gregor.mutators.NonVoidMethodCallMutator,13986170,7064,0,0,0,0,0,12,614
org.mudebug.prapr.mutators.FieldAccessToMethodCallMutator_1,13986184,1777,0,0,0,0,0,0,669
org.mudebug.prapr.mutators.LocalToFieldAccessMutator_3,13986186,6737,0,0,0,0,0,43,1784
org.mudebug.prapr.mutators.FieldNameMutator_0,13986231,7355,0,0,0,0,0,75,112
org.mudebug.prapr.mutators.NonVoidMethodCallGuardMutator_0,13986308,7265,0,0,0,0,0,0,867
org.mudebug.prapr.mutators.RelationalOperatorReplacement_0,13986312,1053,0,0,0,0,0,0,433
org.mudebug.prapr.mutators.FieldToLocalAccessMutator_0,13986314,6652,0,0,1,1,1,5084,403
org.mudebug.prapr.mutators.FieldToLocalAccessMutator_0,13991400,6711,0,0,0,1,1,2701,1133
org.mudebug.prapr.mutators.ArgumentListMutator_0,13994103,1038,0,0,1,1,1,5303,137
org.mudebug.prapr.mutators.MethodNameMutator_1,13999408,334,0,0,0,0,0,19,382
org.mudebug.prapr.mutators.ArgumentListMutator_0,13999429,7088,0,0,1,1,1,5159,914
org.pitest.mutationtest.engine.gregor.mutators.NonVoidMethodCallMutator,14004590,1086,0,0,1,1,1,4748,871
org.mudebug.prapr.mutators.MethodNameMutator_1,14009340,5358,0,0,0,0,0,39,724
org.mudebug.prapr.mutators.ArgumentListMutator_5,14009381,1311,0,0,0,0,0,0,62
org.pitest.mutationtest.engine.gregor.mutators.InlineConstantMutator,14009383,244,0,0,0,0,0,23,176
org.pitest.mutationtest.engine.gregor.mutators.InlineConstantMutator,14009408,1777,0,0,0,0,0,0,687
org.mudebug.prapr.mutators.MethCallResultGuard_2,14009410,6704,0,0,0,0,0,0,908
org.mudebug.prapr.mutators.FieldAccessToMethodCallMutator_1,14009412,6650,0,0,1,1,1,5298,369
org.pitest.mutationtest.engine.gregor.mutators.experimental.RemoveSwitchMutator_10,14014712,3587,0,0,0,0,0,0,1015
org.mudebug.prapr.mutators.ArgumentListMutator_3,14014714,553,0,0,0,0,0,300,262
org.mudebug.prapr.mutators.FieldNameMutator_2,14015016,1777,0,0,0,0,0,0,661
org.mudebug.prapr.mutators.LocalToFieldAccessMutator_0,14015018,6689,0,0,0,0,0,0,782
org.pitest.mutationtest.engine.gregor.mutators.NonVoidMethodCallMutator,14015023,3558,0,0,0,0,0,11,122
org.mudebug.prapr.mutators.MethodNameMutator_8,14015036,1245,0,0,1,1,1,20,714
org.mudebug.prapr.mutators.VoidMethodCallGuardMutator,14015058,7058,0,0,0,0,0,0,529
org.mudebug.prapr.mutators.MethCallResultGuard_1,14015060,370,0,0,0,0,0,0,816
org.pitest.mutationtest.engine.gregor.mutators.InlineConstantMutator,14015062,6749,0,0,0,0,0,1407,1961
org.mudebug.prapr.mutators.RelationalOperatorReplacement_0,14016471,5356,0,0,0,0,0,3,354
org.mudebug.prapr.mutators.ArgumentListMutator_0,14016476,7058,0,0,1,1,1,5538,464
org.mudebug.prapr.mutators.LocalToFieldAccessMutator_2,14022016,4632,0,0,0,0,0,0,118
org.mudebug.prapr.mutators.NonVoidMethodCallGuardMutator_0,14022018,1119,0,0,0,0,0,0,1441
org.pitest.mutationtest.engine.gregor.mutators.RemoveConditionalMutator_EQUAL_IF,14022020,5358,0,0,1,1,1,364,718
org.pitest.mutationtest.engine.gregor.mutators.ArgumentPropagationMutator,14022386,1245,0,0,0,1,1,13,804
org.mudebug.prapr.mutators.NonVoidMethodCallGuardMutator_0,14022401,3416,0,0,0,0,0,0,77
org.mudebug.prapr.mutators.ReturningDereferenceGuardMutator_3,14022403,2306,0,0,0,0,0,0,41
org.pitest.mutationtest.engine.gregor.mutators.ReturnValsMutator,14022405,495,0,0,1,1,1,696,174
org.mudebug.prapr.mutators.FieldToLocalAccessMutator_0,14023103,7684,0,0,0,0,0,5,83
org.mudebug.prapr.mutators.RelationalOperatorReplacement_3,14023110,1106,0,0,0,0,0,5,1085
org.mudebug.prapr.mutators.FieldNameMutator_1,14023120,1133,0,0,0,0,0,5,1633
org.mudebug.prapr.mutators.FieldNameMutator_5,14023127,1777,0,0,0,0,0,0,716
org.mudebug.prapr.mutators.FieldNameMutator_3,14023129,7059,0,0,0,0,0,1,563
org.pitest.mutationtest.engine.gregor.mutators.ReturnValsMutator,14023132,6728,0,0,0,1,1,1457,1413
org.mudebug.prapr.mutators.MethCallResultGuard_0,14024591,7058,0,0,0,0,0,0,488
org.mudebug.prapr.mutators.FieldNameMutator_2,14024593,6652,0,0,1,1,1,4808,393
org.mudebug.prapr.mutators.LocalToFieldAccessMutator_3,14029403,6706,0,0,0,0,0,0,941
org.pitest.mutationtest.engine.gregor.mutators.experimental.RemoveSwitchMutator_24,14029405,3636,0,0,0,0,0,0,1649
org.mudebug.prapr.mutators.ArgumentListMutator_4,14029407,7058,0,0,0,0,0,0,284
org.mudebug.prapr.mutators.MethodNameMutator_7,14029409,1234,0,0,1,1,1,30,272
org.mudebug.prapr.mutators.ReturningDereferenceGuardMutator_2,14029441,5356,0,0,0,0,0,5,577
org.mudebug.prapr.mutators.DereferenceGuardMutator_0,14029448,705,0,0,0,0,0,0,65
org.mudebug.prapr.mutators.ArgumentListMutator_3,14029450,547,0,0,0,0,0,0,165
org.mudebug.prapr.mutators.ArgumentListMutator_3,14029452,7058,0,0,0,0,0,5,412
org.mudebug.prapr.mutators.RelationalOperatorReplacement_0,14029459,5356,0,0,0,1,1,206,368
org.pitest.mutationtest.engine.gregor.mutators.experimental.RemoveSwitchMutator_34,14029667,6415,0,0,1,1,1,451,273
org.mudebug.prapr.mutators.ArgumentListMutator_2,14030120,7109,0,0,1,1,1,5538,1174
org.mudebug.prapr.mutators.ReturningDereferenceGuardMutator_0,14035660,3388,0,0,0,0,0,0,70
org.mudebug.prapr.mutators.ArgumentListMutator_5,14035662,1037,0,0,1,1,1,5257,183
org.mudebug.prapr.mutators.LocalToFieldAccessMutator_1,14040921,6692,0,0,0,0,0,3681,808
org.mudebug.prapr.mutators.MethodNameMutator_2,14044604,1046,0,0,0,0,0,3948,331
org.mudebug.prapr.mutators.MethCallResultGuard_1,14048554,6743,0,0,1,1,1,2912,1867
org.mudebug.prapr.mutators.FieldAccessToMethodCallMutator_0,14051468,1777,0,0,0,0,0,0,703
org.mudebug.prapr.mutators.MethCallResultGuard_0,14051470,6710,0,0,0,0,0,0,1066
org.mudebug.prapr.mutators.ReturningDereferenceGuardMutator_0,14051472,3412,0,0,0,0,0,0,52
org.pitest.mutationtest.engine.gregor.mutators.ReturnValsMutator,14051474,3249,0,0,1,1,1,4757,103
org.mudebug.prapr.mutators.MethodNameMutator_1,14056233,553,0,0,1,1,1,5324,262
org.mudebug.prapr.mutators.MethCallResultGuard_1,14061559,6860,0,0,0,0,0,0,110
org.pitest.mutationtest.engine.gregor.mutators.ReturnValsMutator,14061561,6668,0,0,0,1,1,5487,536
org.mudebug.prapr.mutators.FieldNameMutator_0,14067050,543,0,0,1,1,1,5365,90
org.mudebug.prapr.mutators.FieldToLocalAccessMutator_2,14072417,6743,0,0,0,0,0,2094,1869
org.mudebug.prapr.mutators.MethCallResultGuard_2,14074513,7058,0,0,0,0,0,0,488
org.mudebug.prapr.mutators.FieldAccessToMethodCallMutator_4,14074522,1777,0,0,0,0,0,0,663
org.pitest.mutationtest.engine.gregor.mutators.NonVoidMethodCallMutator,14074524,7058,0,0,0,0,0,18,277
org.pitest.mutationtest.engine.gregor.mutators.experimental.RemoveSwitchMutator_10,14074544,5356,0,0,0,0,0,0,117
org.pitest.mutationtest.engine.gregor.mutators.ConstructorCallMutator,14074546,7093,0,0,1,1,1,5538,965
org.pitest.mutationtest.engine.gregor.mutators.experimental.RemoveSwitchMutator_83,14080086,3584,0,0,0,0,0,21,901
org.mudebug.prapr.mutators.RelationalOperatorReplacement_0,14080109,5358,0,0,0,1,1,39,726
org.pitest.mutationtest.engine.gregor.mutators.NegateConditionalsMutator,14080150,6987,0,0,0,0,0,45,154
org.mudebug.prapr.mutators.ReturningDereferenceGuardMutator_1,14080197,347,0,0,0,0,0,0,522
org.mudebug.prapr.mutators.MethodNameMutator_5,14080199,1118,0,0,0,1,1,186,1425
org.pitest.mutationtest.engine.gregor.mutators.MathMutator,14080387,346,0,0,0,0,0,3,496
org.mudebug.prapr.mutators.LocalToFieldAccessMutator_1,14080392,6684,0,0,0,0,0,95,704
org.mudebug.prapr.mutators.ArgumentListMutator_3,14080489,1082,0,0,1,1,1,5191,834
org.mudebug.prapr.mutators.ReturningDereferenceGuardMutator_0,14085682,4402,0,0,0,0,0,0,368
org.mudebug.prapr.mutators.ArgumentListMutator_1,14085684,1311,0,0,0,0,0,0,62
org.mudebug.prapr.mutators.LocalNameMutator_0,14085686,6728,0,0,0,1,1,3,1413
org.mudebug.prapr.mutators.FieldNameMutator_2,14085691,7059,0,0,0,0,0,2,552
org.mudebug.prapr.mutators.MethCallResultGuard_2,14085695,347,0,0,0,0,0,23,543
org.mudebug.prapr.mutators.LocalNameMutator_0,14085720,6684,0,0,0,0,0,108,711
org.mudebug.prapr.mutators.ArgumentListMutator_0,14085830,7059,0,0,1,1,1,5538,549
org.mudebug.prapr.mutators.MethCallResultGuard_1,14091370,7088,0,0,0,0,0,0,914
org.mudebug.prapr.mutators.ReturningDereferenceGuardMutator_0,14091372,1804,0,0,0,0,0,0,961
org.mudebug.prapr.mutators.FieldNameMutator_0,14091374,7627,0,0,0,0,0,0,159
org.mudebug.prapr.mutators.FieldAccessToMethodCallMutator_4,14091376,6706,0,0,0,1,1,14,929
org.mudebug.prapr.mutators.ReturningDereferenceGuardMutator_3,14091392,543,0,0,0,0,0,0,90
org.mudebug.prapr.mutators.FieldAccessToMethodCallMutator_1,14091394,7557,0,0,0,0,0,75,76
org.pitest.mutationtest.engine.gregor.mutators.NonVoidMethodCallMutator,14091471,495,0,0,1,1,1,4299,229
org.pitest.mutationtest.engine.gregor.mutators.experimental.MemberVariableMutator,14095772,1038,0,0,0,0,0,0,110
org.pitest.mutationtest.engine.gregor.mutators.NonVoidMethodCallMutator,14095774,1135,0,0,0,0,0,33,1644
org.mudebug.prapr.mutators.ArgumentListMutator_5,14095809,7197,0,0,1,1,1,5538,52
org.pitest.mutationtest.engine.gregor.mutators.experimental.RemoveSwitchMutator_13,14101349,495,0,0,0,0,0,12,119
org.mudebug.prapr.mutators.ReturningDereferenceGuardMutator_1,14101363,6744,0,0,0,0,0,0,1894
org.mudebug.prapr.mutators.DereferenceGuardMutator_3,14101365,7064,0,0,0,0,0,0,619
org.pitest.mutationtest.engine.gregor.mutators.RemoveConditionalMutator_EQUAL_IF,14101367,1236,1,0,0,0,0,12,521
org.mudebug.prapr.mutators.LocalNameMutator_0,14101381,6706,0,0,0,0,0,0,980
org.mudebug.prapr.mutators.MethodNameMutator_3,14101383,3564,0,0,0,1,1,66,364
org.mudebug.prapr.mutators.LocalNameMutator_0,14101451,547,0,0,0,0,0,127,166
org.pitest.mutationtest.engine.gregor.mutators.RemoveConditionalMutator_EQUAL_ELSE,14101580,5356,0,0,0,0,0,0,344
org.pitest.mutationtest.engine.gregor.mutators.ReturnValsMutator,14101582,3447,0,0,0,0,0,2276,1076
org.mudebug.prapr.mutators.MethCallResultGuard_2,14103860,245,0,0,0,0,0,0,198
org.mudebug.prapr.mutators.RelationalOperatorReplacement_0,14103862,247,0,0,0,0,0,0,247
org.pitest.mutationtest.engine.gregor.mutators.experimental.NakedReceiverMutator,14103864,4411,0,0,1,1,1,4269,500
org.pitest.mutationtest.engine.gregor.mutators.ReturnValsMutator,14108135,6686,0,0,1,1,1,5602,745
org.mudebug.prapr.mutators.FieldAccessToMethodCallMutator_4,14113739,6651,0,0,1,1,1,4608,385
org.mudebug.prapr.mutators.MethCallResultGuard_1,14118349,7058,0,0,0,0,0,0,307
org.mudebug.prapr.mutators.MethCallResultGuard_2,14118351,6710,0,0,0,0,0,0,1066
org.pitest.mutationtest.engine.gregor.mutators.NonVoidMethodCallMutator,14118353,1042,0,0,0,0,0,2,243
org.mudebug.prapr.mutators.FieldNameMutator_2,14118357,6678,0,0,1,1,1,4688,610
org.pitest.mutationtest.engine.gregor.mutators.NegateConditionalsMutator,14123047,5356,0,0,0,0,0,2,358
org.mudebug.prapr.mutators.LocalNameMutator_0,14123051,7302,0,0,0,0,0,1904,137
org.mudebug.prapr.mutators.ReturningDereferenceGuardMutator_0,14124957,7064,0,0,0,0,0,0,619
org.mudebug.prapr.mutators.LocalNameMutator_0,14124959,6713,0,0,0,0,0,1,1147
org.pitest.mutationtest.engine.gregor.mutators.InlineConstantMutator,14124962,1777,0,0,0,0,0,0,681
org.mudebug.prapr.mutators.FieldToLocalAccessMutator_0,14124964,5209,0,0,0,0,0,89,290
org.pitest.mutationtest.engine.gregor.mutators.NegateConditionalsMutator,14125055,7383,0,0,0,0,0,2,456
org.mudebug.prapr.mutators.NonVoidMethodCallGuardMutator_0,14125059,7556,0,0,0,0,0,0,70
org.mudebug.prapr.mutators.ArgumentListMutator_5,14125061,3262,0,0,0,0,0,2,44
org.mudebug.prapr.mutators.DereferenceGuardMutator_0,14125065,1082,0,0,0,0,0,0,836
org.mudebug.prapr.mutators.MethCallResultGuard_0,14125067,4411,0,0,0,0,0,2102,500
org.pitest.mutationtest.engine.gregor.mutators.NonVoidMethodCallMutator,14127171,370,0,0,1,1,1,3741,814
org.mudebug.prapr.mutators.MethodNameMutator_1,14130914,6728,0,0,0,1,1,2808,1407
org.mudebug.prapr.mutators.NonVoidMethodCallGuardMutator_0,14133724,5214,0,0,0,0,0,0,112
org.mudebug.prapr.mutators.NonVoidMethodCallGuardMutator_0,14133726,7058,0,0,0,0,0,5,439
org.pitest.mutationtest.engine.gregor.mutators.NegateConditionalsMutator,14133733,245,0,0,1,1,1,4269,197
org.mudebug.prapr.mutators.DereferenceGuardMutator_0,14138004,6690,0,0,0,0,0,0,796
org.mudebug.prapr.mutators.FieldNameMutator_5,14138006,1777,0,0,0,0,0,0,648
org.mudebug.prapr.mutators.FieldAccessToMethodCallMutator_4,14138008,6673,0,0,1,1,1,5460,556
org.mudebug.prapr.mutators.LocalNameMutator_2,14143470,7058,0,0,0,0,0,2250,405
org.mudebug.prapr.mutators.MethCallResultGuard_1,14145722,6742,0,0,0,0,0,0,1849
org.mudebug.prapr.mutators.LocalToFieldAccessMutator_0,14145724,1083,0,0,1,1,1,5191,843
org.pitest.mutationtest.engine.gregor.mutators.NullReturnValsMutator,14150917,1234,0,0,0,0,0,4,268
org.mudebug.prapr.mutators.MethodNameMutator_1,14150923,7265,0,0,1,1,1,5064,867
org.mudebug.prapr.mutators.MethodNameMutator_2,14155989,3592,0,0,0,1,1,127,1084
org.mudebug.prapr.mutators.FieldAccessToMethodCallMutator_3,14156118,1777,0,0,0,0,0,0,758
org.mudebug.prapr.mutators.MethodNameMutator_0,14156120,4410,0,0,1,1,1,4269,449
org.mudebug.prapr.mutators.DereferenceGuardMutator_0,14160391,1311,0,0,0,0,0,0,63
org.pitest.mutationtest.engine.gregor.mutators.NegateConditionalsMutator,14160393,244,0,0,1,1,1,2712,176
org.mudebug.prapr.mutators.FieldNameMutator_1,14163107,6176,0,0,0,0,0,27,571
org.mudebug.prapr.mutators.FieldAccessToMethodCallMutator_2,14163136,6737,0,0,1,1,1,2664,1782
org.mudebug.prapr.mutators.FieldAccessToMethodCallMutator_0,14165802,6678,0,0,1,1,1,4555,610
org.mudebug.prapr.mutators.FieldNameMutator_1,14170359,7302,0,0,0,0,0,1964,102
org.mudebug.prapr.mutators.ArgumentListMutator_5,14172325,1106,0,0,1,1,1,2980,1082
org.pitest.mutationtest.engine.gregor.mutators.ReturnValsMutator,14175307,1540,0,0,0,1,1,211,53
org.mudebug.prapr.mutators.FieldNameMutator_1,14175520,1106,0,0,0,0,0,24,1185
org.mudebug.prapr.mutators.ReturningDereferenceGuardMutator_1,14175546,6674,0,0,0,0,0,0,560
org.mudebug.prapr.mutators.FieldNameMutator_0,14175548,4415,0,0,1,1,1,5220,546
org.mudebug.prapr.mutators.LocalNameMutator_0,14180770,6687,0,0,0,1,1,2220,758
org.mudebug.prapr.mutators.LocalToFieldAccessMutator_1,14182992,6725,0,0,0,1,1,2798,1367
org.mudebug.prapr.mutators.LocalNameMutator_0,14185792,6713,0,0,0,0,0,80,1152
org.mudebug.prapr.mutators.LocalToFieldAccessMutator_3,14185874,6723,0,0,1,1,1,5126,1346
org.mudebug.prapr.mutators.LocalNameMutator_0,14191002,6651,0,0,1,1,1,2082,382
org.pitest.mutationtest.engine.gregor.mutators.InlineConstantMutator,14193086,7058,0,0,1,1,1,5538,284
org.mudebug.prapr.mutators.FieldAccessToMethodCallMutator_3,14198626,1777,0,0,0,0,0,0,717
org.mudebug.prapr.mutators.MethodNameMutator_0,14198628,7257,0,0,0,0,0,5,810
org.mudebug.prapr.mutators.FieldAccessToMethodCallMutator_0,14198635,1777,0,0,0,0,0,0,635
org.mudebug.prapr.mutators.FieldNameMutator_0,14198640,1777,0,0,0,0,0,0,705
org.mudebug.prapr.mutators.FieldNameMutator_1,14198642,7057,0,0,0,0,0,0,230
org.mudebug.prapr.mutators.MethodNameMutator_0,14198644,247,0,0,1,1,1,4269,239
org.mudebug.prapr.mutators.ReturningDereferenceGuardMutator_0,14202915,6721,0,0,0,0,0,1,1331
org.pitest.mutationtest.engine.gregor.mutators.NonVoidMethodCallMutator,14202925,328,0,0,1,1,1,2678,280
org.mudebug.prapr.mutators.LocalNameMutator_2,14205605,7058,0,0,0,0,0,2250,518
org.mudebug.prapr.mutators.LocalNameMutator_0,14207857,1562,0,0,0,0,0,32,209
org.mudebug.prapr.mutators.LocalToFieldAccessMutator_0,14207891,6688,0,0,0,1,1,8,763
org.mudebug.prapr.mutators.FieldToLocalAccessMutator_0,14207901,2967,0,0,0,0,0,13,606
org.mudebug.prapr.mutators.FieldAccessToMethodCallMutator_4,14207916,6652,0,0,1,1,1,5084,405
org.mudebug.prapr.mutators.ReturningDereferenceGuardMutator_1,14213002,6678,0,0,0,0,0,0,610
org.mudebug.prapr.mutators.MethCallResultGuard_2,14213004,1106,0,0,0,0,0,0,1136
org.pitest.mutationtest.engine.gregor.mutators.NegateConditionalsMutator,14213006,6976,0,0,0,0,0,57,88
org.mudebug.prapr.mutators.LocalNameMutator_0,14213065,6710,0,0,0,0,0,8,1063
org.mudebug.prapr.mutators.ArgumentListMutator_4,14213075,7305,0,0,1,1,1,5538,206
org.pitest.mutationtest.engine.gregor.mutators.RemoveConditionalMutator_EQUAL_IF,14218615,5358,0,0,0,0,0,36,718
org.pitest.mutationtest.engine.gregor.mutators.BooleanTrueReturnValsMutator,14218653,7205,0,0,0,0,0,1684,141
org.mudebug.prapr.mutators.FieldNameMutator_0,14220339,7058,0,0,0,0,0,92,490
org.mudebug.prapr.mutators.RelationalOperatorReplacement_3,14220433,6728,0,0,0,1,1,2809,1407
org.mudebug.prapr.mutators.RelationalOperatorReplacement_2,14223244,1042,0,0,0,0,0,0,256
org.pitest.mutationtest.engine.gregor.mutators.ReturnValsMutator,14223246,6689,0,0,0,1,1,2230,786
org.mudebug.prapr.mutators.DereferenceGuardMutator_0,14225478,705,0,0,0,0,0,5,57
org.mudebug.prapr.mutators.NonVoidMethodCallGuardMutator_0,14225485,6712,0,0,0,0,0,5,1137
org.mudebug.prapr.mutators.MethodNameMutator_3,14225492,5376,0,0,0,0,0,1,1045
org.mudebug.prapr.mutators.MethodNameMutator_1,14225495,370,0,0,0,0,0,12,817
org.pitest.mutationtest.engine.gregor.mutators.NegateConditionalsMutator,14225509,244,0,0,0,0,0,3,187
org.mudebug.prapr.mutators.FieldAccessToMethodCallMutator_2,14225514,1777,0,0,0,0,0,0,646
org.mudebug.prapr.mutators.NonVoidMethodCallGuardMutator_0,14225516,2306,0,0,0,0,0,0,40
org.mudebug.prapr.mutators.RelationalOperatorReplacement_1,14225518,3558,0,0,0,0,0,2,114
org.mudebug.prapr.mutators.MethCallResultGuard_2,14225522,6706,0,0,0,0,0,0,978
org.mudebug.prapr.mutators.ArgumentListMutator_2,14225524,6706,0,0,0,1,1,2,1024
org.mudebug.prapr.mutators.FieldNameMutator_4,14225528,1777,0,0,0,0,0,0,717
org.mudebug.prapr.mutators.LocalNameMutator_0,14225530,3388,0,0,0,0,0,51,80
org.mudebug.prapr.mutators.ArgumentListMutator_3,14225583,7098,0,0,0,0,0,6,1022
org.mudebug.prapr.mutators.FieldAccessToMethodCallMutator_4,14225591,6728,0,0,0,1,1,2812,1418
org.pitest.mutationtest.engine.gregor.mutators.experimental.NakedReceiverMutator,14228405,7090,0,0,0,0,0,1992,932
org.mudebug.prapr.mutators.MethCallResultGuard_2,14230399,7058,0,0,0,0,0,0,443
org.pitest.mutationtest.engine.gregor.mutators.ArgumentPropagationMutator,14230401,7764,0,0,0,0,0,126,469
org.mudebug.prapr.mutators.RelationalOperatorReplacement_0,14230529,1082,0,0,0,0,0,0,834
org.mudebug.prapr.mutators.MethCallResultGuard_2,14230531,7302,0,0,0,0,0,0,126
org.mudebug.prapr.mutators.MethodNameMutator_8,14230533,1248,0,0,0,0,0,4,870
org.mudebug.prapr.mutators.ArgumentListMutator_0,14230539,562,0,0,0,0,0,10,1210
org.pitest.mutationtest.engine.gregor.mutators.experimental.RemoveSwitchMutator_71,14230551,6415,0,0,0,0,0,0,273
org.mudebug.prapr.mutators.FieldNameMutator_3,14230553,1777,0,0,0,0,0,5,710
org.mudebug.prapr.mutators.FieldToLocalAccessMutator_2,14230560,6683,0,0,0,0,0,39,686
org.mudebug.prapr.mutators.MethodNameMutator_2,14230603,5356,0,0,0,0,0,1,358
org.pitest.mutationtest.engine.gregor.mutators.NegateConditionalsMutator,14230606,1236,1,0,0,1,1,20,521
org.mudebug.prapr.mutators.NonVoidMethodCallGuardMutator_0,14230628,7059,0,0,0,0,0,5,549
org.mudebug.prapr.mutators.MethodNameMutator_1,14230635,4667,0,0,0,0,0,0,70
org.mudebug.prapr.mutators.MethCallResultGuard_1,14230637,7063,0,0,0,0,0,0,605
org.mudebug.prapr.mutators.FieldNameMutator_0,14230639,1106,0,0,0,0,0,5,1096
org.mudebug.prapr.mutators.ReturningDereferenceGuardMutator_1,14230646,4667,0,0,0,0,0,0,69
org.mudebug.prapr.mutators.FieldNameMutator_5,14230648,7059,0,0,0,0,0,5,543
org.mudebug.prapr.mutators.RelationalOperatorReplacement_0,14230658,5358,0,0,1,1,1,364,718
org.mudebug.prapr.mutators.ArgumentListMutator_2,14231032,1788,0,0,0,0,0,25,857
org.pitest.mutationtest.engine.gregor.mutators.RemoveConditionalMutator_EQUAL_ELSE,14231059,7198,0,0,0,0,0,19,63
org.pitest.mutationtest.engine.gregor.mutators.RemoveConditionalMutator_EQUAL_ELSE,14231080,6691,0,0,0,0,0,495,800
org.mudebug.prapr.mutators.LocalNameMutator_0,14231577,547,0,0,0,0,0,0,167
org.mudebug.prapr.mutators.FieldNameMutator_0,14231579,7059,0,0,0,0,0,0,559
org.mudebug.prapr.mutators.FieldAccessToMethodCallMutator_2,14231581,6728,0,0,0,0,0,5,1420
org.mudebug.prapr.mutators.ArgumentListMutator_4,14231588,7764,0,0,1,1,1,5426,465
org.pitest.mutationtest.engine.gregor.mutators.NonVoidMethodCallMutator,14237016,7058,0,0,1,1,1,5538,303
org.mudebug.prapr.mutators.DereferenceGuardMutator_3,14242556,5213,0,0,0,0,0,5,91
org.mudebug.prapr.mutators.LocalToFieldAccessMutator_1,14242563,6743,0,0,1,1,1,2924,1866
org.mudebug.prapr.mutators.ArgumentListMutator_5,14245489,553,0,0,0,0,0,295,262
org.mudebug.prapr.mutators.LocalToFieldAccessMutator_2,14245786,1106,0,0,1,1,1,2974,1196
org.mudebug.prapr.mutators.ReturningDereferenceGuardMutator_4,14248762,7365,0,0,0,0,0,0,232
org.mudebug.prapr.mutators.FieldNameMutator_2,14248767,6651,0,0,1,1,1,3670,382
org.mudebug.prapr.mutators.FieldAccessToMethodCallMutator_0,14252439,1777,0,0,0,0,0,0,743
org.mudebug.prapr.mutators.LocalToFieldAccessMutator_1,14252441,6678,0,0,1,1,1,5985,607
org.mudebug.prapr.mutators.MethCallResultGuard_0,14258428,247,0,0,0,0,0,23,235
org.mudebug.prapr.mutators.LocalToFieldAccessMutator_0,14258453,6684,0,0,1,1,1,1024,705
org.mudebug.prapr.mutators.FieldToLocalAccessMutator_0,14259479,6652,0,0,0,0,0,2621,402
org.pitest.mutationtest.engine.gregor.mutators.RemoveConditionalMutator_EQUAL_IF,14262102,7764,0,0,1,1,1,5426,462
org.pitest.mutationtest.engine.gregor.mutators.RemoveConditionalMutator_EQUAL_IF,14267530,7247,0,0,0,0,0,103,599
org.mudebug.prapr.mutators.FieldAccessToMethodCallMutator_2,14267635,1777,0,0,0,0,0,0,679
org.mudebug.prapr.mutators.ArgumentListMutator_1,14267637,7058,0,0,1,1,1,5538,532
org.pitest.mutationtest.engine.gregor.mutators.InlineConstantMutator,14273177,662,0,0,1,1,1,5252,284
org.mudebug.prapr.mutators.MethodNameMutator_0,14278431,1106,0,0,0,1,1,2981,1099
org.mudebug.prapr.mutators.ReturningDereferenceGuardMutator_4,14281414,1106,0,0,0,0,0,0,1185
org.pitest.mutationtest.engine.gregor.mutators.RemoveConditionalMutator_EQUAL_ELSE,14281416,6726,0,0,0,0,0,1326,1383
org.mudebug.prapr.mutators.MethodNameMutator_5,14282744,3675,0,0,1,1,1,3234,2356
org.mudebug.prapr.mutators.RelationalOperatorReplacement_0,14285980,1562,0,0,0,0,0,0,217
org.pitest.mutationtest.engine.gregor.mutators.NegateConditionalsMutator,14285982,5362,0,0,0,0,0,1,816
org.mudebug.prapr.mutators.MethodNameMutator_7,14285985,1231,0,0,1,1,1,33,68
org.mudebug.prapr.mutators.DereferenceGuardMutator_0,14286020,6686,0,0,0,0,0,5,743
org.mudebug.prapr.mutators.FieldNameMutator_0,14286027,6673,0,0,1,1,1,5204,556
org.mudebug.prapr.mutators.RelationalOperatorReplacement_3,14291233,7215,0,0,0,0,0,2452,133
org.pitest.mutationtest.engine.gregor.mutators.RemoveConditionalMutator_EQUAL_IF,14293690,7064,0,0,0,0,0,10,614
org.mudebug.prapr.mutators.MethodNameMutator_0,14293702,4410,0,0,1,1,1,5207,457
org.pitest.mutationtest.engine.gregor.mutators.ReturnValsMutator,14298911,7351,0,0,0,0,0,1064,54
org.mudebug.prapr.mutators.MethCallResultGuard_1,14299977,6710,0,0,0,0,0,0,1070
org.pitest.mutationtest.engine.gregor.mutators.NonVoidMethodCallMutator,14299979,7204,0,0,0,0,0,14,134
org.mudebug.prapr.mutators.ReturningDereferenceGuardMutator_4,14299995,6673,0,0,0,0,0,0,556
org.mudebug.prapr.mutators.DereferenceGuardMutator_2,14299997,6728,0,0,0,0,0,0,1418
org.pitest.mutationtest.engine.gregor.mutators.NonVoidMethodCallMutator,14299999,346,0,0,0,0,0,3,496
org.mudebug.prapr.mutators.DereferenceGuardMutator_0,14300004,4415,0,0,0,0,0,0,543
org.mudebug.prapr.mutators.FieldNameMutator_0,14300006,7058,0,0,0,0,0,93,534
org.mudebug.prapr.mutators.ArgumentListMutator_5,14300101,556,0,0,1,1,1,5360,1186
org.mudebug.prapr.mutators.MethodNameMutator_0,14305463,7064,0,0,0,0,0,7,614
org.mudebug.prapr.mutators.FieldAccessToMethodCallMutator_4,14305472,1777,0,0,0,0,0,0,684
org.pitest.mutationtest.engine.gregor.mutators.InlineConstantMutator,14305474,6388,0,0,0,1,1,27,265
org.pitest.mutationtest.engine.gregor.mutators.experimental.RemoveSwitchMutator_79,14305503,3584,0,0,0,0,0,0,901
org.mudebug.prapr.mutators.MethCallResultGuard_0,14305505,1231,0,0,0,0,0,0,68
org.mudebug.prapr.mutators.MethodNameMutator_7,14305507,1231,0,0,1,1,1,61,72
org.mudebug.prapr.mutators.MethCallResultGuard_0,14305570,348,0,0,0,0,0,0,558
org.mudebug.prapr.mutators.LocalNameMutator_0,14305572,6728,0,0,0,0,0,271,1407
org.mudebug.prapr.mutators.MethodNameMutator_4,14305845,5356,0,0,1,1,1,193,522
org.mudebug.prapr.mutators.MethCallResultGuard_2,14306040,359,0,0,0,0,0,0,674
org.pitest.mutationtest.engine.gregor.mutators.experimental.RemoveSwitchMutator_15,14306042,3636,0,0,0,0,0,3,1649
org.mudebug.prapr.mutators.LocalToFieldAccessMutator_2,14306047,6747,0,0,1,1,1,5538,1923
org.mudebug.prapr.mutators.MethodNameMutator_8,14311587,3564,0,0,0,1,1,114,364
org.mudebug.prapr.mutators.MethCallResultGuard_0,14311703,556,0,0,0,0,0,0,1186
org.mudebug.prapr.mutators.ArithmeticOperatorReplacement_2,14311705,346,0,0,0,0,0,3,496
org.pitest.mutationtest.engine.gregor.mutators.RemoveConditionalMutator_EQUAL_ELSE,14311710,6689,0,0,1,1,1,5994,776
org.mudebug.prapr.mutators.MethCallResultGuard_1,14317706,7200,0,0,0,0,0,5,105
org.mudebug.prapr.mutators.RelationalOperatorReplacement_2,14317713,7503,0,0,0,0,0,18,446
org.mudebug.prapr.mutators.ReturningDereferenceGuardMutator_3,14317733,5356,0,0,0,0,0,0,76
org.mudebug.prapr.mutators.ArgumentListMutator_1,14317735,4411,0,0,0,0,0,0,472
org.mudebug.prapr.mutators.LocalToFieldAccessMutator_0,14317737,1042,0,0,1,1,1,5291,243
org.mudebug.prapr.mutators.MethCallResultGuard_0,14323030,3675,0,0,0,0,0,2,2364
org.mudebug.prapr.mutators.MethCallResultGuard_0,14323034,1049,0,0,0,0,0,0,368
org.mudebug.prapr.mutators.NonVoidMethodCallGuardMutator_0,14323039,1106,0,0,0,0,0,0,1146
org.mudebug.prapr.mutators.MethodNameMutator_4,14323041,7497,0,0,0,0,0,20,377
org.mudebug.prapr.mutators.VoidMethodCallGuardMutator,14323063,7058,0,0,0,0,0,5,338
org.mudebug.prapr.mutators.LocalNameMutator_0,14323070,1562,0,0,0,0,0,4,209
org.pitest.mutationtest.engine.gregor.mutators.NonVoidMethodCallMutator,14323076,4666,0,0,0,0,0,0,60
org.pitest.mutationtest.engine.gregor.mutators.NegateConditionalsMutator,14323078,7302,0,0,0,0,0,1950,102
org.mudebug.prapr.mutators.LocalToFieldAccessMutator_0,14325030,6913,0,0,0,0,0,616,470
org.mudebug.prapr.mutators.FieldNameMutator_0,14325648,3711,0,0,0,0,0,0,72
org.mudebug.prapr.mutators.FieldAccessToMethodCallMutator_4,14325650,1777,0,0,0,0,0,0,689
org.mudebug.prapr.mutators.VoidMethodCallGuardMutator,14325652,4408,0,0,0,0,0,5,422
org.mudebug.prapr.mutators.ReturningDereferenceGuardMutator_0,14325659,7302,0,0,0,0,0,0,143
org.mudebug.prapr.mutators.DereferenceGuardMutator_0,14325661,6687,0,0,0,0,0,0,758
org.mudebug.prapr.mutators.ReturningDereferenceGuardMutator_1,14325663,2459,0,0,0,0,0,5,60
org.mudebug.prapr.mutators.MethodNameMutator_0,14325670,3675,0,0,1,1,1,4269,2354
org.mudebug.prapr.mutators.ArgumentListMutator_2,14329941,7098,0,0,1,1,1,5538,1022
org.mudebug.prapr.mutators.ReturningDereferenceGuardMutator_0,14335481,1106,0,0,0,0,0,0,1200
org.pitest.mutationtest.engine.gregor.mutators.NegateConditionalsMutator,14335483,517,0,1,1,1,1,2607,113
org.pitest.mutationtest.engine.gregor.mutators.PrimitiveReturnsMutator,14338091,6714,0,0,0,1,1,161,1162
org.mudebug.prapr.mutators.FieldAccessToMethodCallMutator_0,14338254,1777,0,0,0,0,0,0,559
org.mudebug.prapr.mutators.FieldNameMutator_0,14338256,1555,0,0,0,1,1,211,160
org.pitest.mutationtest.engine.gregor.mutators.experimental.RemoveSwitchMutator_14,14338469,5356,0,0,0,0,0,0,117
org.mudebug.prapr.mutators.ArgumentListMutator_4,14338471,556,0,0,1,1,1,5360,1186
org.pitest.mutationtest.engine.gregor.mutators.InlineConstantMutator,14343833,6709,0,0,0,0,0,8,1057
org.mudebug.prapr.mutators.DereferenceGuardMutator_3,14343843,6697,0,0,0,0,0,0,844
org.mudebug.prapr.mutators.FieldNameMutator_3,14343845,1777,0,0,0,0,0,0,725
org.mudebug.prapr.mutators.LocalToFieldAccessMutator_0,14343847,4630,0,0,0,1,1,4455,110
org.mudebug.prapr.mutators.RelationalOperatorReplacement_1,14348304,1143,0,0,0,0,0,5,1727
org.mudebug.prapr.mutators.FieldNameMutator_0,14348311,1777,0,0,0,0,0,31,656
org.mudebug.prapr.mutators.MethodNameMutator_1,14348344,348,0,0,1,1,1,430,558
org.pitest.mutationtest.engine.gregor.mutators.ReturnValsMutator,14348778,7507,0,0,1,1,1,5538,479
org.mudebug.prapr.mutators.NonVoidMethodCallGuardMutator_0,14354318,1049,0,0,0,0,0,5,368
org.mudebug.prapr.mutators.RelationalOperatorReplacement_2,14354325,5358,0,0,0,1,1,9,742
org.mudebug.prapr.mutators.ArgumentListMutator_4,14354336,7052,0,0,1,1,1,5538,122
org.pitest.mutationtest.engine.gregor.mutators.experimental.RemoveSwitchMutator_56,14359876,3636,0,0,0,0,0,0,1649
org.mudebug.prapr.mutators.MethodNameMutator_0,14359878,359,0,0,0,1,1,3534,674
org.pitest.mutationtest.engine.gregor.mutators.experimental.MemberVariableMutator,14363414,1777,0,0,0,0,0,0,717
org.mudebug.prapr.mutators.ReturningDereferenceGuardMutator_3,14363416,3416,0,0,0,0,0,0,77
org.mudebug.prapr.mutators.ReturningDereferenceGuardMutator_4,14363418,3417,0,0,0,0,0,0,96
org.mudebug.prapr.mutators.LocalToFieldAccessMutator_0,14363420,6689,0,0,0,0,0,349,781
org.mudebug.prapr.mutators.MethCallResultGuard_1,14363771,7081,0,0,0,0,0,0,813
org.mudebug.prapr.mutators.ArgumentListMutator_3,14363773,5356,0,0,1,1,1,251,511
org.pitest.mutationtest.engine.gregor.mutators.NonVoidMethodCallMutator,14364026,7382,0,0,0,0,0,198,448
org.mudebug.prapr.mutators.MethCallResultGuard_0,14364226,159,0,0,0,0,0,0,649
org.mudebug.prapr.mutators.ArgumentListMutator_4,14364228,7058,0,0,1,1,1,5538,464
org.mudebug.prapr.mutators.FieldNameMutator_2,14369768,1777,0,0,0,0,0,0,707
org.mudebug.prapr.mutators.ArgumentListMutator_2,14369770,244,0,0,0,0,0,0,176
org.pitest.mutationtest.engine.gregor.mutators.NegateConditionalsMutator,14369772,7382,0,0,0,0,0,26,431
org.mudebug.prapr.mutators.LocalToFieldAccessMutator_0,14369800,1042,0,0,0,0,0,0,256
org.mudebug.prapr.mutators.MethCallResultGuard_2,14369802,517,0,0,0,0,0,0,90
org.pitest.mutationtest.engine.gregor.mutators.RemoveConditionalMutator_EQUAL_IF,14369804,6686,0,0,1,1,1,2867,742
org.pitest.mutationtest.engine.gregor.mutators.InlineConstantMutator,14372673,6753,0,0,0,0,0,85,1995
org.pitest.mutationtest.engine.gregor.mutators.RemoveConditionalMutator_ORDER_ELSE,14372760,3651,0,0,0,0,0,2,1955
org.mudebug.prapr.mutators.MethodNameMutator_6,14372764,7259,0,0,1,1,1,5543,823
org.mudebug.prapr.mutators.ArgumentListMutator_3,14378309,4411,0,0,0,0,0,23,500
org.mudebug.prapr.mutators.ReturningDereferenceGuardMutator_3,14378334,7788,0,0,0,0,0,0,298
org.pitest.mutationtest.engine.gregor.mutators.InlineConstantMutator,14378336,7058,0,0,1,1,1,5538,476
org.mudebug.prapr.mutators.NonVoidMethodCallGuardMutator_0,14383876,7059,0,0,0,0,0,5,558
org.pitest.mutationtest.engine.gregor.mutators.RemoveConditionalMutator_EQUAL_ELSE,14383883,5375,0,0,0,0,0,2,1034
org.mudebug.prapr.mutators.MethodNameMutator_0,14383887,7379,0,0,0,0,0,1,390
org.pitest.mutationtest.engine.gregor.mutators.RemoveConditionalMutator_EQUAL_ELSE,14383890,7064,0,0,0,0,0,7,614
org.mudebug.prapr.mutators.FieldNameMutator_1,14383899,6674,0,0,1,1,1,2709,563
org.pitest.mutationtest.engine.gregor.mutators.experimental.NakedReceiverMutator,14386610,6706,0,0,0,1,1,2,976
org.mudebug.prapr.mutators.DereferenceGuardMutator_3,14386614,553,0,0,0,0,0,0,262
org.mudebug.prapr.mutators.ArgumentListMutator_0,14386616,2967,0,0,0,0,0,0,596
org.mudebug.prapr.mutators.ArgumentListMutator_0,14386618,3249,0,0,1,1,1,4757,103
org.mudebug.prapr.mutators.FieldAccessToMethodCallMutator_2,14391377,1777,0,0,0,0,0,0,705
org.mudebug.prapr.mutators.ReturningDereferenceGuardMutator_4,14391379,7263,0,0,0,0,0,5,850
org.pitest.mutationtest.engine.gregor.mutators.experimental.RemoveSwitchMutator_6,14391386,6415,0,0,0,0,0,0,273
org.pitest.mutationtest.engine.gregor.mutators.ArgumentPropagationMutator,14391388,1245,0,0,0,0,0,5,718
org.mudebug.prapr.mutators.ArithmeticOperatorDeletion_1,14391395,6710,0,0,0,0,0,8,1071
org.pitest.mutationtest.engine.gregor.mutators.experimental.RemoveSwitchMutator_61,14391405,555,0,0,0,0,0,0,872
org.mudebug.prapr.mutators.ArgumentListMutator_5,14391407,1038,0,0,1,1,1,5303,1599
org.mudebug.prapr.mutators.ArgumentListMutator_2,14396712,4413,0,0,0,0,0,0,523
org.mudebug.prapr.mutators.VoidMethodCallGuardMutator,14396714,7059,0,0,0,0,0,0,557
org.pitest.mutationtest.engine.gregor.mutators.PrimitiveReturnsMutator,14396716,3584,0,0,0,1,1,155,969
org.mudebug.prapr.mutators.FieldNameMutator_1,14396873,1131,0,0,1,1,1,1694,1619
org.mudebug.prapr.mutators.LocalNameMutator_0,14398569,7250,0,0,0,0,0,54,664
org.mudebug.prapr.mutators.RelationalOperatorReplacement_1,14398625,7303,0,0,0,0,0,6,170
org.mudebug.prapr.mutators.ArgumentListMutator_1,14398633,1044,0,0,0,1,1,4566,284
org.mudebug.prapr.mutators.FieldNameMutator_1,14403201,7627,0,0,0,0,0,2,159
org.mudebug.prapr.mutators.FieldNameMutator_3,14403208,1777,0,0,0,0,0,0,644
org.pitest.mutationtest.engine.gregor.mutators.NonVoidMethodCallMutator,14403210,7342,0,0,1,1,1,5538,92
org.mudebug.prapr.mutators.FieldToLocalAccessMutator_0,14408750,2967,0,0,0,0,0,36,599
org.mudebug.prapr.mutators.LocalToFieldAccessMutator_0,14408788,6737,0,0,1,1,1,2664,1782
org.mudebug.prapr.mutators.FieldAccessToMethodCallMutator_4,14411454,6652,0,0,0,0,0,5,395
org.pitest.mutationtest.engine.gregor.mutators.experimental.RemoveSwitchMutator_9,14411461,495,0,0,0,0,0,47,119
org.mudebug.prapr.mutators.FieldAccessToMethodCallMutator_3,14411510,6652,0,0,1,1,1,5084,403
org.mudebug.prapr.mutators.MethodNameMutator_2,14416598,347,0,0,0,0,0,33,539
org.mudebug.prapr.mutators.MethodNameMutator_8,14416633,1046,0,0,1,1,1,4574,331
org.mudebug.prapr.mutators.MethodNameMutator_3,14421209,3626,0,0,0,0,0,497,1516
org.pitest.mutationtest.engine.gregor.mutators.NullReturnValsMutator,14421708,3713,0,0,0,0,0,38,102
org.mudebug.prapr.mutators.MethCallResultGuard_1,14421748,4410,0,0,0,1,1,3537,456
org.mudebug.prapr.mutators.FieldAccessToMethodCallMutator_2,14425287,5193,0,0,0,0,0,2410,90
org.mudebug.prapr.mutators.ReturningDereferenceGuardMutator_2,14427699,558,0,0,0,0,0,5,1194
org.mudebug.prapr.mutators.ArithmeticOperatorReplacement_0,14427706,6713,0,0,0,0,0,76,1149
org.mudebug.prapr.mutators.ReturningDereferenceGuardMutator_0,14427784,1101,0,0,0,0,0,0,1022
org.mudebug.prapr.mutators.ReturningDereferenceGuardMutator_3,14427786,5356,0,0,0,0,0,0,696
org.mudebug.prapr.mutators.MethodNameMutator_0,14427788,545,0,0,0,1,1,715,129
org.pitest.mutationtest.engine.gregor.mutators.experimental.MemberVariableMutator,14428505,6684,0,0,0,0,0,133,714
org.mudebug.prapr.mutators.ReturningDereferenceGuardMutator_1,14428640,1106,0,0,0,0,0,0,1185
org.mudebug.prapr.mutators.RelationalOperatorReplacement_1,14428642,5356,0,0,0,0,0,2,103
org.mudebug.prapr.mutators.LocalToFieldAccessMutator_2,14428646,6684,0,0,1,1,1,735,706
org.mudebug.prapr.mutators.MethodNameMutator_0,14429383,7058,0,0,0,0,0,0,398
org.pitest.mutationtest.engine.gregor.mutators.experimental.MemberVariableMutator,14429385,7052,0,0,1,1,1,5538,92
org.mudebug.prapr.mutators.FieldNameMutator_3,14434925,1106,0,0,0,0,0,10,1106
org.mudebug.prapr.mutators.RelationalOperatorReplacement_1,14434937,6706,0,0,0,0,0,29,933
org.mudebug.prapr.mutators.DereferenceGuardMutator_0,14434968,6706,0,0,0,0,0,0,959
org.pitest.mutationtest.engine.gregor.mutators.NegateConditionalsMutator,14434970,7064,0,0,0,0,0,758,623
org.mudebug.prapr.mutators.RelationalOperatorReplacement_0,14435730,5356,0,0,0,0,0,5,575
org.mudebug.prapr.mutators.LocalToFieldAccessMutator_0,14435741,6713,0,0,0,1,1,2703,1147
org.mudebug.prapr.mutators.LocalNameMutator_2,14438446,7058,0,0,0,0,0,30,514
org.pitest.mutationtest.engine.gregor.mutators.experimental.MemberVariableMutator,14438478,7052,0,0,1,1,1,5538,198
org.mudebug.prapr.mutators.MethodNameMutator_2,14444018,6987,0,0,0,0,0,2,154
org.mudebug.prapr.mutators.MethCallResultGuard_0,14444022,495,0,0,0,0,0,0,202
org.pitest.mutationtest.engine.gregor.mutators.NegateConditionalsMutator,14444024,1106,0,0,0,1,1,2981,1099
org.mudebug.prapr.mutators.RelationalOperatorReplacement_0,14447007,5214,0,0,1,1,1,2840,112
org.mudebug.prapr.mutators.LocalNameMutator_0,14449849,5356,0,0,1,1,1,2243,575
org.pitest.mutationtest.engine.gregor.mutators.ConstructorCallMutator,14452094,7052,0,0,0,0,0,1949,107
org.pitest.mutationtest.engine.gregor.mutators.NullReturnValsMutator,14454045,495,0,0,1,1,1,3741,268
org.mudebug.prapr.mutators.MethCallResultGuard_0,14457788,6744,0,0,0,0,0,118,1893
org.mudebug.prapr.mutators.ArgumentListMutator_3,14457908,3711,0,0,0,0,0,6,72
org.mudebug.prapr.mutators.ArithmeticOperatorReplacement_5,14457916,6710,0,0,0,0,0,8,1071
org.pitest.mutationtest.engine.gregor.mutators.NonVoidMethodCallMutator,14457926,3564,0,0,0,0,0,15,338
org.mudebug.prapr.mutators.FieldAccessToMethodCallMutator_0,14457943,7231,0,0,1,1,1,5543,263
org.mudebug.prapr.mutators.FieldAccessToMethodCallMutator_0,14463488,1038,0,0,1,1,1,5303,1599
org.mudebug.prapr.mutators.LocalToFieldAccessMutator_1,14468793,6698,0,0,1,1,1,5518,859
org.pitest.mutationtest.engine.gregor.mutators.RemoveConditionalMutator_EQUAL_ELSE,14474313,6913,0,0,0,0,0,879,470
org.mudebug.prapr.mutators.LocalToFieldAccessMutator_2,14475194,6683,0,0,0,0,0,315,686
org.mudebug.prapr.mutators.LocalToFieldAccessMutator_2,14475511,6671,0,0,1,1,1,5505,548
org.mudebug.prapr.mutators.LocalToFieldAccessMutator_1,14481018,6744,0,0,1,1,1,1015,1892
org.mudebug.prapr.mutators.FieldNameMutator_2,14482035,7059,0,0,0,0,0,0,549
org.mudebug.prapr.mutators.LocalNameMutator_0,14482037,347,0,0,1,1,1,4299,525
org.mudebug.prapr.mutators.LocalNameMutator_0,14486338,244,0,0,0,1,1,54,181
org.mudebug.prapr.mutators.DereferenceGuardMutator_0,14486394,3412,0,0,0,0,0,0,49
org.pitest.mutationtest.engine.gregor.mutators.NonVoidMethodCallMutator,14486396,3497,0,0,1,1,1,5204,421
org.pitest.mutationtest.engine.gregor.mutators.RemoveConditionalMutator_EQUAL_ELSE,14491602,6744,0,0,0,0,0,0,1888
org.pitest.mutationtest.engine.gregor.mutators.experimental.RemoveSwitchMutator_25,14491604,555,0,0,0,0,0,7,872
org.mudebug.prapr.mutators.DereferenceGuardMutator_3,14491620,1101,0,0,0,0,0,0,1019
org.mudebug.prapr.mutators.FieldNameMutator_1,14491622,7058,0,0,1,1,1,5538,281
org.mudebug.prapr.mutators.LocalNameMutator_2,14497162,3388,0,0,0,0,0,12,74
org.pitest.mutationtest.engine.gregor.mutators.experimental.MemberVariableMutator,14497176,7617,0,0,0,0,0,394,90
org.pitest.mutationtest.engine.gregor.mutators.experimental.RemoveSwitchMutator_7,14497572,6415,0,0,0,0,0,0,273
org.mudebug.prapr.mutators.FieldAccessToMethodCallMutator_1,14497574,6721,0,0,0,0,0,0,1331
org.mudebug.prapr.mutators.LocalToFieldAccessMutator_0,14497576,6706,0,0,0,1,1,0,1020
org.mudebug.prapr.mutators.LocalNameMutator_1,14497578,7058,0,0,0,0,0,6,398
org.mudebug.prapr.mutators.FieldNameMutator_0,14497586,6728,0,0,1,1,1,2813,1418
org.mudebug.prapr.mutators.FieldToLocalAccessMutator_0,14500401,6169,0,0,0,0,0,5,500
org.pitest.mutationtest.engine.gregor.mutators.ReturnValsMutator,14500408,6707,0,0,0,1,1,8,1043
org.mudebug.prapr.mutators.LocalNameMutator_0,14500418,7058,0,0,0,0,0,15,294
org.mudebug.prapr.mutators.FieldAccessToMethodCallMutator_1,14500435,6684,0,0,1,1,1,1026,713
org.pitest.mutationtest.engine.gregor.mutators.ArgumentPropagationMutator,14501463,517,0,0,0,0,0,0,91
org.pitest.mutationtest.engine.gregor.mutators.RemoveConditionalMutator_EQUAL_ELSE,14501465,1106,0,0,0,0,0,5,1077
org.pitest.mutationtest.engine.gregor.mutators.ReturnValsMutator,14501472,6662,0,0,1,1,1,2403,512
org.mudebug.prapr.mutators.MethodNameMutator_1,14503877,4411,0,0,1,1,1,4269,474
org.mudebug.prapr.mutators.DereferenceGuardMutator_0,14508148,7061,0,0,0,0,0,0,573
org.mudebug.prapr.mutators.ReturningDereferenceGuardMutator_3,14508150,6386,0,0,0,0,0,0,255
org.mudebug.prapr.mutators.ArgumentListMutator_3,14508152,4157,0,0,1,1,1,4562,93
org.pitest.mutationtest.engine.gregor.mutators.experimental.RemoveSwitchMutator_52,14512716,555,0,0,0,0,0,0,872
org.mudebug.prapr.mutators.MethodNameMutator_1,14512720,1564,0,0,0,0,0,90,262
org.mudebug.prapr.mutators.FieldNameMutator_1,14512812,7058,0,0,0,0,0,2252,354
org.mudebug.prapr.mutators.FieldNameMutator_4,14515066,7058,0,0,1,1,1,5538,449
org.mudebug.prapr.mutators.ArgumentListMutator_0,14520606,6687,0,0,0,0,0,0,756
org.mudebug.prapr.mutators.FieldToLocalAccessMutator_1,14520608,6683,0,0,1,1,1,1004,686
org.mudebug.prapr.mutators.ReturningDereferenceGuardMutator_4,14521614,6706,0,0,0,0,0,0,933
org.mudebug.prapr.mutators.LocalToFieldAccessMutator_3,14521616,6695,0,0,0,1,1,504,831
org.mudebug.prapr.mutators.NonVoidMethodCallGuardMutator_0,14522122,6987,0,0,0,0,0,0,155
org.mudebug.prapr.mutators.NonVoidMethodCallGuardMutator_0,14522124,7058,0,0,0,0,0,0,408
org.pitest.mutationtest.engine.gregor.mutators.RemoveConditionalMutator_EQUAL_ELSE,14522126,6976,0,0,0,0,0,1,88
org.mudebug.prapr.mutators.ArgumentListMutator_4,14522129,6725,0,0,0,1,1,0,1369
org.pitest.mutationtest.engine.gregor.mutators.RemoveConditionalMutator_EQUAL_ELSE,14522131,547,0,0,1,1,1,221,160
org.mudebug.prapr.mutators.MethCallResultGuard_1,14522354,6420,0,0,0,0,0,0,400
org.mudebug.prapr.mutators.FieldNameMutator_4,14522356,7059,0,0,0,0,0,0,559
org.mudebug.prapr.mutators.FieldAccessToMethodCallMutator_0,14522358,7205,0,0,0,0,0,0,140
org.mudebug.prapr.mutators.ArgumentListMutator_3,14522360,4152,0,0,0,0,0,5,54
org.mudebug.prapr.mutators.LocalToFieldAccessMutator_0,14522369,1042,0,0,0,0,0,57,247
org.pitest.mutationtest.engine.gregor.mutators.VoidMethodCallMutator,14522428,7058,0,0,0,0,0,61,514
org.mudebug.prapr.mutators.FieldNameMutator_2,14522491,6652,0,0,0,0,0,5,398
org.pitest.mutationtest.engine.gregor.mutators.experimental.RemoveSwitchMutator_16,14522498,3584,0,0,0,0,0,1,901
org.mudebug.prapr.mutators.MethCallResultGuard_2,14522501,7764,0,0,0,0,0,5,462
org.mudebug.prapr.mutators.FieldAccessToMethodCallMutator_4,14522508,1777,0,0,0,0,0,0,694
org.mudebug.prapr.mutators.FieldAccessToMethodCallMutator_0,14522510,1777,0,0,0,0,0,0,646
org.mudebug.prapr.mutators.MethCallResultGuard_0,14522512,7058,0,0,0,0,0,0,307
org.mudebug.prapr.mutators.ReturningDereferenceGuardMutator_3,14522517,705,0,0,0,0,0,0,65
org.mudebug.prapr.mutators.DereferenceGuardMutator_3,14522519,7205,0,0,0,0,0,0,140
org.pitest.mutationtest.engine.gregor.mutators.RemoveConditionalMutator_ORDER_ELSE,14522521,1563,0,0,0,0,0,1,245
org.pitest.mutationtest.engine.gregor.mutators.NegateConditionalsMutator,14522524,7215,0,0,0,0,0,2458,133
org.mudebug.prapr.mutators.MethCallResultGuard_1,14524984,7058,0,0,0,0,0,0,476
org.pitest.mutationtest.engine.gregor.mutators.InlineConstantMutator,14524986,6867,0,0,0,0,0,812,159
org.mudebug.prapr.mutators.FieldAccessToMethodCallMutator_0,14525800,6672,0,0,1,1,1,4904,552
org.mudebug.prapr.mutators.ArgumentListMutator_0,14530709,558,0,0,1,1,1,4394,1194
org.pitest.mutationtest.engine.gregor.mutators.RemoveConditionalMutator_EQUAL_ELSE,14535105,4411,0,0,0,0,0,5,476
org.mudebug.prapr.mutators.ArgumentListMutator_0,14535112,2457,0,0,1,1,1,5291,47
org.mudebug.prapr.mutators.DereferenceGuardMutator_3,14540405,7302,0,0,0,0,0,0,124
org.mudebug.prapr.mutators.MethodNameMutator_6,14540407,4411,0,0,1,1,1,4269,474
org.mudebug.prapr.mutators.ArithmeticOperatorReplacement_8,14544678,553,0,0,0,0,0,28,267
org.pitest.mutationtest.engine.gregor.mutators.ConstructorCallMutator,14544708,2306,0,0,0,0,0,2,41
org.pitest.mutationtest.engine.gregor.mutators.NonVoidMethodCallMutator,14544712,1042,0,0,1,1,1,5291,243
org.mudebug.prapr.mutators.FieldNameMutator_4,14550005,1777,0,0,0,0,0,0,718
org.mudebug.prapr.mutators.MethodNameMutator_2,14550007,1563,0,0,0,0,0,30,254
org.pitest.mutationtest.engine.gregor.mutators.experimental.RemoveSwitchMutator_2,14550039,3558,0,0,0,0,0,4,109
org.mudebug.prapr.mutators.MethodNameMutator_3,14550045,1135,0,0,0,0,0,0,1644
org.mudebug.prapr.mutators.DereferenceGuardMutator_3,14550047,343,0,0,0,0,0,0,464
org.pitest.mutationtest.engine.gregor.mutators.experimental.NakedReceiverMutator,14550049,7233,0,0,0,0,0,20,298
org.mudebug.prapr.mutators.FieldAccessToMethodCallMutator_0,14550071,6650,0,0,1,1,1,5317,371
org.mudebug.prapr.mutators.ReturningDereferenceGuardMutator_3,14555390,2459,0,0,0,0,0,0,58
org.pitest.mutationtest.engine.gregor.mutators.BooleanTrueReturnValsMutator,14555392,1244,0,0,0,1,1,10,654
org.mudebug.prapr.mutators.LocalToFieldAccessMutator_1,14555404,6691,0,0,0,0,0,3664,800
org.mudebug.prapr.mutators.FieldToLocalAccessMutator_0,14559070,7197,0,0,1,1,1,5538,55
org.mudebug.prapr.mutators.MethodNameMutator_0,14564610,7183,0,0,1,1,1,5543,103
org.mudebug.prapr.mutators.RelationalOperatorReplacement_1,14570155,6695,0,0,0,0,0,5,831
org.mudebug.prapr.mutators.NonVoidMethodCallGuardMutator_0,14570162,5356,0,0,0,0,0,0,215
org.pitest.mutationtest.engine.gregor.mutators.InlineConstantMutator,14570164,5376,0,0,0,0,0,1,1051
org.mudebug.prapr.mutators.FieldNameMutator_0,14570170,514,0,0,0,0,0,4,53
org.pitest.mutationtest.engine.gregor.mutators.InlineConstantMutator,14570176,245,0,0,0,0,0,23,197
org.mudebug.prapr.mutators.ArgumentListMutator_5,14570201,1082,0,0,0,0,0,0,834
org.mudebug.prapr.mutators.MethCallResultGuard_1,14570203,7058,0,0,0,0,0,0,330
org.pitest.mutationtest.engine.gregor.mutators.NonVoidMethodCallMutator,14570205,1563,0,0,0,0,0,1,236
org.pitest.mutationtest.engine.gregor.mutators.ReturnValsMutator,14570208,1143,0,0,0,1,1,4473,1727
org.mudebug.prapr.mutators.DereferenceGuardMutator_2,14574683,6728,0,0,0,0,0,0,1420
org.pitest.mutationtest.engine.gregor.mutators.NonVoidMethodCallMutator,14574693,4411,0,0,1,1,1,4269,471
org.mudebug.prapr.mutators.FieldNameMutator_4,14578964,1777,0,0,0,0,0,0,692
org.mudebug.prapr.mutators.RelationalOperatorReplacement_2,14578966,2967,0,0,0,0,0,25,614
org.mudebug.prapr.mutators.MethodNameMutator_2,14578993,3592,0,0,0,0,0,47,1084
org.mudebug.prapr.mutators.MethodNameMutator_3,14579042,3587,0,0,0,0,0,239,1015
org.mudebug.prapr.mutators.FieldToLocalAccessMutator_1,14579283,6651,0,0,1,1,1,1515,384
org.mudebug.prapr.mutators.MethodNameMutator_0,14580800,517,0,0,0,1,1,152,116
org.mudebug.prapr.mutators.DereferenceGuardMutator_4,14580954,7627,0,0,0,0,0,0,159
org.mudebug.prapr.mutators.MethodNameMutator_7,14580956,551,0,0,0,0,0,1505,214
org.mudebug.prapr.mutators.MethodNameMutator_1,14582463,5376,0,0,0,0,0,0,1046
org.mudebug.prapr.mutators.RelationalOperatorReplacement_1,14582465,7503,0,0,0,0,0,0,444
org.mudebug.prapr.mutators.RelationalOperatorReplacement_2,14582467,7250,0,0,0,0,0,45,663
org.mudebug.prapr.mutators.ArgumentListMutator_4,14582514,6706,0,0,0,1,1,2,978
org.pitest.mutationtest.engine.gregor.mutators.InlineConstantMutator,14582527,7199,0,0,0,0,0,79,84
org.mudebug.prapr.mutators.MethodNameMutator_2,14582608,347,0,0,0,0,0,777,537
org.pitest.mutationtest.engine.gregor.mutators.NegateConditionalsMutator,14583387,1562,0,0,0,0,0,3,228
org.pitest.mutationtest.engine.gregor.mutators.NonVoidMethodCallMutator,14583392,6971,0,0,0,0,0,0,60
org.pitest.mutationtest.engine.gregor.mutators.InlineConstantMutator,14583394,6652,0,0,1,1,1,5084,395
org.mudebug.prapr.mutators.ArgumentListMutator_4,14588480,5356,0,0,1,1,1,251,513
org.pitest.mutationtest.engine.gregor.mutators.experimental.RemoveSwitchMutator_78,14588733,495,0,0,0,0,0,0,119
org.mudebug.prapr.mutators.MethCallResultGuard_0,14588735,6725,0,0,0,0,0,0,1369
org.mudebug.prapr.mutators.RelationalOperatorReplacement_1,14588737,4411,0,0,1,1,1,4269,471
org.mudebug.prapr.mutators.LocalNameMutator_0,14593008,247,0,0,1,1,1,4269,235
org.mudebug.prapr.mutators.RelationalOperatorReplacement_1,14597279,1236,1,0,0,1,1,15,520
org.mudebug.prapr.mutators.ArgumentListMutator_2,14597296,1052,0,0,1,1,1,4574,404
org.pitest.mutationtest.engine.gregor.mutators.experimental.MemberVariableMutator,14601872,1777,0,0,0,0,0,76,637
org.mudebug.prapr.mutators.ArgumentListMutator_4,14601950,347,0,0,0,0,0,778,509
org.mudebug.prapr.mutators.LocalToFieldAccessMutator_1,14602730,6728,0,0,1,1,1,2802,1420
org.mudebug.prapr.mutators.ArgumentListMutator_1,14605534,1237,0,0,0,0,0,0,544
org.mudebug.prapr.mutators.MethCallResultGuard_1,14605536,4411,0,0,0,0,0,0,474
org.mudebug.prapr.mutators.FieldNameMutator_0,14605538,6737,0,0,1,1,1,2664,1782
org.mudebug.prapr.mutators.RelationalOperatorReplacement_2,14608204,7382,0,0,0,0,0,1847,442
org.mudebug.prapr.mutators.ArgumentListMutator_3,14610053,347,0,0,1,1,1,1985,507
org.pitest.mutationtest.engine.gregor.mutators.NegateConditionalsMutator,14612040,1563,0,0,0,0,0,47,241
org.mudebug.prapr.mutators.MethodNameMutator_2,14612089,5359,0,0,0,0,0,2,777
org.pitest.mutationtest.engine.gregor.mutators.experimental.MemberVariableMutator,14612093,1777,0,0,0,0,0,0,688
org.mudebug.prapr.mutators.LocalToFieldAccessMutator_0,14612095,6743,0,0,1,1,1,2912,1868
org.mudebug.prapr.mutators.FieldNameMutator_5,14615009,1777,0,0,0,0,0,0,725
org.mudebug.prapr.mutators.LocalToFieldAccessMutator_2,14615011,6712,0,0,1,1,1,5363,1137
org.mudebug.prapr.mutators.FieldAccessToMethodCallMutator_0,14620376,1777,0,0,0,0,0,0,718
org.pitest.mutationtest.engine.gregor.mutators.InlineConstantMutator,14620378,7200,0,0,0,0,0,88,107
org.mudebug.prapr.mutators.MethodNameMutator_0,14620468,7503,0,0,0,0,0,0,446
org.mudebug.prapr.mutators.DereferenceGuardMutator_3,14620470,558,0,0,0,0,0,0,1194
org.mudebug.prapr.mutators.FieldAccessToMethodCallMutator_1,14620472,6651,0,0,1,1,1,2003,377
org.mudebug.prapr.mutators.MethCallResultGuard_0,14622481,247,0,0,0,0,0,0,239
org.mudebug.prapr.mutators.MethodNameMutator_8,14622483,7247,0,0,0,0,0,130,597
org.mudebug.prapr.mutators.MethCallResultGuard_0,14622615,6725,0,0,0,0,0,0,1369
org.mudebug.prapr.mutators.RelationalOperatorReplacement_3,14622617,4411,0,0,1,1,1,4269,472
org.mudebug.prapr.mutators.FieldNameMutator_1,14626888,5378,0,0,0,0,0,1,1083
org.mudebug.prapr.mutators.ArgumentListMutator_2,14626895,7263,0,0,1,1,1,5538,851
org.mudebug.prapr.mutators.FieldNameMutator_1,14632435,6683,0,0,0,0,0,507,683
org.pitest.mutationtest.engine.gregor.mutators.experimental.RemoveSwitchMutator_9,14632944,555,0,0,0,0,0,0,872
org.mudebug.prapr.mutators.FieldNameMutator_4,14632946,5356,0,0,0,0,0,4,351
org.pitest.mutationtest.engine.gregor.mutators.experimental.NakedReceiverMutator,14632952,1236,1,0,0,1,1,15,522
org.mudebug.prapr.mutators.RelationalOperatorReplacement_1,14632969,7205,0,0,0,0,0,0,141
org.mudebug.prapr.mutators.MethodNameMutator_1,14632971,7058,0,0,1,1,1,5538,325
org.mudebug.prapr.mutators.LocalToFieldAccessMutator_1,14638511,6725,0,0,0,1,1,1,1369
org.mudebug.prapr.mutators.FieldNameMutator_1,14638514,1106,0,0,1,1,1,2980,1096
org.mudebug.prapr.mutators.DereferenceGuardMutator_0,14641496,6684,0,0,0,0,0,4,705
org.mudebug.prapr.mutators.LocalNameMutator_1,14641502,6684,0,0,0,0,0,112,712
org.mudebug.prapr.mutators.MethodNameMutator_2,14641616,5356,0,0,0,0,0,0,182
org.mudebug.prapr.mutators.LocalToFieldAccessMutator_0,14641618,7247,0,0,0,0,0,0,599
org.mudebug.prapr.mutators.MethCallResultGuard_0,14641620,7098,0,0,0,0,0,0,1022
org.mudebug.prapr.mutators.MethodNameMutator_0,14641622,1129,0,0,0,1,1,1471,1604
org.mudebug.prapr.mutators.MethodNameMutator_1,14643095,6737,0,0,1,1,1,2668,1783
org.mudebug.prapr.mutators.NonVoidMethodCallGuardMutator_0,14645765,1053,0,0,0,0,0,5,433
org.mudebug.prapr.mutators.MethCallResultGuard_1,14645772,7058,0,0,0,0,0,5,443
org.mudebug.prapr.mutators.ReturningDereferenceGuardMutator_3,14645779,1082,0,0,0,0,0,0,834
org.mudebug.prapr.mutators.RelationalOperatorReplacement_2,14645781,5357,0,0,0,0,0,0,703
org.mudebug.prapr.mutators.NonVoidMethodCallGuardMutator_0,14645783,5365,0,0,0,0,0,0,837
org.mudebug.prapr.mutators.MethodNameMutator_1,14645785,3675,0,0,1,1,1,4269,2354
org.mudebug.prapr.mutators.DereferenceGuardMutator_4,14650056,7503,0,0,0,0,0,0,453
org.mudebug.prapr.mutators.DereferenceGuardMutator_0,14650061,1804,0,0,0,0,0,0,961
org.pitest.mutationtest.engine.gregor.mutators.InlineConstantMutator,14650063,1777,0,0,0,0,0,0,727
org.mudebug.prapr.mutators.FieldNameMutator_2,14650065,1777,0,0,0,0,0,74,732
org.pitest.mutationtest.engine.gregor.mutators.experimental.RemoveSwitchMutator_69,14650141,3584,0,0,0,0,0,0,901
org.mudebug.prapr.mutators.ArgumentListMutator_0,14650143,662,0,0,0,0,0,5,284
org.pitest.mutationtest.engine.gregor.mutators.RemoveConditionalMutator_EQUAL_ELSE,14650150,5356,0,0,0,0,0,3,507
org.mudebug.prapr.mutators.ReturningDereferenceGuardMutator_1,14650155,2459,0,0,0,0,0,5,58
org.pitest.mutationtest.engine.gregor.mutators.experimental.MemberVariableMutator,14650162,3417,0,1,1,1,1,2512,88
org.mudebug.prapr.mutators.LocalNameMutator_1,14652675,1234,0,0,1,1,1,3,312
org.mudebug.prapr.mutators.MethodNameMutator_1,14652680,7058,0,0,0,0,0,9,429
org.mudebug.prapr.mutators.DereferenceGuardMutator_0,14652691,334,0,0,0,0,0,0,382
org.mudebug.prapr.mutators.MethodNameMutator_3,14652700,551,0,0,1,1,1,5365,222
org.mudebug.prapr.mutators.LocalNameMutator_2,14658067,7058,0,0,1,1,1,5538,519
org.mudebug.prapr.mutators.FieldNameMutator_1,14663607,6743,0,0,0,0,0,0,1870
org.mudebug.prapr.mutators.MethodNameMutator_1,14663609,1562,0,0,0,0,0,22,213
org.mudebug.prapr.mutators.FieldNameMutator_0,14663633,1777,0,0,0,0,0,0,754
org.mudebug.prapr.mutators.MethodNameMutator_0,14663635,7382,0,0,0,0,0,328,410
org.mudebug.prapr.mutators.LocalToFieldAccessMutator_0,14663965,1245,0,0,0,1,1,17,804
org.mudebug.prapr.mutators.ArithmeticOperatorReplacement_2,14663984,5219,0,0,0,0,0,148,181
org.mudebug.prapr.mutators.ArgumentListMutator_4,14664134,4257,0,0,0,1,1,163,408
org.pitest.mutationtest.engine.gregor.mutators.PrimitiveReturnsMutator,14664299,555,0,0,1,1,1,4251,1135
org.mudebug.prapr.mutators.NonVoidMethodCallGuardMutator_0,14668552,7250,0,0,0,0,0,5,662
org.mudebug.prapr.mutators.DereferenceGuardMutator_3,14668561,1135,0,0,0,0,0,5,1643
org.mudebug.prapr.mutators.NonVoidMethodCallGuardMutator_0,14668568,3664,0,0,0,0,0,0,2189
org.mudebug.prapr.mutators.FieldNameMutator_2,14668570,1777,0,0,0,0,0,0,705
org.mudebug.prapr.mutators.MethodNameMutator_5,14668572,6986,0,0,0,0,0,46,145
org.pitest.mutationtest.engine.gregor.mutators.experimental.RemoveSwitchMutator_79,14668620,6415,0,0,0,0,0,0,273
org.pitest.mutationtest.engine.gregor.mutators.NonVoidMethodCallMutator,14668622,1040,0,0,0,0,0,0,209
org.mudebug.prapr.mutators.RelationalOperatorReplacement_1,14668624,3626,0,0,0,0,0,480,1516
org.mudebug.prapr.mutators.MethodNameMutator_1,14669106,551,0,0,0,1,1,2675,222
org.pitest.mutationtest.engine.gregor.mutators.InlineConstantMutator,14671783,555,0,0,1,1,1,4251,1135
org.mudebug.prapr.mutators.MethCallResultGuard_2,14676036,7058,0,0,0,0,0,0,408
org.mudebug.prapr.mutators.MethCallResultGuard_2,14676038,359,0,0,0,0,0,0,674
org.mudebug.prapr.mutators.ArgumentListMutator_1,14676040,5358,0,0,0,0,0,32,762
org.mudebug.prapr.mutators.FieldNameMutator_3,14676074,1777,0,0,0,0,0,0,750
org.pitest.mutationtest.engine.gregor.mutators.InlineConstantMutator,14676076,7058,0,0,1,1,1,5538,464
org.pitest.mutationtest.engine.gregor.mutators.NegateConditionalsMutator,14681616,7382,0,0,1,1,1,5538,422
org.pitest.mutationtest.engine.gregor.mutators.InlineConstantMutator,14687156,7302,0,0,0,0,0,0,102
org.pitest.mutationtest.engine.gregor.mutators.experimental.RemoveSwitchMutator_33,14687158,495,0,0,0,0,0,5,119
org.pitest.mutationtest.engine.gregor.mutators.NonVoidMethodCallMutator,14687165,1236,1,0,0,1,1,15,533
org.mudebug.prapr.mutators.FieldNameMutator_1,14687182,1777,0,0,0,0,0,0,706
org.pitest.mutationtest.engine.gregor.mutators.RemoveConditionalMutator_EQUAL_IF,14687184,7557,0,0,0,0,0,6,76
org.mudebug.prapr.mutators.LocalToFieldAccessMutator_2,14687192,6744,0,0,1,1,1,695,1893
org.mudebug.prapr.mutators.DereferenceGuardMutator_4,14687889,6176,0,0,0,0,0,0,571
org.mudebug.prapr.mutators.MethCallResultGuard_2,14687891,7059,0,0,0,0,0,0,564
org.mudebug.prapr.mutators.FieldNameMutator_3,14687893,1777,0,0,0,0,0,84,636
org.pitest.mutationtest.engine.gregor.mutators.NonVoidMethodCallMutator,14687979,547,0,0,0,0,0,0,167
org.mudebug.prapr.mutators.FieldNameMutator_0,14687981,1053,0,0,0,1,1,4561,439
org.pitest.mutationtest.engine.gregor.mutators.BooleanFalseReturnValsMutator,14692544,6976,0,0,0,0,0,1,91
org.mudebug.prapr.mutators.ArgumentListMutator_2,14692551,7052,0,0,1,1,1,5538,122
org.mudebug.prapr.mutators.ArithmeticOperatorReplacement_5,14698095,6715,0,0,0,0,0,80,1176
org.mudebug.prapr.mutators.FieldToLocalAccessMutator_0,14698177,1314,0,0,1,1,1,212,93
org.mudebug.prapr.mutators.RelationalOperatorReplacement_0,14698391,5213,0,0,1,1,1,2675,91
org.mudebug.prapr.mutators.LocalNameMutator_1,14701068,1234,0,0,1,1,1,5,302
org.mudebug.prapr.mutators.LocalToFieldAccessMutator_4,14701078,6706,0,0,0,0,0,0,980
org.mudebug.prapr.mutators.ArgumentListMutator_3,14701080,3497,0,0,0,0,0,0,421
org.mudebug.prapr.mutators.DereferenceGuardMutator_2,14701082,6674,0,0,0,0,0,0,563
org.pitest.mutationtest.engine.gregor.mutators.ReturnValsMutator,14701084,6742,0,0,1,1,1,2939,1859
org.mudebug.prapr.mutators.ReturningDereferenceGuardMutator_1,14704025,5214,0,0,0,0,0,0,112
org.mudebug.prapr.mutators.LocalNameMutator_1,14704027,4411,0,0,1,1,1,4269,493
org.mudebug.prapr.mutators.RelationalOperatorReplacement_3,14708298,5214,0,0,0,0,0,33,112
org.mudebug.prapr.mutators.MethodNameMutator_2,14708333,1231,0,0,1,1,1,24,68
org.mudebug.prapr.mutators.MethodNameMutator_5,14708359,551,0,0,1,1,1,4283,212
org.mudebug.prapr.mutators.RelationalOperatorReplacement_3,14712644,7215,0,0,0,0,0,2194,128
org.pitest.mutationtest.engine.gregor.mutators.experimental.RemoveSwitchMutator_78,14714840,5356,0,0,0,0,0,0,117
org.pitest.mutationtest.engine.gregor.mutators.EmptyObjectReturnValsMutator,14714842,6725,0,0,0,1,1,0,1369
org.pitest.mutationtest.engine.gregor.mutators.BooleanFalseReturnValsMutator,14714844,7250,0,0,0,0,0,45,664
org.mudebug.prapr.mutators.FieldAccessToMethodCallMutator_2,14714891,6651,0,0,0,0,0,0,382
org.mudebug.prapr.mutators.NonVoidMethodCallGuardMutator_0,14714893,4415,0,0,0,0,0,0,549
org.mudebug.prapr.mutators.DereferenceGuardMutator_4,14714895,1106,0,0,0,0,0,0,1097
org.mudebug.prapr.mutators.MethodNameMutator_0,14714897,329,0,0,1,1,1,1397,299
org.pitest.mutationtest.engine.gregor.mutators.NullReturnValsMutator,14716302,355,0,0,1,1,1,2371,627
org.mudebug.prapr.mutators.FieldNameMutator_5,14718675,1777,0,0,0,0,0,0,739
org.mudebug.prapr.mutators.ArgumentListMutator_2,14718677,2458,0,0,1,1,1,4525,52
org.mudebug.prapr.mutators.FieldToLocalAccessMutator_1,14723204,6651,0,0,1,1,1,4611,375
org.mudebug.prapr.mutators.NonVoidMethodCallGuardMutator_0,14727817,495,0,0,0,0,0,23,229
org.pitest.mutationtest.engine.gregor.mutators.RemoveConditionalMutator_EQUAL_ELSE,14727842,6732,0,0,0,0,0,0,1596
org.mudebug.prapr.mutators.LocalToFieldAccessMutator_2,14727844,6684,0,0,0,0,0,0,695
org.pitest.mutationtest.engine.gregor.mutators.NegateConditionalsMutator,14727846,7205,0,0,1,1,1,5538,141
org.mudebug.prapr.mutators.DereferenceGuardMutator_4,14733386,1106,0,0,0,0,0,0,1102
org.mudebug.prapr.mutators.DereferenceGuardMutator_3,14733388,6684,0,0,0,0,0,0,705
org.mudebug.prapr.mutators.FieldNameMutator_3,14733390,1777,0,0,0,0,0,74,732
org.mudebug.prapr.mutators.MethodNameMutator_3,14733466,1245,0,0,0,0,0,10,675
org.mudebug.prapr.mutators.LocalNameMutator_0,14733480,3675,0,0,0,0,0,0,2359
org.mudebug.prapr.mutators.ReturningDereferenceGuardMutator_4,14733482,6737,0,0,0,0,0,0,1782
org.pitest.mutationtest.engine.gregor.mutators.ConstructorCallMutator,14733484,1106,0,0,1,1,1,2980,1095
org.pitest.mutationtest.engine.gregor.mutators.NullReturnValsMutator,14736469,1101,0,0,1,1,1,4818,1022
org.mudebug.prapr.mutators.NonVoidMethodCallGuardMutator_0,14741289,7302,0,0,0,0,0,0,143
org.mudebug.prapr.mutators.DereferenceGuardMutator_2,14741291,6683,0,0,0,0,0,1,683
org.mudebug.prapr.mutators.ArgumentListMutator_3,14741294,5356,0,0,0,0,0,0,512
org.mudebug.prapr.mutators.MethodNameMutator_1,14741296,1237,0,0,1,1,1,17,545
org.pitest.mutationtest.engine.gregor.mutators.experimental.RemoveSwitchMutator_73,14741315,6415,0,0,0,0,0,0,273
org.mudebug.prapr.mutators.MethCallResultGuard_0,14741317,7058,0,0,0,0,0,0,464
org.mudebug.prapr.mutators.LocalToFieldAccessMutator_2,14741319,6728,0,0,0,1,1,4,1413
org.mudebug.prapr.mutators.LocalToFieldAccessMutator_0,14741325,6678,0,0,1,1,1,5985,604
org.mudebug.prapr.mutators.NonVoidMethodCallGuardMutator_0,14747312,7058,0,0,0,0,0,5,425
org.mudebug.prapr.mutators.FieldNameMutator_0,14747319,6683,0,0,0,0,0,39,686
org.mudebug.prapr.mutators.VoidMethodCallGuardMutator,14747360,3417,0,0,0,0,0,0,100
org.mudebug.prapr.mutators.ArgumentListMutator_0,14747362,1042,0,0,1,1,1,5291,242
org.mudebug.prapr.mutators.ReturningDereferenceGuardMutator_4,14752664,7263,0,0,0,0,0,0,853
org.mudebug.prapr.mutators.RelationalOperatorReplacement_1,14752666,6899,0,0,0,0,0,0,324
org.pitest.mutationtest.engine.gregor.mutators.NegateConditionalsMutator,14752668,5213,0,0,1,1,1,2868,90
org.mudebug.prapr.mutators.RelationalOperatorReplacement_0,14755538,6728,0,0,0,0,0,250,1407
org.mudebug.prapr.mutators.MethCallResultGuard_0,14755790,7304,0,0,0,0,0,0,189
org.mudebug.prapr.mutators.DereferenceGuardMutator_4,14755792,4260,0,0,0,0,0,0,453
org.mudebug.prapr.mutators.RelationalOperatorReplacement_0,14755809,5362,0,0,0,1,1,180,816
org.mudebug.prapr.mutators.MethodNameMutator_0,14755991,6987,0,0,0,0,0,2,154
org.mudebug.prapr.mutators.DereferenceGuardMutator_3,14755995,2459,0,0,0,0,0,0,64
org.mudebug.prapr.mutators.ReturningDereferenceGuardMutator_1,14755997,6737,0,0,0,0,0,0,1782
org.mudebug.prapr.mutators.FieldAccessToMethodCallMutator_2,14755999,1777,0,0,0,0,0,0,742
org.mudebug.prapr.mutators.MethCallResultGuard_0,14756001,6743,0,0,1,1,1,2924,1867
org.mudebug.prapr.mutators.LocalToFieldAccessMutator_1,14758927,6696,0,0,1,1,1,5637,837
org.mudebug.prapr.mutators.LocalNameMutator_0,14764566,7108,0,0,0,0,0,1,1155
org.mudebug.prapr.mutators.MethCallResultGuard_0,14764569,7058,0,0,0,0,0,0,377
org.mudebug.prapr.mutators.RelationalOperatorReplacement_2,14764571,329,0,0,0,0,0,5,298
org.mudebug.prapr.mutators.ArgumentListMutator_2,14764578,5356,0,0,0,0,0,0,425
org.pitest.mutationtest.engine.gregor.mutators.InlineConstantMutator,14764580,7259,0,0,0,0,0,0,823
org.pitest.mutationtest.engine.gregor.mutators.experimental.RemoveSwitchMutator_27,14764582,3636,0,0,0,0,0,0,1649
org.mudebug.prapr.mutators.LocalNameMutator_1,14764584,5356,0,0,0,0,0,2,490
org.pitest.mutationtest.engine.gregor.mutators.NegateConditionalsMutator,14764588,1563,0,0,0,0,0,6,237
org.mudebug.prapr.mutators.FieldNameMutator_1,14764596,7058,0,0,1,1,1,5226,444
org.mudebug.prapr.mutators.NonVoidMethodCallGuardMutator_0,14769824,3675,0,0,0,0,0,0,2354
org.mudebug.prapr.mutators.ArgumentListMutator_2,14769826,7059,0,0,1,1,1,5538,562
org.mudebug.prapr.mutators.FieldNameMutator_3,14775366,7058,0,0,1,1,1,5538,348
org.mudebug.prapr.mutators.LocalToFieldAccessMutator_1,14780906,7302,0,0,0,0,0,0,106
org.pitest.mutationtest.engine.gregor.mutators.experimental.RemoveSwitchMutator_19,14780908,6649,0,0,1,1,1,25,175
org.mudebug.prapr.mutators.ReturningDereferenceGuardMutator_3,14780935,2459,0,0,0,0,0,0,60
org.pitest.mutationtest.engine.gregor.mutators.ConstructorCallMutator,14780937,6725,0,0,1,1,1,1,1369
org.pitest.mutationtest.engine.gregor.mutators.NonVoidMethodCallMutator,14780940,7098,0,0,0,0,0,12,1022
org.pitest.mutationtest.engine.gregor.mutators.NonVoidMethodCallMutator,14780954,7257,0,0,1,1,1,5538,810
org.mudebug.prapr.mutators.ArgumentListMutator_3,14786494,1237,0,0,0,0,0,0,544
org.mudebug.prapr.mutators.ArgumentListMutator_1,14786496,5356,0,0,0,0,0,0,88
org.pitest.mutationtest.engine.gregor.mutators.ConstructorCallMutator,14786498,1044,0,0,1,1,1,4566,279
org.mudebug.prapr.mutators.MethodNameMutator_8,14791066,5375,0,0,0,1,1,9,1033
org.mudebug.prapr.mutators.DereferenceGuardMutator_0,14791077,543,0,0,0,0,0,5,90
org.pitest.mutationtest.engine.gregor.mutators.NullReturnValsMutator,14791084,5376,0,0,1,1,1,253,1052
org.mudebug.prapr.mutators.MethCallResultGuard_1,14791339,370,0,0,0,0,0,5,815
org.mudebug.prapr.mutators.RelationalOperatorReplacement_3,14791346,5358,0,0,0,1,1,9,742
org.pitest.mutationtest.engine.gregor.mutators.VoidMethodCallMutator,14791357,7058,0,0,1,1,1,5538,348
org.mudebug.prapr.mutators.FieldAccessToMethodCallMutator_1,14796897,4410,0,0,0,0,0,4046,463
org.mudebug.prapr.mutators.FieldNameMutator_3,14800945,1777,0,0,0,0,0,0,695
org.pitest.mutationtest.engine.gregor.mutators.NegateConditionalsMutator,14800947,244,0,0,0,1,1,55,181
org.mudebug.prapr.mutators.MethCallResultGuard_1,14801004,7058,0,0,0,0,0,0,412
org.mudebug.prapr.mutators.FieldNameMutator_1,14801006,5378,0,0,0,0,0,4,1083
org.mudebug.prapr.mutators.MethCallResultGuard_0,14801012,7507,0,0,0,0,0,0,479
org.mudebug.prapr.mutators.ArithmeticOperatorReplacement_3,14801014,347,0,0,0,0,0,4,539
org.mudebug.prapr.mutators.FieldToLocalAccessMutator_0,14801020,6688,0,0,0,1,1,8,765
org.mudebug.prapr.mutators.LocalToFieldAccessMutator_0,14801030,7063,0,0,0,0,0,7,606
org.mudebug.prapr.mutators.MethodNameMutator_4,14801039,1135,0,0,0,0,0,33,1644
org.mudebug.prapr.mutators.FieldNameMutator_0,14801074,3244,0,0,0,0,0,135,77
org.mudebug.prapr.mutators.LocalToFieldAccessMutator_2,14801211,6692,0,0,0,0,0,602,808
org.mudebug.prapr.mutators.ArgumentListMutator_0,14801815,517,0,0,0,0,0,5,90
org.pitest.mutationtest.engine.gregor.mutators.NonVoidMethodCallMutator,14801822,7058,0,0,1,1,1,5538,307
org.mudebug.prapr.mutators.RelationalOperatorReplacement_0,14807362,7259,0,0,1,1,1,5538,823
org.mudebug.prapr.mutators.LocalNameMutator_1,14812902,6683,0,0,0,0,0,39,686
org.mudebug.prapr.mutators.FieldToLocalAccessMutator_0,14812943,6971,0,0,1,1,1,5538,61
org.pitest.mutationtest.engine.gregor.mutators.NegateConditionalsMutator,14818483,7108,0,0,0,0,0,49,1155
org.pitest.mutationtest.engine.gregor.mutators.experimental.MemberVariableMutator,14818534,5192,0,0,1,1,1,5162,82
org.mudebug.prapr.mutators.ArgumentListMutator_0,14823698,7354,0,0,1,1,1,5543,100
org.mudebug.prapr.mutators.FieldNameMutator_1,14829243,5356,0,0,0,0,0,28,576
org.pitest.mutationtest.engine.gregor.mutators.experimental.RemoveSwitchMutator_26,14829273,6649,0,0,0,0,0,0,175
org.pitest.mutationtest.engine.gregor.mutators.ReturnValsMutator,14829275,1087,0,0,1,1,1,4452,878
org.pitest.mutationtest.engine.gregor.mutators.ReturnValsMutator,14833729,370,0,0,1,1,1,3741,819
org.pitest.mutationtest.engine.gregor.mutators.experimental.RemoveSwitchMutator_21,14837472,555,0,0,0,0,0,6,872
org.mudebug.prapr.mutators.DereferenceGuardMutator_0,14837480,7057,0,0,0,0,0,0,227
org.pitest.mutationtest.engine.gregor.mutators.MathMutator,14837482,4720,0,0,0,0,0,1,42
org.mudebug.prapr.mutators.DereferenceGuardMutator_0,14837485,546,0,0,0,0,0,0,149
org.pitest.mutationtest.engine.gregor.mutators.VoidMethodCallMutator,14842556,6687,0,0,0,0,0,0,756
org.pitest.mutationtest.engine.gregor.mutators.experimental.MemberVariableMutator,14842558,7785,0,0,0,1,1,2853,360
org.mudebug.prapr.mutators.FieldAccessToMethodCallMutator_0,14845413,7257,0,0,1,1,1,5543,811
org.mudebug.prapr.mutators.RelationalOperatorReplacement_3,14850958,6706,0,0,0,0,0,0,1029
org.mudebug.prapr.mutators.FieldNameMutator_0,14850960,1777,0,0,0,0,0,0,756
org.mudebug.prapr.mutators.NonVoidMethodCallGuardMutator_0,14850962,6725,0,0,0,0,0,0,1369
org.mudebug.prapr.mutators.LocalNameMutator_1,14850964,6684,0,0,0,0,0,469,704
org.mudebug.prapr.mutators.FieldNameMutator_1,14851435,6718,0,0,1,1,1,4921,1267
org.mudebug.prapr.mutators.ArgumentListMutator_0,14856358,4395,0,0,1,1,1,5220,248
org.pitest.mutationtest.engine.gregor.mutators.BooleanFalseReturnValsMutator,14861580,334,0,0,0,0,0,4,382
org.mudebug.prapr.mutators.ReturningDereferenceGuardMutator_2,14861586,6683,0,0,0,0,0,0,685
org.mudebug.prapr.mutators.RelationalOperatorReplacement_1,14861588,1049,0,0,0,0,0,0,368
org.mudebug.prapr.mutators.ReturningDereferenceGuardMutator_4,14861590,1053,0,0,0,0,0,0,431
org.mudebug.prapr.mutators.NonVoidMethodCallGuardMutator_0,14861592,5357,0,0,0,0,0,0,703
org.mudebug.prapr.mutators.MethCallResultGuard_0,14861594,1231,0,0,0,0,0,0,72
org.mudebug.prapr.mutators.ReturningDereferenceGuardMutator_4,14861596,1106,0,0,0,0,0,0,1070
org.pitest.mutationtest.engine.gregor.mutators.InlineConstantMutator,14861598,3417,0,0,0,1,1,5,105
org.mudebug.prapr.mutators.FieldToLocalAccessMutator_0,14861605,7302,0,0,0,0,0,1,144
org.pitest.mutationtest.engine.gregor.mutators.experimental.MemberVariableMutator,14861608,7379,0,0,0,0,0,2012,391
org.mudebug.prapr.mutators.LocalToFieldAccessMutator_0,14863622,6684,0,0,1,1,1,1002,704
org.mudebug.prapr.mutators.LocalToFieldAccessMutator_2,14864626,6696,0,0,0,0,0,1,836
org.mudebug.prapr.mutators.FieldToLocalAccessMutator_1,14864629,6684,0,0,1,1,1,1029,695
org.mudebug.prapr.mutators.LocalNameMutator_1,14865660,6652,0,0,0,0,0,2620,402
org.mudebug.prapr.mutators.ReturningDereferenceGuardMutator_0,14868282,1135,0,0,0,0,0,0,1643
org.mudebug.prapr.mutators.LocalNameMutator_1,14868284,1245,0,0,0,0,0,7,718
org.mudebug.prapr.mutators.LocalToFieldAccessMutator_0,14868293,6692,0,0,1,1,1,4029,809
org.mudebug.prapr.mutators.FieldNameMutator_0,14872324,7058,0,0,1,1,1,5538,409
org.mudebug.prapr.mutators.LocalNameMutator_1,14877864,347,0,0,1,1,1,4299,550
org.mudebug.prapr.mutators.FieldToLocalAccessMutator_0,14882165,5212,0,0,1,1,1,2868,63
org.pitest.mutationtest.engine.gregor.mutators.InlineConstantMutator,14885035,544,0,0,0,1,1,2225,119
org.pitest.mutationtest.engine.gregor.mutators.NonVoidMethodCallMutator,14887262,3902,0,0,0,0,0,0,49
org.pitest.mutationtest.engine.gregor.mutators.experimental.MemberVariableMutator,14887264,7215,0,0,0,0,0,1667,137
org.mudebug.prapr.mutators.LocalToFieldAccessMutator_1,14888933,6713,0,0,0,0,0,75,1149
org.mudebug.prapr.mutators.MethodNameMutator_8,14889013,4411,0,0,1,1,1,4269,500
org.mudebug.prapr.mutators.ReturningDereferenceGuardMutator_0,14893284,7503,0,0,0,0,0,0,444
org.mudebug.prapr.mutators.ArgumentListMutator_2,14893286,3262,0,0,1,1,1,5296,44
org.mudebug.prapr.mutators.FieldAccessToMethodCallMutator_0,14898584,6706,0,0,0,0,0,0,929
org.pitest.mutationtest.engine.gregor.mutators.RemoveConditionalMutator_EQUAL_ELSE,14898586,1248,0,0,0,0,0,0,867
org.pitest.mutationtest.engine.gregor.mutators.RemoveConditionalMutator_ORDER_IF,14898588,5213,0,0,0,0,0,0,91
org.mudebug.prapr.mutators.RelationalOperatorReplacement_3,14898590,334,0,0,0,0,0,1053,382
org.pitest.mutationtest.engine.gregor.mutators.experimental.NakedReceiverMutator,14899645,1234,0,0,1,1,1,31,262
org.pitest.mutationtest.engine.gregor.mutators.NonVoidMethodCallMutator,14899678,1048,0,0,1,1,1,4574,346
org.mudebug.prapr.mutators.MethodNameMutator_8,14904254,1245,0,0,0,0,0,14,719
org.mudebug.prapr.mutators.MethodNameMutator_1,14904270,551,0,0,0,0,0,1512,214
org.pitest.mutationtest.engine.gregor.mutators.InlineConstantMutator,14905784,1106,0,0,0,0,0,0,1070
org.mudebug.prapr.mutators.ReturningDereferenceGuardMutator_4,14905786,7490,0,0,0,0,0,0,252
org.mudebug.prapr.mutators.NonVoidMethodCallGuardMutator_0,14905788,6725,0,0,0,0,0,0,1369
org.mudebug.prapr.mutators.ReturningDereferenceGuardMutator_3,14905790,5356,0,0,0,0,0,0,94
org.mudebug.prapr.mutators.MethodNameMutator_2,14905792,551,0,0,0,0,0,14,215
org.pitest.mutationtest.engine.gregor.mutators.NonVoidMethodCallMutator,14905808,1234,0,0,1,1,1,5,302
org.mudebug.prapr.mutators.FieldAccessToMethodCallMutator_2,14905815,1777,0,0,0,0,0,0,749
org.mudebug.prapr.mutators.MethCallResultGuard_1,14905817,7204,0,0,0,0,0,0,134
org.mudebug.prapr.mutators.RelationalOperatorReplacement_1,14905819,3664,0,0,0,0,0,0,2190
org.mudebug.prapr.mutators.LocalToFieldAccessMutator_0,14905821,6712,0,0,1,1,1,5365,1137
org.mudebug.prapr.mutators.LocalToFieldAccessMutator_1,14911188,1786,0,0,0,0,0,78,845
org.mudebug.prapr.mutators.FieldNameMutator_1,14911268,1777,0,0,0,0,0,0,694
org.pitest.mutationtest.engine.gregor.mutators.RemoveConditionalMutator_EQUAL_IF,14911270,4410,0,0,0,0,0,24,440
org.mudebug.prapr.mutators.FieldNameMutator_0,14911296,6742,0,0,0,0,0,429,1855
org.mudebug.prapr.mutators.ReturningDereferenceGuardMutator_3,14911727,1053,0,0,0,0,0,0,434
org.mudebug.prapr.mutators.FieldNameMutator_1,14911729,4706,0,0,0,0,0,0,757
org.mudebug.prapr.mutators.RelationalOperatorReplacement_0,14911731,3675,0,0,0,0,0,0,2359
org.mudebug.prapr.mutators.RelationalOperatorReplacement_3,14911733,1082,0,0,0,0,0,0,834
org.mudebug.prapr.mutators.FieldNameMutator_3,14911735,1042,0,0,0,0,0,11,256
org.mudebug.prapr.mutators.FieldAccessToMethodCallMutator_3,14911748,1777,0,0,0,0,0,0,644
org.pitest.mutationtest.engine.gregor.mutators.experimental.MemberVariableMutator,14911750,6169,0,0,0,0,0,5,500
org.mudebug.prapr.mutators.RelationalOperatorReplacement_3,14911757,5356,0,0,0,0,0,0,344
org.mudebug.prapr.mutators.FieldNameMutator_0,14911759,3489,0,0,0,0,0,0,253
org.mudebug.prapr.mutators.LocalToFieldAccessMutator_3,14911761,6683,0,0,1,1,1,2706,688
org.mudebug.prapr.mutators.MethodNameMutator_0,14914469,5356,0,0,0,0,0,8,215
org.mudebug.prapr.mutators.LocalNameMutator_0,14914479,6728,0,0,0,1,1,2550,1420
org.pitest.mutationtest.engine.gregor.mutators.experimental.NakedReceiverMutator,14917031,1119,0,0,0,0,0,4,1437
org.pitest.mutationtest.engine.gregor.mutators.NullReturnValsMutator,14917037,6690,0,0,0,1,1,2579,796
org.pitest.mutationtest.engine.gregor.mutators.experimental.RemoveSwitchMutator_72,14919618,5356,0,0,0,0,0,0,117
org.mudebug.prapr.mutators.RelationalOperatorReplacement_2,14919620,241,0,0,1,1,1,5185,142
org.mudebug.prapr.mutators.MethodNameMutator_3,14924807,7265,0,0,0,0,0,0,867
org.mudebug.prapr.mutators.ArgumentListMutator_1,14924809,7764,0,0,1,1,1,5426,465
org.pitest.mutationtest.engine.gregor.mutators.experimental.RemoveSwitchMutator_58,14930237,555,0,0,0,0,0,0,872
org.mudebug.prapr.mutators.MethCallResultGuard_1,14930239,7247,0,0,0,0,0,0,598
org.mudebug.prapr.mutators.FieldNameMutator_1,14930241,6738,0,0,0,0,0,39,1794
org.mudebug.prapr.mutators.NonVoidMethodCallGuardMutator_0,14930282,7062,0,0,0,0,0,0,583
org.mudebug.prapr.mutators.FieldNameMutator_1,14930284,1777,0,0,0,0,0,0,636
org.mudebug.prapr.mutators.MethCallResultGuard_0,14930286,557,0,0,0,0,0,0,1190
org.pitest.mutationtest.engine.gregor.mutators.NonVoidMethodCallMutator,14930288,7684,0,0,0,0,0,46,83
org.mudebug.prapr.mutators.LocalToFieldAccessMutator_2,14930336,6707,0,0,0,1,1,16,1043
org.mudebug.prapr.mutators.DereferenceGuardMutator_2,14930357,6651,0,0,0,0,0,23,375
org.mudebug.prapr.mutators.ReturningDereferenceGuardMutator_2,14930382,5353,0,0,0,0,0,0,64
org.pitest.mutationtest.engine.gregor.mutators.VoidMethodCallMutator,14930384,3497,0,0,0,0,0,0,421
org.mudebug.prapr.mutators.LocalToFieldAccessMutator_2,14930386,6672,0,0,1,1,1,5813,552
org.pitest.mutationtest.engine.gregor.mutators.experimental.MemberVariableMutator,14936201,930,0,0,0,0,0,5,630
org.mudebug.prapr.mutators.RelationalOperatorReplacement_3,14936225,6732,0,0,0,0,0,5,1618
org.mudebug.prapr.mutators.LocalToFieldAccessMutator_3,14936232,6728,0,0,1,1,1,2783,1420
org.mudebug.prapr.mutators.FieldNameMutator_1,14939017,504,0,0,0,0,0,1,83
org.mudebug.prapr.mutators.FieldNameMutator_4,14939020,1777,0,0,0,0,0,0,758
org.pitest.mutationtest.engine.gregor.mutators.RemoveConditionalMutator_EQUAL_IF,14939022,6176,0,0,1,1,1,2868,566
org.pitest.mutationtest.engine.gregor.mutators.experimental.RemoveSwitchMutator_57,14941892,495,0,0,0,0,0,5,119
org.mudebug.prapr.mutators.MethCallResultGuard_0,14941899,5356,0,0,0,0,0,0,336
org.mudebug.prapr.mutators.LocalNameMutator_2,14941901,1234,0,0,0,0,0,0,310
org.mudebug.prapr.mutators.RelationalOperatorReplacement_1,14941903,5356,0,0,1,1,1,1074,428
org.mudebug.prapr.mutators.FieldNameMutator_1,14942984,6678,0,0,1,1,1,5445,602
org.mudebug.prapr.mutators.ArgumentListMutator_0,14948431,7305,0,0,1,1,1,5538,208
org.pitest.mutationtest.engine.gregor.mutators.experimental.RemoveSwitchMutator_13,14953971,555,0,0,0,0,0,145,872
org.mudebug.prapr.mutators.FieldAccessToMethodCallMutator_0,14954118,6728,0,0,0,0,0,5,1418
org.mudebug.prapr.mutators.ArgumentListMutator_2,14954125,7058,0,0,0,0,0,0,269
org.mudebug.prapr.mutators.FieldToLocalAccessMutator_0,14954127,7684,0,0,1,1,1,5538,82
org.mudebug.prapr.mutators.ArithmeticOperatorReplacement_5,14959667,4257,0,0,0,0,0,23,409
org.mudebug.prapr.mutators.ArgumentListMutator_4,14959692,6652,0,0,0,0,0,0,391
org.mudebug.prapr.mutators.FieldNameMutator_3,14959694,7059,0,0,0,0,0,1710,550
org.mudebug.prapr.mutators.DereferenceGuardMutator_1,14961406,6737,0,0,0,0,0,0,1783
org.mudebug.prapr.mutators.MethCallResultGuard_2,14961408,545,0,0,0,0,0,0,129
org.mudebug.prapr.mutators.RelationalOperatorReplacement_1,14961410,5358,0,0,0,1,1,42,726
org.pitest.mutationtest.engine.gregor.mutators.RemoveConditionalMutator_ORDER_ELSE,14961454,2459,0,0,1,1,1,5291,61
org.pitest.mutationtest.engine.gregor.mutators.NegateConditionalsMutator,14966747,5375,0,0,0,1,1,38,1034
org.mudebug.prapr.mutators.RelationalOperatorReplacement_3,14966787,4410,0,0,0,0,0,24,440
org.mudebug.prapr.mutators.LocalNameMutator_1,14966813,4411,0,0,0,0,0,2604,500
org.pitest.mutationtest.engine.gregor.mutators.InlineConstantMutator,14969419,7061,0,0,0,0,0,2,576
org.mudebug.prapr.mutators.ArgumentListMutator_4,14969423,7052,0,0,0,0,0,5,107
org.mudebug.prapr.mutators.NonVoidMethodCallGuardMutator_0,14969430,7358,0,0,0,0,0,0,153
org.mudebug.prapr.mutators.DereferenceGuardMutator_0,14969432,3497,0,0,0,0,0,0,421
org.mudebug.prapr.mutators.ArgumentListMutator_2,14969434,7764,0,0,1,1,1,5426,462
org.mudebug.prapr.mutators.RelationalOperatorReplacement_2,14974862,7204,0,0,0,0,0,0,135
org.mudebug.prapr.mutators.FieldNameMutator_2,14974864,7057,0,0,0,0,0,0,228
org.mudebug.prapr.mutators.LocalNameMutator_0,14974866,7263,0,0,0,0,0,13,853
org.mudebug.prapr.mutators.MethCallResultGuard_0,14974881,7058,0,0,0,0,0,0,367
org.mudebug.prapr.mutators.ReturningDereferenceGuardMutator_0,14974883,6176,0,0,0,0,0,0,577
org.mudebug.prapr.mutators.RelationalOperatorReplacement_3,14974885,7302,0,0,0,0,0,60,98
org.mudebug.prapr.mutators.MethCallResultGuard_1,14974947,7342,0,0,0,0,0,0,92
org.pitest.mutationtest.engine.gregor.mutators.RemoveConditionalMutator_EQUAL_IF,14974949,5358,0,0,0,1,1,38,759
org.mudebug.prapr.mutators.MethodNameMutator_2,14974989,7199,0,0,0,0,0,13,85
org.mudebug.prapr.mutators.MethodNameMutator_1,14975004,7302,0,0,0,0,0,0,137
org.mudebug.prapr.mutators.ReturningDereferenceGuardMutator_0,14975006,1106,0,0,0,0,0,5,1135
org.mudebug.prapr.mutators.FieldNameMutator_4,14975013,504,0,0,0,0,0,1,83
org.pitest.mutationtest.engine.gregor.mutators.NonVoidMethodCallMutator,14975016,347,0,0,1,1,1,1985,509
org.mudebug.prapr.mutators.NonVoidMethodCallGuardMutator_0,14977003,3675,0,0,0,0,0,0,2355
org.mudebug.prapr.mutators.MethCallResultGuard_2,14977005,7059,0,0,0,0,0,5,565
org.mudebug.prapr.mutators.LocalNameMutator_0,14977012,3388,0,0,0,0,0,12,74
org.pitest.mutationtest.engine.gregor.mutators.BooleanTrueReturnValsMutator,14977026,3563,0,0,0,1,1,68,307
org.mudebug.prapr.mutators.RelationalOperatorReplacement_0,14977096,6695,0,0,0,0,0,18,831
org.pitest.mutationtest.engine.gregor.mutators.RemoveConditionalMutator_EQUAL_ELSE,14977116,3589,0,0,0,1,1,357,1062
org.pitest.mutationtest.engine.gregor.mutators.experimental.RemoveSwitchMutator_97,14977475,6415,0,0,0,0,0,0,273
org.mudebug.prapr.mutators.ArithmeticOperatorReplacement_1,14977477,553,0,0,0,0,0,46,267
org.pitest.mutationtest.engine.gregor.mutators.experimental.RemoveSwitchMutator_20,14977525,495,0,0,0,0,0,7,119
org.mudebug.prapr.mutators.MethCallResultGuard_2,14977534,247,0,0,0,0,0,0,239
org.mudebug.prapr.mutators.FieldAccessToMethodCallMutator_2,14977536,1777,0,0,0,0,0,0,719
org.mudebug.prapr.mutators.RelationalOperatorReplacement_3,14977538,5359,0,0,0,0,0,6,794
org.mudebug.prapr.mutators.FieldAccessToMethodCallMutator_0,14977546,6652,0,0,1,1,1,5084,403
org.pitest.mutationtest.engine.gregor.mutators.ReturnValsMutator,14982632,1231,0,0,0,0,0,3,73
org.mudebug.prapr.mutators.MethodNameMutator_3,14982637,1245,0,0,1,1,1,20,719
org.pitest.mutationtest.engine.gregor.mutators.ConstructorCallMutator,14982659,544,0,0,1,1,1,5365,118
org.pitest.mutationtest.engine.gregor.mutators.NegateConditionalsMutator,14988026,7233,0,0,0,0,0,6,297
org.pitest.mutationtest.engine.gregor.mutators.VoidMethodCallMutator,14988034,4395,0,0,0,0,0,64,250
org.pitest.mutationtest.engine.gregor.mutators.NegateConditionalsMutator,14988100,7355,0,0,0,0,0,1980,113
org.mudebug.prapr.mutators.MethodNameMutator_4,14990082,7302,0,0,0,0,0,8,127
org.mudebug.prapr.mutators.MethodNameMutator_1,14990092,5376,0,0,0,0,0,1,1045
org.mudebug.prapr.mutators.ArgumentListMutator_2,14990095,7052,0,0,1,1,1,5538,128
org.mudebug.prapr.mutators.VoidMethodCallGuardMutator,14995635,5354,0,0,0,0,0,0,68
org.mudebug.prapr.mutators.FieldAccessToMethodCallMutator_1,14995637,1777,0,0,0,0,0,0,635
org.mudebug.prapr.mutators.FieldNameMutator_0,14995639,1777,0,0,0,0,0,35,660
org.mudebug.prapr.mutators.ArgumentListMutator_4,14995676,517,0,0,0,0,0,0,90
org.mudebug.prapr.mutators.LocalToFieldAccessMutator_3,14995678,6688,0,0,0,1,1,8,763
org.pitest.mutationtest.engine.gregor.mutators.ReturnValsMutator,14995688,7184,0,0,1,1,1,5538,108
org.mudebug.prapr.mutators.FieldNameMutator_5,15001228,7058,0,0,1,1,1,5226,275
org.pitest.mutationtest.engine.gregor.mutators.ReturnValsMutator,15006456,6415,0,0,0,1,1,18,400
org.mudebug.prapr.mutators.ArgumentListMutator_1,15006476,2458,0,0,0,0,0,25,52
org.mudebug.prapr.mutators.FieldNameMutator_4,15006503,1777,0,0,0,0,0,0,676
org.mudebug.prapr.mutators.FieldAccessToMethodCallMutator_1,15006505,7556,0,0,1,1,1,5226,70
org.mudebug.prapr.mutators.MethCallResultGuard_0,15011733,3563,0,0,0,0,0,0,304
org.mudebug.prapr.mutators.FieldNameMutator_0,15011735,558,0,0,0,1,1,1,1194
org.mudebug.prapr.mutators.MethodNameMutator_1,15011738,495,0,0,0,1,1,5365,119
org.pitest.mutationtest.engine.gregor.mutators.InlineConstantMutator,15017105,1777,0,0,0,0,0,53,633
org.pitest.mutationtest.engine.gregor.mutators.RemoveConditionalMutator_EQUAL_ELSE,15017160,5356,0,0,0,0,0,1,106
org.pitest.mutationtest.engine.gregor.mutators.ConstructorCallMutator,15017163,1042,0,0,1,1,1,5238,231
org.mudebug.prapr.mutators.NonVoidMethodCallGuardMutator_0,15022403,551,0,0,0,0,0,5,217
org.mudebug.prapr.mutators.ReturningDereferenceGuardMutator_0,15022410,1042,0,0,0,0,0,0,229
org.mudebug.prapr.mutators.MethCallResultGuard_0,15022412,7058,0,0,0,0,0,0,284
org.pitest.mutationtest.engine.gregor.mutators.experimental.RemoveSwitchMutator_34,15022414,5356,0,0,1,1,1,2696,117
org.mudebug.prapr.mutators.RelationalOperatorReplacement_1,15025112,3563,0,0,0,0,0,0,307
org.mudebug.prapr.mutators.DereferenceGuardMutator_3,15025114,1311,0,0,0,0,0,0,62
org.mudebug.prapr.mutators.MethCallResultGuard_1,15025116,7063,0,0,0,0,0,0,609
org.pitest.mutationtest.engine.gregor.mutators.experimental.MemberVariableMutator,15025118,3411,0,0,1,1,1,5207,43
org.mudebug.prapr.mutators.NonVoidMethodCallGuardMutator_0,15030327,7058,0,0,0,0,0,0,310
org.mudebug.prapr.mutators.LocalToFieldAccessMutator_1,15030329,6706,0,0,1,1,1,49,932
org.mudebug.prapr.mutators.FieldAccessToMethodCallMutator_0,15030380,6723,0,0,0,0,0,5,1346
org.pitest.mutationtest.engine.gregor.mutators.InlineConstantMutator,15030387,3592,0,0,0,0,0,554,1084
org.pitest.mutationtest.engine.gregor.mutators.InlineConstantMutator,15030943,5356,0,0,1,1,1,1074,425
org.mudebug.prapr.mutators.FieldAccessToMethodCallMutator_4,15032019,1777,0,0,0,0,0,0,668
org.mudebug.prapr.mutators.MethCallResultGuard_0,15032021,7058,0,0,0,0,0,0,303
org.pitest.mutationtest.engine.gregor.mutators.ReturnValsMutator,15032023,7627,0,0,0,0,0,1781,159
org.mudebug.prapr.mutators.ArgumentListMutator_3,15033806,1248,0,0,0,0,0,0,867
org.mudebug.prapr.mutators.FieldNameMutator_1,15033808,7058,0,0,0,0,0,2254,490
org.mudebug.prapr.mutators.RelationalOperatorReplacement_2,15036064,334,0,0,0,0,0,18,382
org.mudebug.prapr.mutators.MethodNameMutator_3,15036084,6710,0,0,0,1,1,8,1066
org.mudebug.prapr.mutators.ArgumentListMutator_2,15036094,1562,0,0,0,0,0,22,213
org.mudebug.prapr.mutators.ArgumentListMutator_2,15036118,5212,0,0,0,0,0,28,65
org.pitest.mutationtest.engine.gregor.mutators.RemoveConditionalMutator_EQUAL_ELSE,15036148,1053,0,0,0,1,1,4574,441
org.mudebug.prapr.mutators.RelationalOperatorReplacement_1,15040724,5376,0,0,0,0,0,4,1046
org.mudebug.prapr.mutators.LocalToFieldAccessMutator_4,15040730,6689,0,0,0,1,1,0,781
org.mudebug.prapr.mutators.RelationalOperatorReplacement_3,15040732,5358,0,0,0,0,0,4,766
org.pitest.mutationtest.engine.gregor.mutators.RemoveConditionalMutator_EQUAL_ELSE,15040738,247,0,0,0,0,0,0,247
org.mudebug.prapr.mutators.RelationalOperatorReplacement_1,15040740,6715,0,0,0,0,0,1697,1173
org.pitest.mutationtest.engine.gregor.mutators.experimental.RemoveSwitchMutator_20,15042439,5356,0,0,0,0,0,0,117
org.mudebug.prapr.mutators.RelationalOperatorReplacement_2,15042441,1562,0,0,0,0,0,1,209
org.mudebug.prapr.mutators.FieldNameMutator_3,15042444,5378,0,0,0,0,0,1,1083
org.mudebug.prapr.mutators.MethCallResultGuard_0,15042447,347,0,0,0,0,0,23,526
org.pitest.mutationtest.engine.gregor.mutators.NonVoidMethodCallMutator,15042472,7080,0,0,1,1,1,5538,809
org.pitest.mutationtest.engine.gregor.mutators.experimental.RemoveSwitchMutator_20,15048019,6649,0,0,0,0,0,0,175
org.mudebug.prapr.mutators.LocalToFieldAccessMutator_2,15048021,1049,0,0,1,1,1,4574,366
org.mudebug.prapr.mutators.MethodNameMutator_0,15052597,5358,0,0,0,0,0,0,759
org.mudebug.prapr.mutators.NonVoidMethodCallGuardMutator_0,15052599,1834,0,0,0,0,0,5,78
org.mudebug.prapr.mutators.MethCallResultGuard_0,15052606,7063,0,0,0,0,0,0,609
org.mudebug.prapr.mutators.ArgumentListMutator_0,15052608,6710,0,0,0,1,1,8,1066
org.mudebug.prapr.mutators.FieldNameMutator_1,15052618,1053,0,0,0,1,1,4572,431
org.mudebug.prapr.mutators.VoidMethodCallGuardMutator,15057192,3417,0,0,0,0,0,0,105
org.mudebug.prapr.mutators.FieldNameMutator_1,15057194,2967,0,0,0,1,1,158,599
org.mudebug.prapr.mutators.LocalToFieldAccessMutator_3,15057354,6742,0,0,1,1,1,2903,1852
org.pitest.mutationtest.engine.gregor.mutators.NonVoidMethodCallMutator,15060259,3675,0,0,1,1,1,785,2364
org.mudebug.prapr.mutators.RelationalOperatorReplacement_0,15061046,5356,0,0,0,0,0,0,344
org.pitest.mutationtest.engine.gregor.mutators.NonVoidMethodCallMutator,15061048,3711,0,0,1,1,1,5303,72
org.mudebug.prapr.mutators.MethCallResultGuard_2,15066353,6972,0,0,0,0,0,0,66
org.mudebug.prapr.mutators.RelationalOperatorReplacement_2,15066355,5356,0,0,0,1,1,211,340
org.pitest.mutationtest.engine.gregor.mutators.InlineConstantMutator,15066568,1248,0,0,1,1,1,59,867
org.pitest.mutationtest.engine.gregor.mutators.NonVoidMethodCallMutator,15066629,1777,0,0,0,0,0,74,732
org.pitest.mutationtest.engine.gregor.mutators.InlineConstantMutator,15066705,3447,0,0,0,0,0,2276,1076
org.pitest.mutationtest.engine.gregor.mutators.InlineConstantMutator,15068983,7790,0,0,0,1,1,2652,315
org.mudebug.prapr.mutators.FieldNameMutator_1,15071637,1777,0,0,0,0,0,0,668
org.mudebug.prapr.mutators.FieldNameMutator_2,15071639,1777,0,0,0,0,0,0,559
org.mudebug.prapr.mutators.MethCallResultGuard_1,15071641,369,0,0,0,0,0,0,806
org.mudebug.prapr.mutators.ReturningDereferenceGuardMutator_2,15071643,7062,0,0,0,0,0,0,583
org.pitest.mutationtest.engine.gregor.mutators.RemoveConditionalMutator_EQUAL_IF,15071645,6651,0,0,0,0,0,0,375
org.pitest.mutationtest.engine.gregor.mutators.RemoveConditionalMutator_EQUAL_IF,15071647,1554,0,0,0,0,0,0,143
org.mudebug.prapr.mutators.MethCallResultGuard_0,15071649,7109,0,0,0,0,0,0,1174
org.pitest.mutationtest.engine.gregor.mutators.experimental.RemoveSwitchMutator_43,15071651,5356,0,0,0,0,0,38,117
org.mudebug.prapr.mutators.FieldNameMutator_1,15071691,6737,0,0,1,1,1,2668,1783
org.mudebug.prapr.mutators.LocalToFieldAccessMutator_3,15074361,6683,0,0,1,1,1,2686,686
org.mudebug.prapr.mutators.FieldNameMutator_1,15077049,4257,0,0,0,0,0,26,409
org.mudebug.prapr.mutators.RelationalOperatorReplacement_1,15077077,1560,0,0,0,0,0,0,189
org.mudebug.prapr.mutators.ReturningDereferenceGuardMutator_0,15077079,1053,0,0,0,0,0,0,439
org.mudebug.prapr.mutators.MethodNameMutator_3,15077081,7202,0,0,1,1,1,5538,125
org.mudebug.prapr.mutators.NonVoidMethodCallGuardMutator_0,15082621,7247,0,0,0,0,0,5,597
org.pitest.mutationtest.engine.gregor.mutators.VoidMethodCallMutator,15082628,5356,0,0,0,1,1,109,110
org.mudebug.prapr.mutators.RelationalOperatorReplacement_2,15082739,7355,0,0,0,0,0,0,113
org.pitest.mutationtest.engine.gregor.mutators.RemoveConditionalMutator_EQUAL_ELSE,15082741,6732,0,0,0,0,0,6,1618
org.pitest.mutationtest.engine.gregor.mutators.NegateConditionalsMutator,15082749,7302,0,0,0,0,0,1967,102
org.mudebug.prapr.mutators.MethodNameMutator_8,15084718,1562,0,0,0,1,1,148,229
org.mudebug.prapr.mutators.ArgumentListMutator_5,15084868,5356,0,0,0,0,0,0,428
org.mudebug.prapr.mutators.FieldNameMutator_0,15084870,1777,0,0,0,0,0,0,644
org.mudebug.prapr.mutators.MethodNameMutator_7,15084872,5356,0,0,1,1,1,2566,344
org.mudebug.prapr.mutators.LocalToFieldAccessMutator_0,15087440,6743,0,0,1,1,1,2912,1876
org.mudebug.prapr.mutators.FieldAccessToMethodCallMutator_1,15090354,1777,0,0,0,0,0,0,736
org.mudebug.prapr.mutators.LocalToFieldAccessMutator_0,15090356,4411,0,0,1,1,1,4269,494
org.pitest.mutationtest.engine.gregor.mutators.experimental.RemoveSwitchMutator_45,15094627,3584,0,0,0,0,0,0,901
org.pitest.mutationtest.engine.gregor.mutators.experimental.MemberVariableMutator,15094629,7785,0,0,0,1,1,2220,363
org.mudebug.prapr.mutators.MethCallResultGuard_0,15096851,6706,0,0,0,0,0,0,966
org.mudebug.prapr.mutators.RelationalOperatorReplacement_0,15096860,7302,0,0,0,0,0,437,134
org.pitest.mutationtest.engine.gregor.mutators.experimental.RemoveSwitchMutator_24,15097299,495,0,0,0,0,0,11,119
org.mudebug.prapr.mutators.DereferenceGuardMutator_3,15097312,1106,0,0,0,0,0,0,1085
org.pitest.mutationtest.engine.gregor.mutators.NegateConditionalsMutator,15097314,1234,0,0,0,1,1,5,302
org.mudebug.prapr.mutators.LocalNameMutator_0,15097321,1052,0,1,1,1,1,2499,405
org.mudebug.prapr.mutators.MethCallResultGuard_0,15099821,6176,0,0,0,0,0,0,577
org.mudebug.prapr.mutators.DereferenceGuardMutator_0,15099823,5356,0,0,0,0,0,0,219
org.mudebug.prapr.mutators.RelationalOperatorReplacement_1,15099825,4392,0,0,0,0,0,0,206
org.pitest.mutationtest.engine.gregor.mutators.ConstructorCallMutator,15099827,3240,0,0,1,1,1,5316,38
org.mudebug.prapr.mutators.ArithmeticOperatorReplacement_5,15105145,6713,0,0,0,1,1,105,1152
org.mudebug.prapr.mutators.FieldNameMutator_4,15105252,7209,0,0,0,0,0,26,51
org.mudebug.prapr.mutators.ArgumentListMutator_3,15105280,6725,0,0,0,1,1,0,1369
org.mudebug.prapr.mutators.FieldAccessToMethodCallMutator_3,15105282,6743,0,0,0,0,0,1918,1871
org.pitest.mutationtest.engine.gregor.mutators.RemoveConditionalMutator_EQUAL_ELSE,15107202,5356,0,0,0,0,0,8,215
org.mudebug.prapr.mutators.FieldNameMutator_3,15107212,1777,0,0,0,0,0,74,730
org.mudebug.prapr.mutators.MethCallResultGuard_0,15107288,6725,0,0,0,0,0,0,1369
org.mudebug.prapr.mutators.MethCallResultGuard_0,15107290,3497,0,0,0,0,0,0,423
org.mudebug.prapr.mutators.FieldAccessToMethodCallMutator_4,15107292,6712,0,0,1,1,1,5365,1137
org.mudebug.prapr.mutators.FieldToLocalAccessMutator_0,15112659,1554,0,0,0,0,0,93,144
org.mudebug.prapr.mutators.FieldNameMutator_1,15112754,4413,0,0,1,1,1,5220,525
org.pitest.mutationtest.engine.gregor.mutators.NegateConditionalsMutator,15117976,7302,0,0,0,0,0,1913,137
org.pitest.mutationtest.engine.gregor.mutators.InlineConstantMutator,15119891,1926,0,0,0,1,1,1471,39
org.mudebug.prapr.mutators.FieldAccessToMethodCallMutator_0,15121364,4169,0,0,1,1,1,4578,193
org.pitest.mutationtest.engine.gregor.mutators.VoidMethodCallMutator,15125944,7058,0,0,1,1,1,5538,241
org.pitest.mutationtest.engine.gregor.mutators.RemoveConditionalMutator_EQUAL_ELSE,15131484,3664,0,0,0,0,0,66,2189
org.pitest.mutationtest.engine.gregor.mutators.ReturnValsMutator,15131552,348,0,0,1,1,1,494,562
org.mudebug.prapr.mutators.FieldNameMutator_4,15132048,7209,0,0,0,0,0,9,51
org.mudebug.prapr.mutators.ArgumentListMutator_1,15132059,6725,0,0,0,1,1,0,1369
org.pitest.mutationtest.engine.gregor.mutators.NonVoidMethodCallMutator,15132061,1087,0,0,1,1,1,4452,878
org.mudebug.prapr.mutators.FieldNameMutator_1,15136515,7058,0,0,1,1,1,5538,409
org.mudebug.prapr.mutators.LocalToFieldAccessMutator_1,15142055,7617,0,0,0,0,0,399,90
org.mudebug.prapr.mutators.ReturningDereferenceGuardMutator_1,15142456,6697,0,0,0,0,0,0,849
org.mudebug.prapr.mutators.ArgumentListMutator_0,15142458,5356,0,0,1,1,1,1504,498
org.mudebug.prapr.mutators.MethodNameMutator_9,15143964,1234,0,0,1,1,1,5,276
org.pitest.mutationtest.engine.gregor.mutators.NegateConditionalsMutator,15143971,3489,0,0,0,0,0,0,255
org.mudebug.prapr.mutators.FieldAccessToMethodCallMutator_3,15143973,1777,0,0,0,0,0,0,734
org.mudebug.prapr.mutators.LocalNameMutator_1,15143975,6683,0,0,1,1,1,945,683
org.mudebug.prapr.mutators.MethCallResultGuard_1,15144922,6706,0,0,0,0,0,0,1020
org.mudebug.prapr.mutators.ReturningDereferenceGuardMutator_0,15144924,1311,0,0,0,0,0,0,62
org.mudebug.prapr.mutators.ArgumentListMutator_0,15144926,6725,0,0,0,1,1,0,1369
org.pitest.mutationtest.engine.gregor.mutators.NonVoidMethodCallMutator,15144928,7058,0,0,0,0,0,1752,293
org.mudebug.prapr.mutators.RelationalOperatorReplacement_1,15146682,3417,0,0,0,0,0,0,96
org.pitest.mutationtest.engine.gregor.mutators.InlineConstantMutator,15146684,6678,0,0,1,1,1,5985,603
org.mudebug.prapr.mutators.LocalToFieldAccessMutator_0,15152671,6899,0,0,0,0,0,1967,331
org.mudebug.prapr.mutators.MethodNameMutator_6,15154640,7302,0,0,0,0,0,13,102
org.mudebug.prapr.mutators.MethodNameMutator_2,15154655,6728,0,0,0,1,1,500,1409
org.mudebug.prapr.mutators.ArgumentListMutator_4,15155157,7058,0,0,0,0,0,0,269
org.mudebug.prapr.mutators.DereferenceGuardMutator_3,15155159,7265,0,0,0,0,0,5,867
org.pitest.mutationtest.engine.gregor.mutators.NonVoidMethodCallMutator,15155166,5354,0,0,1,1,1,2713,68
org.mudebug.prapr.mutators.RelationalOperatorReplacement_2,15157881,5356,0,0,0,0,0,0,523
org.pitest.mutationtest.engine.gregor.mutators.NonVoidMethodCallMutator,15157883,359,0,0,1,1,1,3535,674
org.mudebug.prapr.mutators.ReturningDereferenceGuardMutator_4,15161420,6678,0,0,0,0,0,5,610
org.mudebug.prapr.mutators.NonVoidMethodCallGuardMutator_0,15161427,7259,0,0,0,0,0,0,823
org.mudebug.prapr.mutators.DereferenceGuardMutator_4,15161429,6728,0,0,0,0,0,0,1420
org.mudebug.prapr.mutators.ReturningDereferenceGuardMutator_4,15161431,1119,0,0,0,0,0,5,1437
org.mudebug.prapr.mutators.RelationalOperatorReplacement_3,15161438,4667,0,0,0,0,0,0,67
org.mudebug.prapr.mutators.LocalToFieldAccessMutator_0,15161440,7090,0,0,0,0,0,2003,931
org.pitest.mutationtest.engine.gregor.mutators.InlineConstantMutator,15163445,1777,0,0,0,0,0,0,728
org.mudebug.prapr.mutators.DereferenceGuardMutator_4,15163447,7627,0,0,0,0,0,0,159
org.mudebug.prapr.mutators.DereferenceGuardMutator_3,15163449,1106,0,0,0,0,0,0,1199
org.mudebug.prapr.mutators.ReturningDereferenceGuardMutator_0,15163451,6671,0,0,0,0,0,0,548
org.mudebug.prapr.mutators.LocalNameMutator_0,15163453,5375,0,0,1,1,1,337,1033
org.mudebug.prapr.mutators.ArgumentListMutator_4,15163801,7059,0,0,1,1,1,5538,556
org.mudebug.prapr.mutators.LocalNameMutator_1,15169341,3388,0,0,0,0,0,51,80
org.mudebug.prapr.mutators.MethodNameMutator_6,15169394,1144,0,0,1,1,1,2985,1740
org.mudebug.prapr.mutators.ArgumentListMutator_3,15172381,5356,0,0,1,1,1,1491,88
org.mudebug.prapr.mutators.ReturningDereferenceGuardMutator_2,15173874,4415,0,0,0,0,0,0,549
org.mudebug.prapr.mutators.MethCallResultGuard_0,15173876,7063,0,0,0,0,0,156,599
org.pitest.mutationtest.engine.gregor.mutators.ArgumentPropagationMutator,15174034,343,0,0,1,1,1,4251,463
org.mudebug.prapr.mutators.MethCallResultGuard_0,15178287,7383,0,0,0,0,0,0,460
org.mudebug.prapr.mutators.FieldNameMutator_4,15178289,7059,0,0,0,0,0,5,549
org.mudebug.prapr.mutators.RelationalOperatorReplacement_2,15178296,5376,0,0,0,0,0,103,1046
org.pitest.mutationtest.engine.gregor.mutators.VoidMethodCallMutator,15178401,5356,0,0,0,1,1,86,496
org.mudebug.prapr.mutators.FieldNameMutator_0,15178489,7058,0,0,1,1,1,5069,460
org.pitest.mutationtest.engine.gregor.mutators.RemoveConditionalMutator_EQUAL_ELSE,15183560,247,0,0,0,0,0,0,251
org.pitest.mutationtest.engine.gregor.mutators.experimental.MemberVariableMutator,15183562,1537,0,0,0,0,0,0,30
org.mudebug.prapr.mutators.MethodNameMutator_0,15183564,7209,0,0,0,0,0,21,51
org.mudebug.prapr.mutators.NonVoidMethodCallGuardMutator_0,15183587,6987,0,0,0,0,0,0,155
org.mudebug.prapr.mutators.ArithmeticOperatorReplacement_3,15183589,5219,0,0,1,1,1,2695,181
org.mudebug.prapr.mutators.FieldNameMutator_3,15186286,3711,0,0,0,0,0,1,72
org.mudebug.prapr.mutators.NonVoidMethodCallGuardMutator_0,15186289,7342,0,0,0,0,0,5,92
org.pitest.mutationtest.engine.gregor.mutators.RemoveConditionalMutator_EQUAL_IF,15186296,2967,0,0,0,0,0,0,614
org.mudebug.prapr.mutators.ArgumentListMutator_0,15186298,7058,0,0,0,0,0,0,303
org.mudebug.prapr.mutators.LocalNameMutator_1,15186300,6684,0,0,1,1,1,757,705
org.pitest.mutationtest.engine.gregor.mutators.NegateConditionalsMutator,15187059,7064,0,0,1,1,1,5538,617
org.pitest.mutationtest.engine.gregor.mutators.experimental.RemoveSwitchMutator_50,15192599,495,0,0,0,0,0,5,119
org.mudebug.prapr.mutators.ReturningDereferenceGuardMutator_0,15192606,543,0,0,0,0,0,0,90
org.mudebug.prapr.mutators.LocalNameMutator_1,15192608,5356,0,0,0,0,0,17,344
org.mudebug.prapr.mutators.ReturningDereferenceGuardMutator_3,15192627,1106,0,0,0,0,0,0,1202
org.pitest.mutationtest.engine.gregor.mutators.BooleanFalseReturnValsMutator,15192629,3626,0,0,0,0,0,474,1516
org.mudebug.prapr.mutators.ReturningDereferenceGuardMutator_2,15193105,347,0,0,0,0,0,0,522
org.mudebug.prapr.mutators.ArgumentListMutator_2,15193107,6706,0,0,0,0,0,0,1020
org.mudebug.prapr.mutators.DereferenceGuardMutator_0,15193109,5356,0,0,0,0,0,0,696
org.mudebug.prapr.mutators.FieldAccessToMethodCallMutator_0,15193111,1119,0,0,0,0,0,0,1434
org.mudebug.prapr.mutators.MethCallResultGuard_1,15193113,7058,0,0,0,0,0,0,527
org.pitest.mutationtest.engine.gregor.mutators.VoidMethodCallMutator,15193115,7058,0,0,1,1,1,5538,389
org.pitest.mutationtest.engine.gregor.mutators.RemoveConditionalMutator_ORDER_ELSE,15198655,6713,0,0,0,0,0,6,1147
org.mudebug.prapr.mutators.NonVoidMethodCallGuardMutator_0,15198663,5357,0,0,0,0,0,0,703
org.mudebug.prapr.mutators.RelationalOperatorReplacement_3,15198665,7215,0,0,1,1,1,5538,132
org.mudebug.prapr.mutators.FieldNameMutator_4,15204205,1777,0,0,0,0,0,0,638
org.mudebug.prapr.mutators.MethodNameMutator_0,15204207,1834,0,0,0,1,1,4455,78
org.mudebug.prapr.mutators.ReturningDereferenceGuardMutator_3,15208664,4665,0,0,0,0,0,0,54
org.mudebug.prapr.mutators.RelationalOperatorReplacement_2,15208666,7265,0,0,1,1,1,5538,867
org.pitest.mutationtest.engine.gregor.mutators.experimental.RemoveSwitchMutator_33,15214206,3636,0,0,0,0,0,0,1649
org.pitest.mutationtest.engine.gregor.mutators.NegateConditionalsMutator,15214208,7302,0,0,0,0,0,1940,105
org.mudebug.prapr.mutators.FieldAccessToMethodCallMutator_3,15216150,6728,0,0,0,1,1,2809,1418
org.mudebug.prapr.mutators.MethCallResultGuard_2,15218961,7058,0,0,0,0,0,0,432
org.mudebug.prapr.mutators.ReturningDereferenceGuardMutator_4,15218963,6688,0,0,0,0,0,0,764
org.mudebug.prapr.mutators.FieldAccessToMethodCallMutator_0,15218965,6683,0,0,1,1,1,2718,688
org.mudebug.prapr.mutators.RelationalOperatorReplacement_3,15221685,7247,0,0,0,0,0,138,597
org.pitest.mutationtest.engine.gregor.mutators.RemoveConditionalMutator_EQUAL_ELSE,15221825,6690,0,0,1,1,1,5427,793
org.pitest.mutationtest.engine.gregor.mutators.experimental.MemberVariableMutator,15227254,7189,0,0,0,0,0,24,488
org.mudebug.prapr.mutators.FieldNameMutator_1,15227280,1777,0,0,0,0,0,0,734
org.pitest.mutationtest.engine.gregor.mutators.InlineConstantMutator,15227282,3651,0,0,0,0,0,2,1953
org.pitest.mutationtest.engine.gregor.mutators.NonVoidMethodCallMutator,15227286,7764,0,0,1,1,1,5426,469
org.mudebug.prapr.mutators.ReturningDereferenceGuardMutator_3,15232714,1106,0,0,0,0,0,0,1199
org.mudebug.prapr.mutators.LocalToFieldAccessMutator_1,15232716,6683,0,0,1,1,1,808,686
org.mudebug.prapr.mutators.LocalNameMutator_1,15233526,6652,0,0,1,1,1,4645,403
org.mudebug.prapr.mutators.MethodNameMutator_0,15238173,5356,0,0,1,1,1,2868,80
org.mudebug.prapr.mutators.ArgumentListMutator_0,15241043,4152,0,0,1,1,1,4577,54
org.pitest.mutationtest.engine.gregor.mutators.InlineConstantMutator,15245622,7058,0,0,0,0,0,7,303
org.pitest.mutationtest.engine.gregor.mutators.NonVoidMethodCallMutator,15245631,7215,0,0,0,0,0,0,130
org.pitest.mutationtest.engine.gregor.mutators.RemoveConditionalMutator_EQUAL_ELSE,15245633,347,0,0,0,0,0,24,534
org.mudebug.prapr.mutators.FieldNameMutator_1,15245659,5356,0,0,0,0,0,3,505
org.mudebug.prapr.mutators.MethCallResultGuard_1,15245669,348,0,0,1,1,1,384,559
org.pitest.mutationtest.engine.gregor.mutators.ReturnValsMutator,15246055,495,0,0,1,1,1,2737,184
org.mudebug.prapr.mutators.MethodNameMutator_0,15248794,7058,0,0,0,0,0,0,367
org.mudebug.prapr.mutators.FieldNameMutator_2,15248796,6728,0,0,0,1,1,2657,1418
org.mudebug.prapr.mutators.MethodNameMutator_0,15251455,7247,0,0,1,1,1,5538,597
org.pitest.mutationtest.engine.gregor.mutators.VoidMethodCallMutator,15256995,7057,0,0,0,0,0,0,228
org.pitest.mutationtest.engine.gregor.mutators.experimental.RemoveSwitchMutator_79,15256997,495,0,0,0,0,0,0,119
org.mudebug.prapr.mutators.ArgumentListMutator_2,15256999,7106,0,0,1,1,1,5538,1128
org.mudebug.prapr.mutators.MethodNameMutator_1,15262539,1560,0,0,1,1,1,2761,196
org.mudebug.prapr.mutators.FieldNameMutator_3,15265302,1777,0,0,0,0,0,24,743
org.mudebug.prapr.mutators.ArgumentListMutator_4,15265328,5356,0,0,0,0,0,0,575
org.mudebug.prapr.mutators.FieldNameMutator_0,15265330,7058,0,0,1,1,1,5538,327
org.pitest.mutationtest.engine.gregor.mutators.ReturnValsMutator,15270870,5219,0,0,0,0,0,83,181
org.mudebug.prapr.mutators.MethCallResultGuard_2,15270955,3417,0,0,0,0,0,0,88
org.mudebug.prapr.mutators.FieldAccessToMethodCallMutator_0,15270957,1777,0,0,0,0,0,41,751
org.mudebug.prapr.mutators.NonVoidMethodCallGuardMutator_0,15271004,6973,0,0,0,0,0,0,71
org.mudebug.prapr.mutators.FieldNameMutator_3,15271006,1777,0,0,0,0,0,52,645
org.mudebug.prapr.mutators.FieldNameMutator_5,15271060,7059,0,0,0,0,0,2,557
org.mudebug.prapr.mutators.FieldNameMutator_0,15271064,1777,0,0,0,0,0,0,669
org.mudebug.prapr.mutators.RelationalOperatorReplacement_2,15271066,5356,0,0,0,0,0,0,428
org.pitest.mutationtest.engine.gregor.mutators.NonVoidMethodCallMutator,15271068,7058,0,0,1,1,1,5538,313
org.mudebug.prapr.mutators.FieldAccessToMethodCallMutator_1,15276608,1777,0,0,0,0,0,0,759
org.mudebug.prapr.mutators.ReturningDereferenceGuardMutator_1,15276610,6671,0,0,0,0,0,5,548
org.mudebug.prapr.mutators.MethodNameMutator_0,15276617,5356,0,0,0,0,0,3,439
org.pitest.mutationtest.engine.gregor.mutators.experimental.MemberVariableMutator,15276622,4466,0,0,0,0,0,1846,33
org.pitest.mutationtest.engine.gregor.mutators.VoidMethodCallMutator,15278470,5362,0,0,0,1,1,203,823
org.pitest.mutationtest.engine.gregor.mutators.InlineConstantMutator,15278675,1925,0,0,0,1,1,2809,36
org.pitest.mutationtest.engine.gregor.mutators.NullReturnValsMutator,15281486,544,0,0,1,1,1,5365,120
org.mudebug.prapr.mutators.FieldAccessToMethodCallMutator_0,15286853,2459,0,0,1,1,1,4520,58
org.pitest.mutationtest.engine.gregor.mutators.VoidMethodCallMutator,15291375,7058,0,0,1,1,1,5226,444
org.mudebug.prapr.mutators.DereferenceGuardMutator_3,15296603,347,0,0,0,0,0,0,542
org.mudebug.prapr.mutators.DereferenceGuardMutator_3,15296609,556,0,0,0,0,0,0,1186
org.mudebug.prapr.mutators.MethodNameMutator_0,15296611,7250,0,0,1,1,1,5543,663
org.pitest.mutationtest.engine.gregor.mutators.RemoveConditionalMutator_EQUAL_IF,15302156,6988,0,0,0,0,0,1,167
org.mudebug.prapr.mutators.FieldAccessToMethodCallMutator_0,15302159,7788,0,0,1,1,1,5347,298
org.mudebug.prapr.mutators.LocalToFieldAccessMutator_4,15307508,6713,0,0,0,0,0,1,1147
org.mudebug.prapr.mutators.MethodNameMutator_0,15307511,245,0,0,0,0,0,0,197
org.pitest.mutationtest.engine.gregor.mutators.RemoveConditionalMutator_EQUAL_ELSE,15307513,3563,0,0,0,0,0,5,307
org.mudebug.prapr.mutators.LocalNameMutator_2,15307520,7058,0,0,0,0,0,9,429
org.mudebug.prapr.mutators.NonVoidMethodCallGuardMutator_0,15307531,7058,0,0,0,0,0,5,470
org.pitest.mutationtest.engine.gregor.mutators.BooleanTrueReturnValsMutator,15307538,7382,0,0,0,0,0,1847,448
org.mudebug.prapr.mutators.LocalToFieldAccessMutator_2,15309387,6721,0,0,0,0,0,150,1331
org.mudebug.prapr.mutators.FieldNameMutator_0,15309539,1038,0,0,0,0,0,5,805
org.mudebug.prapr.mutators.FieldAccessToMethodCallMutator_3,15309546,6738,0,0,1,1,1,253,1794
org.mudebug.prapr.mutators.FieldAccessToMethodCallMutator_1,15309801,7381,0,0,0,0,0,0,405
org.pitest.mutationtest.engine.gregor.mutators.RemoveConditionalMutator_EQUAL_IF,15309803,1234,0,0,0,1,1,17,267
org.pitest.mutationtest.engine.gregor.mutators.InlineConstantMutator,15309822,6732,0,0,0,0,0,6,1618
org.mudebug.prapr.mutators.NonVoidMethodCallGuardMutator_0,15314896,7058,0,0,0,0,0,0,377
org.mudebug.prapr.mutators.DereferenceGuardMutator_3,15314898,4260,0,0,0,0,0,0,453
org.pitest.mutationtest.engine.gregor.mutators.RemoveConditionalMutator_EQUAL_ELSE,15314900,3664,0,0,0,0,0,66,2190
org.mudebug.prapr.mutators.FieldNameMutator_2,15314968,7058,0,0,1,1,1,5231,417
org.mudebug.prapr.mutators.LocalNameMutator_1,15320201,347,0,0,0,0,0,777,537
org.mudebug.prapr.mutators.NonVoidMethodCallGuardMutator_0,15320980,6710,0,0,0,0,0,0,1064
org.mudebug.prapr.mutators.LocalToFieldAccessMutator_3,15320982,6687,0,0,1,1,1,5365,758
org.mudebug.prapr.mutators.FieldAccessToMethodCallMutator_2,15326349,6711,0,0,1,1,1,5370,1133
org.mudebug.prapr.mutators.RelationalOperatorReplacement_0,15331721,7250,0,0,0,0,0,68,655
org.mudebug.prapr.mutators.LocalNameMutator_0,15331794,2967,0,0,0,0,0,12,599
org.mudebug.prapr.mutators.ArgumentListMutator_4,15331808,5356,0,0,0,0,0,1,110
org.pitest.mutationtest.engine.gregor.mutators.NonVoidMethodCallMutator,15331811,6699,0,0,0,0,0,70,863
org.pitest.mutationtest.engine.gregor.mutators.NonVoidMethodCallMutator,15331883,4410,0,0,0,0,0,3868,456
org.pitest.mutationtest.engine.gregor.mutators.ReturnValsMutator,15335753,3497,0,0,0,0,0,5,426
org.pitest.mutationtest.engine.gregor.mutators.NonVoidMethodCallMutator,15335763,334,0,0,0,0,0,9,382
org.mudebug.prapr.mutators.DereferenceGuardMutator_1,15335774,6686,0,0,0,0,0,0,742
org.pitest.mutationtest.engine.gregor.mutators.ReturnValsMutator,15335776,359,0,0,1,1,1,3535,674
org.pitest.mutationtest.engine.gregor.mutators.NonVoidMethodCallMutator,15339313,5356,0,0,0,0,0,5,344
org.mudebug.prapr.mutators.MethCallResultGuard_2,15339320,5356,0,0,0,0,0,0,522
org.mudebug.prapr.mutators.FieldNameMutator_1,15339322,7058,0,0,1,1,1,5228,529
org.pitest.mutationtest.engine.gregor.mutators.ConstructorCallMutator,15344555,7058,0,0,1,1,1,5538,296
org.pitest.mutationtest.engine.gregor.mutators.VoidMethodCallMutator,15350095,7063,0,0,0,0,0,7,606
org.mudebug.prapr.mutators.MethodNameMutator_0,15350104,5187,0,0,0,0,0,0,239
org.mudebug.prapr.mutators.FieldNameMutator_5,15350106,7058,0,0,1,1,1,5538,399
org.mudebug.prapr.mutators.FieldAccessToMethodCallMutator_1,15355646,6651,0,0,1,1,1,4611,383
org.pitest.mutationtest.engine.gregor.mutators.InlineConstantMutator,15360259,5356,0,0,0,0,0,8,110
org.mudebug.prapr.mutators.RelationalOperatorReplacement_3,15360269,4411,0,0,0,0,0,216,479
org.mudebug.prapr.mutators.MethodNameMutator_4,15360487,7503,0,0,0,0,0,18,450
org.pitest.mutationtest.engine.gregor.mutators.NonVoidMethodCallMutator,15360507,5356,0,0,0,0,0,1,490
org.mudebug.prapr.mutators.ArgumentListMutator_2,15360510,7354,0,0,1,1,1,5543,100
org.mudebug.prapr.mutators.FieldAccessToMethodCallMutator_0,15366055,1101,0,0,1,1,1,4823,1019
org.mudebug.prapr.mutators.MethCallResultGuard_0,15370880,495,0,0,0,0,0,0,243
org.pitest.mutationtest.engine.gregor.mutators.NonVoidMethodCallMutator,15370882,1048,0,0,0,0,0,1772,348
org.pitest.mutationtest.engine.gregor.mutators.NegateConditionalsMutator,15372656,7250,0,0,0,0,0,73,659
org.mudebug.prapr.mutators.FieldNameMutator_3,15372731,1777,0,0,0,0,0,0,674
org.mudebug.prapr.mutators.DereferenceGuardMutator_0,15372733,1106,0,0,0,0,0,5,1199
org.mudebug.prapr.mutators.RelationalOperatorReplacement_0,15372740,5213,0,0,0,0,0,4,91
org.pitest.mutationtest.engine.gregor.mutators.RemoveConditionalMutator_EQUAL_IF,15372746,1562,0,0,0,0,0,4,213
org.mudebug.prapr.mutators.MethodNameMutator_1,15372752,370,0,0,0,0,0,0,816
org.mudebug.prapr.mutators.DereferenceGuardMutator_4,15372754,4257,0,0,0,0,0,0,409
org.mudebug.prapr.mutators.MethodNameMutator_2,15372756,7200,0,0,0,0,0,88,107
org.mudebug.prapr.mutators.RelationalOperatorReplacement_0,15372846,5356,0,0,0,0,0,63,490
org.pitest.mutationtest.engine.gregor.mutators.NonVoidMethodCallMutator,15372911,6706,0,0,0,1,1,14,929
org.mudebug.prapr.mutators.MethCallResultGuard_0,15372927,7764,0,0,0,0,0,0,462
org.mudebug.prapr.mutators.FieldAccessToMethodCallMutator_4,15372929,4159,0,0,0,0,0,5,103
org.pitest.mutationtest.engine.gregor.mutators.BooleanFalseReturnValsMutator,15372936,7220,0,0,0,0,0,259,177
org.mudebug.prapr.mutators.RelationalOperatorReplacement_3,15373197,7086,0,0,0,0,0,25,892
org.mudebug.prapr.mutators.ReturningDereferenceGuardMutator_4,15373224,6706,0,0,0,0,0,0,929
org.mudebug.prapr.mutators.FieldNameMutator_1,15373226,6678,0,0,0,0,0,0,606
org.mudebug.prapr.mutators.ArgumentListMutator_0,15373228,5209,0,0,0,0,0,5,288
org.mudebug.prapr.mutators.FieldNameMutator_4,15373235,7215,0,0,0,0,0,8,125
org.mudebug.prapr.mutators.LocalNameMutator_1,15373245,5356,0,0,0,0,0,1,106
org.pitest.mutationtest.engine.gregor.mutators.NonVoidMethodCallMutator,15373248,3592,0,0,0,0,0,24,1084
org.pitest.mutationtest.engine.gregor.mutators.RemoveConditionalMutator_EQUAL_ELSE,15373274,517,0,0,0,0,0,0,98
org.pitest.mutationtest.engine.gregor.mutators.experimental.RemoveSwitchMutator_52,15373276,5356,0,0,0,0,0,0,117
org.mudebug.prapr.mutators.ReturningDereferenceGuardMutator_0,15373278,7365,0,0,0,0,0,0,232
org.mudebug.prapr.mutators.MethCallResultGuard_1,15373280,7383,0,0,0,0,0,0,455
org.mudebug.prapr.mutators.NonVoidMethodCallGuardMutator_0,15373282,6689,0,0,0,0,0,0,781
org.pitest.mutationtest.engine.gregor.mutators.experimental.RemoveSwitchMutator_65,15373284,5356,0,0,0,0,0,0,117
org.mudebug.prapr.mutators.LocalNameMutator_0,15373286,6725,0,1,1,1,1,1,1367
org.mudebug.prapr.mutators.FieldNameMutator_2,15373288,5362,0,0,0,0,0,1,816
org.pitest.mutationtest.engine.gregor.mutators.RemoveConditionalMutator_EQUAL_ELSE,15373291,1106,0,0,0,0,0,7,1166
org.mudebug.prapr.mutators.MethodNameMutator_3,15373300,247,0,0,1,1,1,4269,240
org.mudebug.prapr.mutators.LocalToFieldAccessMutator_3,15377571,6713,0,0,0,1,1,105,1152
org.pitest.mutationtest.engine.gregor.mutators.NegateConditionalsMutator,15377681,7241,0,0,0,0,0,24,431
org.pitest.mutationtest.engine.gregor.mutators.NonVoidMethodCallMutator,15377707,6987,0,0,0,0,0,44,152
org.pitest.mutationtest.engine.gregor.mutators.ReturnValsMutator,15377753,3592,0,0,0,1,1,625,1084
org.mudebug.prapr.mutators.NonVoidMethodCallGuardMutator_0,15378382,7063,0,0,0,0,0,0,599
org.mudebug.prapr.mutators.DereferenceGuardMutator_1,15378384,6678,0,0,0,0,0,5,602
org.mudebug.prapr.mutators.FieldAccessToMethodCallMutator_3,15378391,6742,0,0,1,1,1,2939,1852
org.pitest.mutationtest.engine.gregor.mutators.experimental.MemberVariableMutator,15381332,1777,0,0,0,0,0,0,691
org.mudebug.prapr.mutators.RelationalOperatorReplacement_0,15381334,1560,0,0,0,0,0,196,189
org.pitest.mutationtest.engine.gregor.mutators.ArgumentPropagationMutator,15381532,5358,0,0,0,0,0,6,740
org.pitest.mutationtest.engine.gregor.mutators.experimental.RemoveSwitchMutator_44,15381540,5356,0,0,0,0,0,0,117
org.pitest.mutationtest.engine.gregor.mutators.VoidMethodCallMutator,15381542,7058,0,0,0,0,0,98,484
org.mudebug.prapr.mutators.ReturningDereferenceGuardMutator_1,15381642,1554,0,0,0,0,0,0,143
org.mudebug.prapr.mutators.ReturningDereferenceGuardMutator_3,15381644,544,0,0,0,0,0,0,119
org.mudebug.prapr.mutators.MethodNameMutator_2,15381646,5356,0,0,0,0,0,1,431
org.pitest.mutationtest.engine.gregor.mutators.NonVoidMethodCallMutator,15381649,7058,0,0,1,1,1,5538,435
org.mudebug.prapr.mutators.MethCallResultGuard_1,15387189,1246,0,0,0,0,0,0,818
org.mudebug.prapr.mutators.FieldNameMutator_4,15387191,5356,0,0,0,0,0,28,576
org.pitest.mutationtest.engine.gregor.mutators.InlineConstantMutator,15387221,1248,0,0,0,0,0,4,878
org.pitest.mutationtest.engine.gregor.mutators.experimental.RemoveSwitchMutator_18,15387227,495,0,0,0,0,0,28,119
org.mudebug.prapr.mutators.LocalNameMutator_2,15387257,7058,0,0,0,0,0,2251,322
org.pitest.mutationtest.engine.gregor.mutators.NonVoidMethodCallMutator,15389513,329,0,0,1,1,1,3596,295
org.mudebug.prapr.mutators.FieldToLocalAccessMutator_0,15393111,6742,0,0,0,0,0,151,1852
org.mudebug.prapr.mutators.ReturningDereferenceGuardMutator_3,15393264,6689,0,0,0,0,0,0,779
org.mudebug.prapr.mutators.MethCallResultGuard_2,15393266,7059,0,0,0,0,0,5,562
org.mudebug.prapr.mutators.LocalToFieldAccessMutator_1,15393273,6696,0,0,0,1,1,585,837
org.pitest.mutationtest.engine.gregor.mutators.RemoveConditionalMutator_EQUAL_IF,15393860,6689,0,0,0,1,1,2235,776
org.pitest.mutationtest.engine.gregor.mutators.NegateConditionalsMutator,15396097,6651,0,0,1,1,1,4611,377
org.pitest.mutationtest.engine.gregor.mutators.experimental.SwitchMutator,15400710,3587,0,0,0,0,0,845,1015
org.mudebug.prapr.mutators.FieldNameMutator_0,15401557,7215,0,0,0,0,0,779,132
org.mudebug.prapr.mutators.FieldToLocalAccessMutator_0,15402338,7189,0,0,0,0,0,683,487
org.mudebug.prapr.mutators.MethodNameMutator_1,15403023,7200,0,0,0,0,0,9,105
org.mudebug.prapr.mutators.VoidMethodCallGuardMutator,15403034,4413,0,0,0,0,0,0,525
org.pitest.mutationtest.engine.gregor.mutators.experimental.RemoveSwitchMutator_9,15403036,1231,0,0,0,0,0,4,59
org.mudebug.prapr.mutators.FieldToLocalAccessMutator_0,15403042,6683,0,0,1,1,1,908,683
org.mudebug.prapr.mutators.LocalNameMutator_1,15403952,3388,0,0,0,0,0,20,77
org.mudebug.prapr.mutators.LocalToFieldAccessMutator_2,15403974,6738,0,0,1,1,1,253,1794
org.mudebug.prapr.mutators.ReturningDereferenceGuardMutator_3,15404229,1053,0,0,0,0,0,0,433
org.mudebug.prapr.mutators.ArgumentListMutator_3,15404231,7215,0,0,0,0,0,5,130
org.pitest.mutationtest.engine.gregor.mutators.RemoveConditionalMutator_EQUAL_ELSE,15404238,6174,0,0,1,1,1,2763,548
org.pitest.mutationtest.engine.gregor.mutators.RemoveConditionalMutator_EQUAL_ELSE,15407003,7503,0,0,0,0,0,1036,444
org.pitest.mutationtest.engine.gregor.mutators.RemoveConditionalMutator_EQUAL_ELSE,15408041,7204,0,0,0,0,0,143,135
org.pitest.mutationtest.engine.gregor.mutators.NullReturnValsMutator,15408186,6662,0,0,1,1,1,2403,512
org.mudebug.prapr.mutators.FieldAccessToMethodCallMutator_0,15410591,1777,0,0,0,0,0,0,740
org.pitest.mutationtest.engine.gregor.mutators.NonVoidMethodCallMutator,15410593,7382,0,0,0,0,0,26,430
org.pitest.mutationtest.engine.gregor.mutators.BooleanTrueReturnValsMutator,15410621,1094,0,0,0,0,0,51,933
org.pitest.mutationtest.engine.gregor.mutators.ReturnValsMutator,15410674,3514,0,0,1,1,1,5204,973
org.mudebug.prapr.mutators.MethodNameMutator_0,15415880,1234,0,0,0,0,0,0,277
org.mudebug.prapr.mutators.DereferenceGuardMutator_3,15415882,5219,0,0,0,0,0,0,181
org.mudebug.prapr.mutators.DereferenceGuardMutator_0,15415884,1106,0,0,0,0,0,0,1106
org.mudebug.prapr.mutators.LocalToFieldAccessMutator_3,15415886,1044,0,0,1,1,1,4566,284
org.mudebug.prapr.mutators.LocalToFieldAccessMutator_0,15420454,6684,0,0,1,1,1,741,706
org.mudebug.prapr.mutators.MethodNameMutator_0,15421197,5356,0,0,1,1,1,1642,83
org.mudebug.prapr.mutators.LocalNameMutator_0,15422841,347,0,0,0,0,0,1,549
org.mudebug.prapr.mutators.ReturningDereferenceGuardMutator_0,15422844,1083,0,0,0,0,0,0,844
org.pitest.mutationtest.engine.gregor.mutators.InlineConstantMutator,15422846,5356,0,0,0,0,0,0,88
org.mudebug.prapr.mutators.FieldAccessToMethodCallMutator_4,15422848,6744,0,0,1,1,1,894,1894
org.mudebug.prapr.mutators.LocalToFieldAccessMutator_0,15423744,6683,0,0,1,1,1,2721,681
org.mudebug.prapr.mutators.ArgumentListMutator_4,15426467,7058,0,0,0,0,0,0,425
org.pitest.mutationtest.engine.gregor.mutators.RemoveConditionalMutator_EQUAL_ELSE,15426472,6987,0,0,0,0,0,44,154
org.mudebug.prapr.mutators.MethCallResultGuard_0,15426518,6974,0,0,0,0,0,0,76
org.mudebug.prapr.mutators.MethCallResultGuard_2,15426523,1042,0,0,0,0,0,0,231
org.mudebug.prapr.mutators.LocalNameMutator_0,15426525,4411,0,0,1,1,1,4133,471
org.mudebug.prapr.mutators.FieldToLocalAccessMutator_0,15430660,543,0,0,1,1,1,5365,104
org.mudebug.prapr.mutators.ReturningDereferenceGuardMutator_4,15436027,1788,0,0,0,0,0,0,856
org.mudebug.prapr.mutators.MethodNameMutator_5,15436029,5356,0,0,1,1,1,2422,350
org.mudebug.prapr.mutators.MethodNameMutator_1,15438453,7058,0,0,1,1,1,5538,367
org.mudebug.prapr.mutators.DereferenceGuardMutator_3,15443993,6743,0,0,0,0,0,0,1873
org.mudebug.prapr.mutators.LocalToFieldAccessMutator_3,15443995,6699,0,0,1,1,1,5418,863
org.mudebug.prapr.mutators.DereferenceGuardMutator_3,15449415,7080,0,0,0,0,0,0,809
org.mudebug.prapr.mutators.ArgumentListMutator_4,15449417,7215,0,0,0,0,0,0,130
org.mudebug.prapr.mutators.DereferenceGuardMutator_3,15449419,7302,0,0,0,0,0,0,117
org.mudebug.prapr.mutators.ReturningDereferenceGuardMutator_2,15449421,1554,0,0,0,0,0,0,143
org.pitest.mutationtest.engine.gregor.mutators.NonVoidMethodCallMutator,15449423,4411,0,0,1,1,1,4269,472
org.mudebug.prapr.mutators.FieldAccessToMethodCallMutator_2,15453694,6651,0,0,1,1,1,4611,381
org.mudebug.prapr.mutators.MethCallResultGuard_2,15458307,6728,0,0,0,0,0,5,1407
org.mudebug.prapr.mutators.MethCallResultGuard_2,15458314,1049,0,0,0,0,0,0,368
org.pitest.mutationtest.engine.gregor.mutators.NonVoidMethodCallMutator,15458316,7304,0,0,1,1,1,5538,189
org.mudebug.prapr.mutators.ReturningDereferenceGuardMutator_1,15463856,7302,0,0,0,0,0,0,143
org.mudebug.prapr.mutators.FieldAccessToMethodCallMutator_0,15463858,6668,0,0,1,1,1,5636,536
org.mudebug.prapr.mutators.RelationalOperatorReplacement_2,15469496,7501,0,0,0,0,0,1852,424
org.pitest.mutationtest.engine.gregor.mutators.experimental.MemberVariableMutator,15471350,1777,0,0,0,0,0,35,660
org.pitest.mutationtest.engine.gregor.mutators.InlineConstantMutator,15471387,1106,0,0,0,0,0,0,1096
org.pitest.mutationtest.engine.gregor.mutators.VoidMethodCallMutator,15471389,1106,0,1,1,1,1,906,1196
org.mudebug.prapr.mutators.ReturningDereferenceGuardMutator_4,15472296,7505,0,0,0,0,0,0,467
org.mudebug.prapr.mutators.DereferenceGuardMutator_4,15472298,6728,0,0,0,0,0,0,1407
org.pitest.mutationtest.engine.gregor.mutators.VoidMethodCallMutator,15472300,5356,0,0,0,0,0,0,428
org.mudebug.prapr.mutators.LocalNameMutator_1,15472302,1234,0,0,1,1,1,3,313
org.mudebug.prapr.mutators.FieldAccessToMethodCallMutator_0,15472307,6732,0,0,0,0,0,0,1618
org.mudebug.prapr.mutators.DereferenceGuardMutator_0,15472309,1101,0,0,0,0,0,0,1020
org.mudebug.prapr.mutators.LocalToFieldAccessMutator_2,15472311,6684,0,0,0,1,1,271,701
org.mudebug.prapr.mutators.ArgumentListMutator_2,15472584,6710,0,0,0,1,1,8,1066
org.mudebug.prapr.mutators.MethCallResultGuard_1,15472594,7304,0,0,0,0,0,0,189
org.mudebug.prapr.mutators.FieldNameMutator_2,15472596,7059,0,0,0,0,0,34,564
org.pitest.mutationtest.engine.gregor.mutators.NonVoidMethodCallMutator,15472632,6706,0,0,0,1,1,2,976
org.pitest.mutationtest.engine.gregor.mutators.experimental.MemberVariableMutator,15472636,1777,0,0,0,0,0,0,673
org.mudebug.prapr.mutators.ReturningDereferenceGuardMutator_0,15472638,1554,0,0,0,0,0,0,143
org.mudebug.prapr.mutators.FieldNameMutator_4,15472640,7058,0,0,1,1,1,5538,281
org.mudebug.prapr.mutators.MethodNameMutator_3,15478180,1046,0,0,1,1,1,4549,331
org.pitest.mutationtest.engine.gregor.mutators.MathMutator,15482731,6713,0,0,0,0,0,80,1149
org.mudebug.prapr.mutators.LocalNameMutator_0,15482813,6728,0,0,0,0,0,23,1407
org.mudebug.prapr.mutators.VoidMethodCallGuardMutator,15482838,1106,0,0,0,0,0,0,1102
org.mudebug.prapr.mutators.ArgumentListMutator_0,15482840,6704,0,0,1,1,1,49,908
org.pitest.mutationtest.engine.gregor.mutators.PrimitiveReturnsMutator,15482891,5375,0,0,0,1,1,39,1040
org.mudebug.prapr.mutators.RelationalOperatorReplacement_2,15482932,5358,0,0,1,1,1,364,718
org.mudebug.prapr.mutators.RelationalOperatorReplacement_3,15483298,7108,0,0,0,0,0,49,1155
org.mudebug.prapr.mutators.LocalToFieldAccessMutator_0,15483349,1046,0,0,1,1,1,4559,328
org.pitest.mutationtest.engine.gregor.mutators.experimental.RemoveSwitchMutator_22,15487910,3584,0,0,0,0,0,48,901
org.pitest.mutationtest.engine.gregor.mutators.NullReturnValsMutator,15487960,1245,0,0,0,0,0,2,749
org.pitest.mutationtest.engine.gregor.mutators.RemoveConditionalMutator_EQUAL_IF,15487964,2967,0,0,0,0,0,13,606
org.mudebug.prapr.mutators.RelationalOperatorReplacement_0,15487979,517,0,0,0,0,0,5,98
org.mudebug.prapr.mutators.FieldAccessToMethodCallMutator_0,15487986,7355,0,0,0,0,0,75,112
org.pitest.mutationtest.engine.gregor.mutators.RemoveConditionalMutator_EQUAL_IF,15488063,6652,0,0,0,0,0,0,389
org.mudebug.prapr.mutators.LocalNameMutator_1,15488065,347,0,0,0,0,0,2267,544
org.pitest.mutationtest.engine.gregor.mutators.RemoveConditionalMutator_EQUAL_ELSE,15490334,1083,0,0,0,0,0,0,844
org.mudebug.prapr.mutators.LocalToFieldAccessMutator_2,15490336,6709,0,0,0,1,1,16,1057
org.mudebug.prapr.mutators.DereferenceGuardMutator_0,15490354,6176,0,0,0,0,0,0,566
org.mudebug.prapr.mutators.RelationalOperatorReplacement_0,15490356,5356,0,0,0,0,0,0,103
org.mudebug.prapr.mutators.ArgumentListMutator_1,15490358,5191,0,0,1,1,1,5159,78
org.mudebug.prapr.mutators.LocalToFieldAccessMutator_0,15495519,7116,0,0,0,0,0,2,1257
org.mudebug.prapr.mutators.LocalNameMutator_0,15495523,6683,0,0,0,0,0,44,686
org.mudebug.prapr.mutators.FieldAccessToMethodCallMutator_1,15495569,6652,0,0,1,1,1,4748,389
org.mudebug.prapr.mutators.LocalNameMutator_2,15500319,6743,0,0,0,0,0,750,1871
org.mudebug.prapr.mutators.ReturningDereferenceGuardMutator_1,15501077,6728,0,0,0,0,0,0,1420
org.mudebug.prapr.mutators.ArgumentListMutator_0,15501079,1777,0,0,1,1,1,5292,83
org.pitest.mutationtest.engine.gregor.mutators.RemoveConditionalMutator_EQUAL_IF,15506373,6697,0,0,1,1,1,49,844
org.mudebug.prapr.mutators.RelationalOperatorReplacement_1,15506424,7302,0,0,0,0,0,0,102
org.pitest.mutationtest.engine.gregor.mutators.VoidMethodCallMutator,15506430,7058,0,0,0,0,0,0,266
org.pitest.mutationtest.engine.gregor.mutators.InlineConstantMutator,15506441,159,0,0,0,0,0,0,649
org.mudebug.prapr.mutators.ArgumentListMutator_4,15506443,7059,0,0,1,1,1,5538,561
org.mudebug.prapr.mutators.RelationalOperatorReplacement_3,15511985,6388,0,0,0,1,1,1310,265
org.pitest.mutationtest.engine.gregor.mutators.experimental.RemoveSwitchMutator_77,15513297,3636,0,0,0,0,0,1247,1649
org.pitest.mutationtest.engine.gregor.mutators.InlineConstantMutator,15514546,7479,0,0,1,1,1,5538,82
org.mudebug.prapr.mutators.ArithmeticOperatorReplacement_8,15520086,5219,0,0,0,0,0,175,181
org.mudebug.prapr.mutators.FieldAccessToMethodCallMutator_1,15520263,6683,0,0,1,1,1,2677,685
org.mudebug.prapr.mutators.LocalToFieldAccessMutator_1,15522942,6688,0,0,1,1,1,5993,764
org.pitest.mutationtest.engine.gregor.mutators.ReturnValsMutator,15528937,4643,0,1,1,1,1,2319,257
org.mudebug.prapr.mutators.MethodNameMutator_4,15531257,5356,0,0,0,1,1,2568,344
org.mudebug.prapr.mutators.FieldAccessToMethodCallMutator_0,15533827,1777,0,0,0,0,0,41,716
org.mudebug.prapr.mutators.NonVoidMethodCallGuardMutator_0,15533870,3563,0,0,0,0,0,0,307
org.mudebug.prapr.mutators.LocalNameMutator_0,15533872,6652,0,0,0,1,1,1741,405
org.mudebug.prapr.mutators.ArgumentListMutator_0,15535615,7059,0,0,1,1,1,5538,562
org.pitest.mutationtest.engine.gregor.mutators.NonVoidMethodCallMutator,15541155,7355,0,0,0,0,0,1980,116
org.mudebug.prapr.mutators.FieldAccessToMethodCallMutator_0,15543137,1777,0,0,0,0,0,0,82
org.mudebug.prapr.mutators.LocalNameMutator_0,15543139,5356,0,0,1,1,1,1074,428
org.mudebug.prapr.mutators.FieldNameMutator_5,15544215,1777,0,0,0,0,0,0,670
org.mudebug.prapr.mutators.LocalNameMutator_1,15544217,6652,0,0,0,1,1,1840,405
org.mudebug.prapr.mutators.MethodNameMutator_1,15546059,1245,0,0,1,1,1,19,713
org.pitest.mutationtest.engine.gregor.mutators.BooleanTrueReturnValsMutator,15546080,6388,0,0,0,1,1,27,265
org.pitest.mutationtest.engine.gregor.mutators.RemoveConditionalMutator_EQUAL_IF,15546109,7108,0,0,0,0,0,10,1155
org.mudebug.prapr.mutators.MethodNameMutator_2,15546121,1245,0,0,1,1,1,12,718
org.pitest.mutationtest.engine.gregor.mutators.InlineConstantMutator,15546135,7058,0,0,1,1,1,5538,476
org.pitest.mutationtest.engine.gregor.mutators.NegateConditionalsMutator,15551681,7302,0,0,0,0,0,1979,117
org.mudebug.prapr.mutators.FieldNameMutator_1,15553662,7215,0,0,0,0,0,8,125
org.mudebug.prapr.mutators.RelationalOperatorReplacement_1,15553672,1562,0,0,0,0,0,27,209
org.mudebug.prapr.mutators.LocalToFieldAccessMutator_0,15553701,4410,0,0,1,1,1,5216,457
org.pitest.mutationtest.engine.gregor.mutators.experimental.MemberVariableMutator,15558919,5212,0,0,0,0,0,0,53
org.mudebug.prapr.mutators.MethCallResultGuard_2,15558924,7058,0,0,0,0,0,0,307
org.mudebug.prapr.mutators.FieldNameMutator_2,15558926,1777,0,0,0,0,0,0,634
org.mudebug.prapr.mutators.MethCallResultGuard_2,15558928,3558,0,0,0,0,0,0,122
org.mudebug.prapr.mutators.FieldNameMutator_2,15558930,6671,0,0,1,1,1,5485,548
org.pitest.mutationtest.engine.gregor.mutators.RemoveConditionalMutator_EQUAL_IF,15564417,5356,0,0,1,1,1,2566,344
org.mudebug.prapr.mutators.ArgumentListMutator_0,15566985,5212,0,0,0,0,0,0,64
org.mudebug.prapr.mutators.ArgumentListMutator_1,15566987,6651,0,0,0,0,0,0,377
org.mudebug.prapr.mutators.LocalNameMutator_2,15566989,7058,0,0,0,0,0,28,458
org.pitest.mutationtest.engine.gregor.mutators.EmptyObjectReturnValsMutator,15567022,6415,0,0,0,1,1,0,377
org.pitest.mutationtest.engine.gregor.mutators.BooleanFalseReturnValsMutator,15567024,3447,0,0,0,0,0,0,1076
org.mudebug.prapr.mutators.MethCallResultGuard_0,15567026,1049,0,0,0,0,0,0,368
org.mudebug.prapr.mutators.FieldNameMutator_0,15567028,1777,0,0,0,0,0,1,637
org.mudebug.prapr.mutators.ArgumentListMutator_5,15567031,7215,0,0,1,1,1,5538,108
org.mudebug.prapr.mutators.MethodNameMutator_2,15572571,1046,0,0,0,0,0,33,329
org.mudebug.prapr.mutators.ArgumentListMutator_5,15572606,7058,0,0,1,1,1,5538,522
org.pitest.mutationtest.engine.gregor.mutators.PrimitiveReturnsMutator,15578146,6713,0,0,0,1,1,109,1152
org.pitest.mutationtest.engine.gregor.mutators.RemoveConditionalMutator_EQUAL_IF,15578257,3675,0,0,0,0,0,0,2356
org.mudebug.prapr.mutators.FieldNameMutator_1,15578259,7058,0,0,1,1,1,5226,338
org.mudebug.prapr.mutators.ArgumentListMutator_5,15583487,6652,0,0,0,0,0,0,395
org.mudebug.prapr.mutators.RelationalOperatorReplacement_1,15583489,7108,0,0,0,0,0,49,1155
org.pitest.mutationtest.engine.gregor.mutators.experimental.RemoveSwitchMutator_30,15583540,3584,0,0,0,0,0,5,901
org.pitest.mutationtest.engine.gregor.mutators.experimental.RemoveSwitchMutator_28,15583547,3636,0,0,0,0,0,0,1649
org.pitest.mutationtest.engine.gregor.mutators.RemoveConditionalMutator_EQUAL_ELSE,15583549,1082,0,0,0,0,0,0,836
org.mudebug.prapr.mutators.LocalToFieldAccessMutator_0,15583551,4410,0,0,0,0,0,2514,464
org.mudebug.prapr.mutators.DereferenceGuardMutator_0,15586067,1106,0,0,0,0,0,0,1135
org.pitest.mutationtest.engine.gregor.mutators.RemoveConditionalMutator_EQUAL_IF,15586069,6728,0,0,0,0,0,28,1407
org.pitest.mutationtest.engine.gregor.mutators.VoidMethodCallMutator,15586099,4665,0,0,0,0,0,5,54
org.pitest.mutationtest.engine.gregor.mutators.RemoveConditionalMutator_EQUAL_IF,15586106,6744,0,0,0,0,0,0,1892
org.mudebug.prapr.mutators.LocalToFieldAccessMutator_2,15586108,6696,0,0,0,1,1,44,837
org.pitest.mutationtest.engine.gregor.mutators.NonVoidMethodCallMutator,15586154,7204,0,0,0,0,0,12,135
org.pitest.mutationtest.engine.gregor.mutators.RemoveConditionalMutator_EQUAL_IF,15586168,5356,0,0,0,1,1,39,526
org.mudebug.prapr.mutators.LocalToFieldAccessMutator_0,15586209,1246,0,0,0,1,1,17,818
org.pitest.mutationtest.engine.gregor.mutators.experimental.MemberVariableMutator,15586228,7058,0,0,0,0,0,9,429
org.pitest.mutationtest.engine.gregor.mutators.experimental.RemoveSwitchMutator_4,15586239,555,0,0,0,0,0,0,872
org.mudebug.prapr.mutators.NonVoidMethodCallGuardMutator_0,15586241,241,0,0,0,0,0,0,142
org.pitest.mutationtest.engine.gregor.mutators.ConstructorCallMutator,15586243,7116,0,0,0,0,0,2260,1257
org.mudebug.prapr.mutators.FieldToLocalAccessMutator_0,15588505,4256,0,0,0,0,0,0,386
org.mudebug.prapr.mutators.RelationalOperatorReplacement_0,15588507,1562,0,0,0,0,0,1,228
org.mudebug.prapr.mutators.FieldNameMutator_1,15588510,7058,0,0,1,1,1,5226,417
org.mudebug.prapr.mutators.RelationalOperatorReplacement_0,15593738,1143,0,0,0,0,0,8,1727
org.mudebug.prapr.mutators.LocalToFieldAccessMutator_3,15593748,6706,0,0,0,1,1,0,974
org.mudebug.prapr.mutators.ReturningDereferenceGuardMutator_1,15593750,1053,0,0,0,0,0,0,433
org.mudebug.prapr.mutators.MethodNameMutator_6,15593752,6743,0,0,0,1,1,2913,1866
org.mudebug.prapr.mutators.DereferenceGuardMutator_0,15596667,553,0,0,0,0,0,0,262
org.mudebug.prapr.mutators.MethCallResultGuard_2,15596669,495,0,0,0,0,0,0,229
org.pitest.mutationtest.engine.gregor.mutators.experimental.NakedReceiverMutator,15596671,1119,0,0,0,0,0,5,1434
org.mudebug.prapr.mutators.ArgumentListMutator_5,15596678,2458,0,0,0,0,0,25,52
org.mudebug.prapr.mutators.FieldNameMutator_1,15596705,1777,0,0,0,0,0,0,675
org.pitest.mutationtest.engine.gregor.mutators.NonVoidMethodCallMutator,15596707,7241,0,0,0,0,0,6,435
org.pitest.mutationtest.engine.gregor.mutators.BooleanFalseReturnValsMutator,15596715,4666,0,0,0,0,0,0,63
org.mudebug.prapr.mutators.RelationalOperatorReplacement_0,15596717,5356,0,0,0,1,1,53,490
org.mudebug.prapr.mutators.FieldNameMutator_0,15596772,7209,0,0,0,0,0,26,51
org.pitest.mutationtest.engine.gregor.mutators.NonVoidMethodCallMutator,15596800,7233,0,0,0,0,0,0,291
org.pitest.mutationtest.engine.gregor.mutators.NegateConditionalsMutator,15596802,504,0,0,1,1,1,5753,81
org.pitest.mutationtest.engine.gregor.mutators.NonVoidMethodCallMutator,15602557,7058,0,0,0,0,0,0,432
org.mudebug.prapr.mutators.LocalToFieldAccessMutator_2,15602559,6712,0,0,0,1,1,2701,1137
org.mudebug.prapr.mutators.LocalToFieldAccessMutator_0,15605262,6709,0,0,1,1,1,44,1057
org.mudebug.prapr.mutators.MethodNameMutator_8,15605308,7257,0,0,1,1,1,5538,810
org.mudebug.prapr.mutators.LocalNameMutator_0,15610848,3417,0,0,0,1,1,4448,88
org.mudebug.prapr.mutators.FieldNameMutator_2,15615298,1777,0,0,0,0,0,5,652
org.mudebug.prapr.mutators.MethCallResultGuard_1,15615305,1245,0,0,0,0,0,0,714
org.mudebug.prapr.mutators.RelationalOperatorReplacement_3,15615307,551,0,0,0,0,0,12,212
org.mudebug.prapr.mutators.DereferenceGuardMutator_4,15615321,553,0,0,0,0,0,0,262
org.pitest.mutationtest.engine.gregor.mutators.NonVoidMethodCallMutator,15615337,546,0,0,0,0,0,7,148
org.pitest.mutationtest.engine.gregor.mutators.experimental.RemoveSwitchMutator_54,15615346,495,0,0,0,0,0,0,119
org.mudebug.prapr.mutators.RelationalOperatorReplacement_3,15615348,1248,0,0,0,0,0,4,878
org.pitest.mutationtest.engine.gregor.mutators.RemoveConditionalMutator_EQUAL_IF,15615354,6706,0,0,0,0,0,6,1029
org.mudebug.prapr.mutators.VoidMethodCallGuardMutator,15615370,7059,0,0,0,0,0,0,563
org.mudebug.prapr.mutators.FieldAccessToMethodCallMutator_1,15615372,1777,0,0,0,0,0,0,751
org.mudebug.prapr.mutators.LocalToFieldAccessMutator_3,15615374,6706,0,0,1,1,1,44,964
org.mudebug.prapr.mutators.LocalToFieldAccessMutator_2,15615420,6678,0,0,1,1,1,4751,604
org.mudebug.prapr.mutators.MethCallResultGuard_2,15620173,5356,0,0,0,0,0,0,344
org.mudebug.prapr.mutators.ReturningDereferenceGuardMutator_1,15620175,1106,0,0,0,0,0,0,1196
org.mudebug.prapr.mutators.DereferenceGuardMutator_3,15620177,5214,0,0,0,0,0,5,112
org.mudebug.prapr.mutators.LocalToFieldAccessMutator_3,15620184,6721,0,0,0,1,1,586,1331
org.mudebug.prapr.mutators.FieldNameMutator_0,15620772,4413,0,0,1,1,1,5220,525
org.mudebug.prapr.mutators.LocalToFieldAccessMutator_0,15625994,3417,0,0,0,0,0,0,105
org.mudebug.prapr.mutators.FieldAccessToMethodCallMutator_3,15625996,6706,0,0,0,1,1,14,929
org.mudebug.prapr.mutators.MethodNameMutator_0,15626012,5213,0,0,0,0,0,0,91
org.mudebug.prapr.mutators.MethodNameMutator_1,15626014,6987,0,0,0,0,0,5,155
org.mudebug.prapr.mutators.FieldToLocalAccessMutator_0,15626021,1106,0,0,0,0,0,194,1102
org.mudebug.prapr.mutators.LocalNameMutator_2,15626217,4410,0,0,1,1,1,5211,457
org.pitest.mutationtest.engine.gregor.mutators.experimental.MemberVariableMutator,15631430,7052,0,0,1,1,1,5538,116
org.mudebug.prapr.mutators.ReturningDereferenceGuardMutator_0,15636970,3243,0,0,0,0,0,5,73
org.mudebug.prapr.mutators.DereferenceGuardMutator_1,15636977,6652,0,0,0,0,0,0,389
org.mudebug.prapr.mutators.RelationalOperatorReplacement_0,15636979,7505,0,0,1,1,1,5538,467
org.pitest.mutationtest.engine.gregor.mutators.RemoveConditionalMutator_EQUAL_IF,15642519,7250,0,0,0,0,0,68,655
org.mudebug.prapr.mutators.RelationalOperatorReplacement_0,15642589,1053,0,0,0,0,0,0,441
org.mudebug.prapr.mutators.MethodNameMutator_4,15642591,7382,0,0,0,0,0,1753,442
org.mudebug.prapr.mutators.FieldNameMutator_1,15644346,1777,0,0,0,0,0,0,716
org.mudebug.prapr.mutators.FieldNameMutator_4,15644348,7058,0,0,0,0,0,2282,514
org.mudebug.prapr.mutators.ArgumentListMutator_4,15646632,7058,0,0,1,1,1,5538,494
org.mudebug.prapr.mutators.ReturningDereferenceGuardMutator_0,15652172,546,0,0,0,0,0,0,148
org.mudebug.prapr.mutators.LocalToFieldAccessMutator_0,15652174,7202,0,0,0,0,0,164,126
org.pitest.mutationtest.engine.gregor.mutators.EmptyObjectReturnValsMutator,15652340,7788,0,0,0,1,1,4858,298
org.pitest.mutationtest.engine.gregor.mutators.ArgumentPropagationMutator,15657200,5358,0,0,0,1,1,12,725
org.mudebug.prapr.mutators.RelationalOperatorReplacement_0,15657214,7379,0,0,0,0,0,6,390
org.mudebug.prapr.mutators.FieldAccessToMethodCallMutator_4,15657222,6743,0,0,1,1,1,2692,1876
org.mudebug.prapr.mutators.FieldToLocalAccessMutator_0,15659916,7215,0,0,1,1,1,5538,141
org.mudebug.prapr.mutators.LocalNameMutator_0,15665456,7382,0,0,0,0,0,198,448
org.pitest.mutationtest.engine.gregor.mutators.experimental.RemoveSwitchMutator_94,15665656,495,0,0,0,0,0,8,119
org.pitest.mutationtest.engine.gregor.mutators.experimental.MemberVariableMutator,15665666,1777,0,0,0,0,0,24,744
org.mudebug.prapr.mutators.NonVoidMethodCallGuardMutator_0,15665692,7059,0,0,0,0,0,0,556
org.mudebug.prapr.mutators.MethodNameMutator_4,15665694,7382,0,0,0,0,0,26,431
org.mudebug.prapr.mutators.FieldToLocalAccessMutator_2,15665722,6684,0,0,1,1,1,1029,695
org.mudebug.prapr.mutators.ReturningDereferenceGuardMutator_4,15666753,562,0,0,0,0,0,0,1210
org.mudebug.prapr.mutators.DereferenceGuardMutator_2,15666755,6652,0,0,0,0,0,0,389
org.mudebug.prapr.mutators.RelationalOperatorReplacement_1,15666757,7382,0,0,0,0,0,0,442
org.mudebug.prapr.mutators.FieldAccessToMethodCallMutator_4,15666759,6742,0,0,1,1,1,2939,1853
org.mudebug.prapr.mutators.FieldNameMutator_4,15669700,5356,0,0,0,0,0,0,522
org.mudebug.prapr.mutators.MethodNameMutator_6,15669702,517,0,0,0,0,0,1640,95
org.mudebug.prapr.mutators.FieldAccessToMethodCallMutator_0,15671344,7385,0,0,0,0,0,69,501
org.mudebug.prapr.mutators.MethCallResultGuard_2,15671415,6725,0,0,0,0,0,0,1369
org.mudebug.prapr.mutators.NonVoidMethodCallGuardMutator_0,15671417,7112,0,0,0,0,0,5,1216
org.mudebug.prapr.mutators.ArgumentListMutator_4,15671424,7263,0,0,1,1,1,5538,851
org.mudebug.prapr.mutators.RelationalOperatorReplacement_0,15676964,5356,0,0,0,0,0,2,490
org.mudebug.prapr.mutators.ReturningDereferenceGuardMutator_1,15676968,6723,0,0,0,0,0,0,1346
org.mudebug.prapr.mutators.NonVoidMethodCallGuardMutator_0,15676970,2967,0,0,0,0,0,0,612
org.mudebug.prapr.mutators.ReturningDereferenceGuardMutator_2,15676975,4260,0,0,0,0,0,0,453
org.mudebug.prapr.mutators.DereferenceGuardMutator_3,15676977,6728,0,0,0,0,0,0,1418
org.mudebug.prapr.mutators.MethodNameMutator_0,15676979,7382,0,0,0,0,0,127,442
org.mudebug.prapr.mutators.NonVoidMethodCallGuardMutator_0,15677108,5356,0,0,0,0,0,0,215
org.mudebug.prapr.mutators.LocalToFieldAccessMutator_1,15677110,6690,0,0,0,1,1,2579,792
org.pitest.mutationtest.engine.gregor.mutators.experimental.RemoveSwitchMutator_31,15679691,495,0,0,0,0,0,0,119
org.mudebug.prapr.mutators.DereferenceGuardMutator_3,15679693,1094,0,0,0,0,0,0,933
org.mudebug.prapr.mutators.VoidMethodCallGuardMutator,15679695,1043,0,0,0,0,0,5,270
org.mudebug.prapr.mutators.ReturningDereferenceGuardMutator_0,15679702,7305,0,0,0,0,0,0,208
org.mudebug.prapr.mutators.MethCallResultGuard_1,15679704,1041,0,0,0,0,0,0,220
org.pitest.mutationtest.engine.gregor.mutators.BooleanFalseReturnValsMutator,15679706,6732,0,0,0,1,1,2810,1631
org.mudebug.prapr.mutators.RelationalOperatorReplacement_2,15682518,7302,0,0,0,0,0,1913,137
org.mudebug.prapr.mutators.NonVoidMethodCallGuardMutator_0,15684433,3664,0,0,0,0,0,0,2185
org.mudebug.prapr.mutators.MethodNameMutator_4,15684435,7204,0,0,0,0,0,143,135
org.pitest.mutationtest.engine.gregor.mutators.experimental.RemoveSwitchMutator_33,15684580,6415,0,0,0,0,0,0,273
org.mudebug.prapr.mutators.LocalToFieldAccessMutator_0,15684582,6704,0,0,1,1,1,49,908
org.mudebug.prapr.mutators.FieldAccessToMethodCallMutator_3,15684633,1777,0,0,0,0,0,0,750
org.mudebug.prapr.mutators.DereferenceGuardMutator_0,15684635,369,0,0,0,0,0,5,807
org.pitest.mutationtest.engine.gregor.mutators.experimental.RemoveSwitchMutator_34,15684642,3584,0,0,1,1,1,2599,901
org.pitest.mutationtest.engine.gregor.mutators.NegateConditionalsMutator,15687243,6988,0,0,0,0,0,4,167
org.pitest.mutationtest.engine.gregor.mutators.NonVoidMethodCallMutator,15687249,6710,0,0,0,1,1,8,1066
org.mudebug.prapr.mutators.DereferenceGuardMutator_4,15687259,4169,0,0,0,0,0,0,193
org.pitest.mutationtest.engine.gregor.mutators.experimental.MemberVariableMutator,15687261,1777,0,0,0,0,0,0,87
org.pitest.mutationtest.engine.gregor.mutators.NegateConditionalsMutator,15687263,5376,0,0,1,1,1,253,1045
org.mudebug.prapr.mutators.MethodNameMutator_3,15687518,5213,0,0,0,0,0,25,91
org.mudebug.prapr.mutators.FieldNameMutator_4,15687545,7059,0,0,0,0,0,1748,561
org.mudebug.prapr.mutators.MethCallResultGuard_0,15689295,1313,0,0,0,0,0,0,86
org.mudebug.prapr.mutators.MethodNameMutator_4,15689300,4411,0,0,1,1,1,4269,500
org.mudebug.prapr.mutators.ArgumentListMutator_2,15693571,1038,0,0,1,1,1,5303,137
org.mudebug.prapr.mutators.MethCallResultGuard_1,15698876,550,0,0,0,0,0,0,193
org.pitest.mutationtest.engine.gregor.mutators.VoidMethodCallMutator,15698878,3412,0,0,1,1,1,5201,50
org.mudebug.prapr.mutators.MethodNameMutator_7,15704081,5356,0,0,0,0,0,1,215
org.mudebug.prapr.mutators.ArgumentListMutator_0,15704084,7059,0,0,0,0,0,1,563
org.mudebug.prapr.mutators.FieldNameMutator_0,15704087,7058,0,0,1,1,1,5538,341
org.pitest.mutationtest.engine.gregor.mutators.ReturnValsMutator,15709627,1134,0,0,0,0,0,33,1638
org.mudebug.prapr.mutators.FieldNameMutator_5,15709662,7059,0,0,0,0,0,7,554
org.mudebug.prapr.mutators.MethodNameMutator_0,15709671,247,0,0,0,0,0,0,247
org.mudebug.prapr.mutators.MethCallResultGuard_2,15709673,6725,0,0,0,0,0,0,1369
org.mudebug.prapr.mutators.LocalToFieldAccessMutator_2,15709675,6695,0,0,0,1,1,504,831
org.pitest.mutationtest.engine.gregor.mutators.experimental.MemberVariableMutator,15710181,7263,0,0,1,1,1,5538,851
org.pitest.mutationtest.engine.gregor.mutators.EmptyObjectReturnValsMutator,15715721,4627,0,1,1,1,1,2389,94
org.pitest.mutationtest.engine.gregor.mutators.RemoveConditionalMutator_EQUAL_IF,15718114,6728,0,0,1,1,1,2809,1419
org.mudebug.prapr.mutators.MethodNameMutator_9,15720925,7250,0,0,0,0,0,19,663
org.pitest.mutationtest.engine.gregor.mutators.NonVoidMethodCallMutator,15720946,1313,0,0,1,1,1,59,84
org.mudebug.prapr.mutators.ReturningDereferenceGuardMutator_2,15721007,1053,0,0,0,0,0,0,442
org.mudebug.prapr.mutators.DereferenceGuardMutator_0,15721009,7627,0,0,0,0,0,0,159
org.mudebug.prapr.mutators.MethodNameMutator_1,15721011,7058,0,0,1,1,1,5538,377
org.mudebug.prapr.mutators.ReturningDereferenceGuardMutator_2,15726551,3417,0,0,0,0,0,0,105
org.mudebug.prapr.mutators.MethodNameMutator_5,15726553,1311,0,0,0,1,1,142,63
org.pitest.mutationtest.engine.gregor.mutators.experimental.RemoveSwitchMutator_95,15726697,555,0,0,0,0,0,2,872
org.mudebug.prapr.mutators.LocalToFieldAccessMutator_2,15726701,6706,0,0,1,1,1,49,932
org.mudebug.prapr.mutators.RelationalOperatorReplacement_1,15726752,7247,0,0,0,0,0,0,597
org.mudebug.prapr.mutators.ArgumentListMutator_0,15726754,1830,0,0,1,1,1,5209,55
org.mudebug.prapr.mutators.MethodNameMutator_2,15731965,547,0,0,0,0,0,0,167
org.mudebug.prapr.mutators.MethodNameMutator_2,15731967,517,0,0,0,0,0,4,97
org.mudebug.prapr.mutators.VoidMethodCallGuardMutator,15731973,1246,0,0,0,0,0,0,820
org.mudebug.prapr.mutators.DereferenceGuardMutator_4,15731978,4415,0,0,0,0,0,0,551
org.mudebug.prapr.mutators.MethodNameMutator_1,15731980,1053,0,0,0,0,0,2145,440
org.mudebug.prapr.mutators.LocalToFieldAccessMutator_3,15734127,6696,0,0,1,1,1,5376,837
org.mudebug.prapr.mutators.FieldToLocalAccessMutator_1,15739505,6684,0,0,0,0,0,133,714
org.mudebug.prapr.mutators.VoidMethodCallGuardMutator,15739640,1553,0,0,0,0,0,0,135
org.mudebug.prapr.mutators.MethodNameMutator_3,15739642,5358,0,0,1,1,1,364,718
org.mudebug.prapr.mutators.LocalNameMutator_0,15740008,6407,0,0,0,1,1,0,2237
org.mudebug.prapr.mutators.FieldAccessToMethodCallMutator_1,15740010,6652,0,0,1,1,1,3839,401
org.pitest.mutationtest.engine.gregor.mutators.experimental.RemoveSwitchMutator_29,15743851,555,0,0,0,0,0,11,872
org.pitest.mutationtest.engine.gregor.mutators.ConditionalsBoundaryMutator,15743871,7061,0,0,0,0,0,0,576
org.mudebug.prapr.mutators.FieldNameMutator_2,15743873,1777,0,0,0,0,0,0,692
org.mudebug.prapr.mutators.FieldNameMutator_3,15743875,1777,0,0,0,0,0,0,672
org.mudebug.prapr.mutators.LocalToFieldAccessMutator_1,15743877,6743,0,0,0,0,0,2048,1873
org.mudebug.prapr.mutators.LocalToFieldAccessMutator_3,15745927,6688,0,0,1,1,1,5430,764
org.mudebug.prapr.mutators.ArgumentListMutator_5,15751359,5356,0,0,0,0,0,0,88
org.mudebug.prapr.mutators.MethodNameMutator_1,15751361,245,0,0,0,0,0,5,198
org.mudebug.prapr.mutators.RelationalOperatorReplacement_0,15751368,5356,0,0,0,0,0,0,106
org.mudebug.prapr.mutators.RelationalOperatorReplacement_3,15751370,7233,0,0,0,0,0,0,291
org.pitest.mutationtest.engine.gregor.mutators.experimental.RemoveSwitchMutator_9,15751372,3636,0,0,0,0,0,6,1649
org.mudebug.prapr.mutators.ArgumentListMutator_0,15751380,5356,0,0,1,1,1,1504,500
org.mudebug.prapr.mutators.MethodNameMutator_0,15752886,1234,0,0,1,1,1,3,310
org.mudebug.prapr.mutators.ArgumentListMutator_0,15752891,7130,0,0,1,1,1,5543,64
org.pitest.mutationtest.engine.gregor.mutators.experimental.MemberVariableMutator,15758436,1777,0,0,0,0,0,0,753
org.mudebug.prapr.mutators.LocalNameMutator_0,15758445,6678,0,0,1,1,1,5633,607
org.mudebug.prapr.mutators.ReturningDereferenceGuardMutator_2,15764080,1083,0,0,0,0,0,0,844
org.mudebug.prapr.mutators.RelationalOperatorReplacement_2,15764082,3388,0,0,0,0,0,0,84
org.mudebug.prapr.mutators.LocalToFieldAccessMutator_0,15764084,7302,0,0,1,1,1,5538,134
org.pitest.mutationtest.engine.gregor.mutators.RemoveConditionalMutator_EQUAL_ELSE,15769624,7131,0,0,0,0,0,38,71
org.mudebug.prapr.mutators.NonVoidMethodCallGuardMutator_0,15769664,370,0,0,0,0,0,0,817
org.mudebug.prapr.mutators.DereferenceGuardMutator_0,15769666,1106,0,0,0,0,0,5,1085
org.mudebug.prapr.mutators.LocalNameMutator_0,15769673,1245,0,0,1,1,1,20,713
org.mudebug.prapr.mutators.ReturningDereferenceGuardMutator_1,15769695,6688,0,0,0,0,0,5,763
org.mudebug.prapr.mutators.FieldNameMutator_4,15769702,1119,0,0,0,0,0,0,1434
org.pitest.mutationtest.engine.gregor.mutators.RemoveConditionalMutator_EQUAL_IF,15769704,7503,0,0,1,1,1,5538,446
org.mudebug.prapr.mutators.RelationalOperatorReplacement_2,15775244,7108,0,0,0,0,0,57,1155
org.pitest.mutationtest.engine.gregor.mutators.NegateConditionalsMutator,15775303,1083,0,0,1,1,1,5191,844
org.pitest.mutationtest.engine.gregor.mutators.NonVoidMethodCallMutator,15780503,247,0,0,0,0,0,23,240
org.mudebug.prapr.mutators.MethCallResultGuard_2,15780528,3664,0,0,0,0,0,0,2189
org.mudebug.prapr.mutators.RelationalOperatorReplacement_2,15780530,7233,0,0,0,0,0,0,297
org.mudebug.prapr.mutators.LocalNameMutator_0,15780532,503,0,0,0,0,0,38,68
org.mudebug.prapr.mutators.MethodNameMutator_1,15780572,7503,0,0,0,0,0,10,446
org.mudebug.prapr.mutators.DereferenceGuardMutator_0,15780584,1106,0,0,0,0,0,0,1185
org.mudebug.prapr.mutators.ReturningDereferenceGuardMutator_4,15780586,1133,0,0,0,0,0,0,1633
org.mudebug.prapr.mutators.MethCallResultGuard_1,15780588,7064,0,0,0,0,0,0,622
org.pitest.mutationtest.engine.gregor.mutators.ReturnValsMutator,15780590,335,0,0,1,1,1,4330,389
org.mudebug.prapr.mutators.ArgumentListMutator_0,15784922,5356,0,0,0,0,0,0,523
org.mudebug.prapr.mutators.ReturningDereferenceGuardMutator_1,15784924,6723,0,0,0,0,0,0,1346
org.mudebug.prapr.mutators.FieldNameMutator_0,15784926,7058,0,0,1,1,1,5226,417
org.pitest.mutationtest.engine.gregor.mutators.NonVoidMethodCallMutator,15790154,353,0,0,1,1,1,5318,617
org.mudebug.prapr.mutators.FieldNameMutator_5,15795474,7059,0,0,0,0,0,7,558
org.pitest.mutationtest.engine.gregor.mutators.PrimitiveReturnsMutator,15795483,6698,0,0,0,1,1,176,859
org.mudebug.prapr.mutators.MethCallResultGuard_0,15795661,1231,0,0,0,0,0,0,98
org.mudebug.prapr.mutators.RelationalOperatorReplacement_0,15795663,6713,0,0,0,1,1,2652,1147
org.mudebug.prapr.mutators.NonVoidMethodCallGuardMutator_0,15798317,7131,0,0,0,0,0,5,71
org.pitest.mutationtest.engine.gregor.mutators.experimental.RemoveSwitchMutator_63,15798324,555,0,0,0,0,0,0,872
org.pitest.mutationtest.engine.gregor.mutators.NegateConditionalsMutator,15798326,6728,0,0,0,0,0,599,1422
org.pitest.mutationtest.engine.gregor.mutators.experimental.RemoveSwitchMutator_34,15798927,3636,0,0,0,0,0,0,1649
org.mudebug.prapr.mutators.ReturningDereferenceGuardMutator_3,15798929,4415,0,0,0,0,0,5,546
org.mudebug.prapr.mutators.RelationalOperatorReplacement_1,15798936,7204,0,0,0,0,0,0,135
org.pitest.mutationtest.engine.gregor.mutators.RemoveConditionalMutator_EQUAL_ELSE,15798938,6651,0,0,1,1,1,4611,377
org.mudebug.prapr.mutators.NonVoidMethodCallGuardMutator_0,15803551,6710,0,0,0,0,0,0,1068
org.mudebug.prapr.mutators.VoidMethodCallGuardMutator,15803558,329,0,0,0,0,0,0,299
org.mudebug.prapr.mutators.LocalNameMutator_0,15803560,6931,0,0,0,0,0,9,865
org.mudebug.prapr.mutators.LocalNameMutator_0,15803571,6728,0,0,0,1,1,1476,1418
org.pitest.mutationtest.engine.gregor.mutators.experimental.RemoveSwitchMutator_46,15805049,495,0,0,0,0,0,60,119
org.mudebug.prapr.mutators.LocalToFieldAccessMutator_0,15805111,6688,0,0,0,1,1,13,764
org.mudebug.prapr.mutators.ReturningDereferenceGuardMutator_1,15805126,6651,0,0,0,0,0,0,377
org.mudebug.prapr.mutators.MethodNameMutator_5,15805128,7382,0,0,0,0,0,5,442
org.pitest.mutationtest.engine.gregor.mutators.experimental.MemberVariableMutator,15805135,1038,0,0,0,0,0,5,125
org.pitest.mutationtest.engine.gregor.mutators.NegateConditionalsMutator,15805142,3388,0,0,0,0,0,59,80
org.mudebug.prapr.mutators.MethodNameMutator_0,15805203,1560,0,0,0,1,1,226,182
org.pitest.mutationtest.engine.gregor.mutators.PrimitiveReturnsMutator,15805431,6988,0,0,0,0,0,3,168
org.mudebug.prapr.mutators.RelationalOperatorReplacement_3,15805436,6899,0,0,0,0,0,5,324
org.pitest.mutationtest.engine.gregor.mutators.experimental.MemberVariableMutator,15805443,7613,0,0,0,0,0,0,59
org.mudebug.prapr.mutators.LocalNameMutator_0,15805445,5356,0,0,0,0,0,0,106
org.mudebug.prapr.mutators.FieldNameMutator_0,15805447,4256,0,0,0,0,0,0,385
org.pitest.mutationtest.engine.gregor.mutators.InlineConstantMutator,15805449,3589,0,0,0,0,0,105,1062
org.mudebug.prapr.mutators.RelationalOperatorReplacement_2,15805556,1106,0,0,0,0,0,66,1106
org.mudebug.prapr.mutators.LocalNameMutator_1,15805624,1234,0,0,1,1,1,3,310
org.mudebug.prapr.mutators.RelationalOperatorReplacement_3,15805629,7383,0,0,0,0,0,7,457
org.mudebug.prapr.mutators.ReturningDereferenceGuardMutator_4,15805638,6706,0,0,0,0,0,0,1016
org.mudebug.prapr.mutators.NonVoidMethodCallGuardMutator_0,15805640,6710,0,0,0,0,0,0,1066
org.mudebug.prapr.mutators.FieldNameMutator_3,15805642,7059,0,0,0,0,0,87,562
org.pitest.mutationtest.engine.gregor.mutators.RemoveConditionalMutator_EQUAL_IF,15805731,7086,0,0,0,0,0,0,892
org.pitest.mutationtest.engine.gregor.mutators.InlineConstantMutator,15805733,5356,0,0,1,1,1,1074,425
org.mudebug.prapr.mutators.VoidMethodCallGuardMutator,15806809,1046,0,0,0,0,0,5,331
org.mudebug.prapr.mutators.MethCallResultGuard_1,15806816,347,0,0,0,0,0,0,512
org.pitest.mutationtest.engine.gregor.mutators.NegateConditionalsMutator,15806818,2459,0,0,1,1,1,5291,61
org.mudebug.prapr.mutators.MethodNameMutator_0,15812111,7063,0,0,1,1,1,5543,606
org.mudebug.prapr.mutators.DereferenceGuardMutator_3,15817656,7303,0,0,0,0,0,0,158
org.pitest.mutationtest.engine.gregor.mutators.NonVoidMethodCallMutator,15817666,2458,0,0,1,1,1,4520,52
org.mudebug.prapr.mutators.MethCallResultGuard_2,15822188,517,0,0,0,0,0,0,106
org.pitest.mutationtest.engine.gregor.mutators.BooleanFalseReturnValsMutator,15822190,1236,1,0,0,1,1,15,533
org.mudebug.prapr.mutators.LocalNameMutator_0,15822207,3392,0,0,0,0,0,0,302
org.mudebug.prapr.mutators.FieldNameMutator_1,15822209,1777,0,0,0,0,0,84,654
org.mudebug.prapr.mutators.DereferenceGuardMutator_0,15822295,2459,0,0,0,0,0,0,60
org.mudebug.prapr.mutators.FieldAccessToMethodCallMutator_4,15822297,6651,0,0,1,1,1,4611,380
org.mudebug.prapr.mutators.MethCallResultGuard_2,15826910,7058,0,0,0,0,0,0,464
org.mudebug.prapr.mutators.RelationalOperatorReplacement_0,15826912,5356,0,0,0,0,0,5,344
org.mudebug.prapr.mutators.ReturningDereferenceGuardMutator_0,15826919,6678,0,0,0,0,0,0,603
org.mudebug.prapr.mutators.FieldNameMutator_5,15826921,1777,0,0,0,0,0,0,677
org.pitest.mutationtest.engine.gregor.mutators.NegateConditionalsMutator,15826923,6697,0,0,1,1,1,49,849
org.mudebug.prapr.mutators.LocalToFieldAccessMutator_0,15826974,6683,0,0,1,1,1,2701,686
org.pitest.mutationtest.engine.gregor.mutators.InlineConstantMutator,15829677,7058,0,0,1,1,1,5538,330
org.mudebug.prapr.mutators.MethodNameMutator_0,15835217,7064,0,0,0,0,0,1,615
org.mudebug.prapr.mutators.MethCallResultGuard_2,15835220,5356,0,0,0,0,0,0,425
org.mudebug.prapr.mutators.FieldNameMutator_2,15835222,1777,0,0,0,0,0,0,745
org.pitest.mutationtest.engine.gregor.mutators.experimental.MemberVariableMutator,15835224,1777,0,0,0,0,0,0,748
org.mudebug.prapr.mutators.MethodNameMutator_3,15835226,1234,0,0,0,0,0,0,310
org.mudebug.prapr.mutators.NonVoidMethodCallGuardMutator_0,15835228,3611,0,0,0,0,0,0,1332
org.mudebug.prapr.mutators.FieldNameMutator_2,15835230,6683,0,0,1,1,1,828,688
org.mudebug.prapr.mutators.MethodNameMutator_1,15836060,517,0,0,0,0,0,1393,96
org.mudebug.prapr.mutators.RelationalOperatorReplacement_1,15837455,334,0,0,0,0,0,1,382
org.mudebug.prapr.mutators.MethodNameMutator_1,15837458,545,0,0,0,1,1,41,129
org.pitest.mutationtest.engine.gregor.mutators.NonVoidMethodCallMutator,15837501,353,0,0,1,1,1,5318,617
org.pitest.mutationtest.engine.gregor.mutators.VoidMethodCallMutator,15842821,1234,0,0,0,1,1,1,314
org.mudebug.prapr.mutators.RelationalOperatorReplacement_3,15842824,1234,0,0,0,0,0,3,302
org.mudebug.prapr.mutators.RelationalOperatorReplacement_2,15842829,1563,0,0,0,0,0,1,237
org.mudebug.prapr.mutators.LocalNameMutator_0,15842832,7785,0,0,0,1,1,2848,360
org.mudebug.prapr.mutators.MethCallResultGuard_2,15845682,3249,0,0,0,0,0,0,103
org.mudebug.prapr.mutators.FieldNameMutator_2,15845684,1106,0,0,1,1,1,2977,1135
org.pitest.mutationtest.engine.gregor.mutators.ReturnValsMutator,15848663,6690,0,0,1,1,1,5427,794
org.mudebug.prapr.mutators.ArgumentListMutator_5,15854092,547,0,0,0,1,1,151,165
org.pitest.mutationtest.engine.gregor.mutators.RemoveConditionalMutator_EQUAL_IF,15854245,5213,0,0,0,0,0,0,91
org.mudebug.prapr.mutators.MethodNameMutator_6,15854247,517,0,0,0,0,0,4,97
org.mudebug.prapr.mutators.DereferenceGuardMutator_3,15854253,1106,0,0,0,0,0,0,1172
org.mudebug.prapr.mutators.FieldAccessToMethodCallMutator_0,15854255,6742,0,0,1,1,1,2939,1852
org.mudebug.prapr.mutators.ArgumentListMutator_4,15857196,3387,0,0,0,0,0,0,56
org.mudebug.prapr.mutators.FieldNameMutator_0,15857198,6176,0,0,0,0,0,32,571
org.mudebug.prapr.mutators.MethCallResultGuard_1,15857232,7764,0,0,0,0,0,126,461
org.mudebug.prapr.mutators.FieldToLocalAccessMutator_1,15857360,6742,0,0,1,1,1,2939,1853
org.mudebug.prapr.mutators.MethodNameMutator_1,15860301,3569,0,0,0,1,1,132,494
org.mudebug.prapr.mutators.RelationalOperatorReplacement_3,15860435,1560,0,0,0,0,0,166,189
org.mudebug.prapr.mutators.ArgumentListMutator_1,15860603,347,0,0,1,1,1,1985,507
org.mudebug.prapr.mutators.ArgumentListMutator_0,15862590,7379,0,0,0,0,0,1,390
org.mudebug.prapr.mutators.FieldToLocalAccessMutator_0,15862593,6173,0,0,0,0,0,25,540
org.mudebug.prapr.mutators.MethCallResultGuard_1,15862620,545,0,0,0,0,0,5,131
org.mudebug.prapr.mutators.ReturningDereferenceGuardMutator_0,15862627,3416,0,0,0,0,0,0,77
org.mudebug.prapr.mutators.FieldAccessToMethodCallMutator_0,15862629,1106,0,0,0,0,0,0,1074
org.mudebug.prapr.mutators.RelationalOperatorReplacement_0,15862631,5212,0,0,0,0,0,0,65
org.pitest.mutationtest.engine.gregor.mutators.RemoveConditionalMutator_EQUAL_ELSE,15862633,3664,0,0,0,0,0,75,2181
org.mudebug.prapr.mutators.LocalNameMutator_2,15862710,7058,0,0,0,0,0,7,388
org.pitest.mutationtest.engine.gregor.mutators.NonVoidMethodCallMutator,15862719,1043,0,0,1,1,1,2889,270
org.mudebug.prapr.mutators.MethCallResultGuard_2,15865610,1042,0,0,0,0,0,9,246
org.mudebug.prapr.mutators.LocalNameMutator_0,15865621,7783,0,0,0,1,1,89,351
org.mudebug.prapr.mutators.FieldToLocalAccessMutator_0,15865712,6678,0,0,1,1,1,4642,611
org.pitest.mutationtest.engine.gregor.mutators.RemoveConditionalMutator_EQUAL_IF,15870356,6726,0,0,0,1,1,1483,1383
org.mudebug.prapr.mutators.NonVoidMethodCallGuardMutator_0,15871841,1245,0,0,0,0,0,0,802
org.mudebug.prapr.mutators.VoidMethodCallGuardMutator,15871845,5356,0,0,0,0,0,5,365
org.mudebug.prapr.mutators.MethCallResultGuard_0,15871855,1834,0,0,0,0,0,0,78
org.mudebug.prapr.mutators.LocalToFieldAccessMutator_2,15871857,6744,0,0,1,1,1,937,1889
org.mudebug.prapr.mutators.ReturningDereferenceGuardMutator_2,15872796,6684,0,0,0,0,0,0,703
org.mudebug.prapr.mutators.LocalToFieldAccessMutator_2,15872798,6742,0,0,1,1,1,2939,1859
org.mudebug.prapr.mutators.LocalNameMutator_0,15875747,514,0,0,0,0,0,6,53
org.mudebug.prapr.mutators.FieldAccessToMethodCallMutator_4,15875755,6723,0,0,1,1,1,4835,1346
org.mudebug.prapr.mutators.MethCallResultGuard_2,15880592,1118,0,0,0,0,0,0,1426
org.mudebug.prapr.mutators.MethCallResultGuard_1,15880596,7302,0,0,0,0,0,0,126
org.pitest.mutationtest.engine.gregor.mutators.InlineConstantMutator,15880598,1044,0,0,1,1,1,4566,284
org.mudebug.prapr.mutators.MethodNameMutator_2,15885168,334,0,0,0,0,0,4,382
org.pitest.mutationtest.engine.gregor.mutators.RemoveConditionalMutator_EQUAL_IF,15885174,334,0,0,0,0,0,4,379
org.mudebug.prapr.mutators.MethodNameMutator_0,15885180,2306,0,0,1,1,1,5291,40
org.mudebug.prapr.mutators.FieldAccessToMethodCallMutator_1,15890473,1131,0,0,1,1,1,1694,1619
org.mudebug.prapr.mutators.ReturningDereferenceGuardMutator_0,15892169,3389,0,0,0,0,0,0,92
org.mudebug.prapr.mutators.LocalToFieldAccessMutator_2,15892171,6674,0,0,1,1,1,1034,560
org.mudebug.prapr.mutators.FieldNameMutator_0,15893207,1777,0,0,0,0,0,24,744
org.pitest.mutationtest.engine.gregor.mutators.RemoveConditionalMutator_EQUAL_ELSE,15893233,705,0,0,0,0,0,8,68
org.mudebug.prapr.mutators.MethodNameMutator_0,15893243,5356,0,0,0,0,0,2,103
org.mudebug.prapr.mutators.MethCallResultGuard_2,15893247,343,0,0,0,0,0,0,464
org.mudebug.prapr.mutators.ArithmeticOperatorReplacement_0,15893249,6714,0,0,0,1,1,128,1164
org.mudebug.prapr.mutators.DereferenceGuardMutator_3,15893379,346,0,0,0,0,0,0,490
org.pitest.mutationtest.engine.gregor.mutators.ReturnValsMutator,15893381,6867,0,0,0,0,0,816,159
org.pitest.mutationtest.engine.gregor.mutators.NonVoidMethodCallMutator,15894199,329,0,0,0,0,0,11,296
org.mudebug.prapr.mutators.LocalToFieldAccessMutator_1,15894212,6744,0,0,1,1,1,695,1894
org.mudebug.prapr.mutators.LocalNameMutator_1,15894909,6684,0,0,1,1,1,413,703
org.mudebug.prapr.mutators.LocalNameMutator_1,15895324,7058,0,0,0,0,0,68,449
org.pitest.mutationtest.engine.gregor.mutators.InlineConstantMutator,15895394,7058,0,0,0,0,0,1,317
org.pitest.mutationtest.engine.gregor.mutators.RemoveConditionalMutator_EQUAL_ELSE,15895397,1106,0,0,0,0,0,15,1106
org.pitest.mutationtest.engine.gregor.mutators.RemoveConditionalMutator_EQUAL_ELSE,15895414,334,0,0,1,1,1,4361,379
org.pitest.mutationtest.engine.gregor.mutators.RemoveConditionalMutator_ORDER_ELSE,15899777,1563,0,0,0,0,0,1,237
org.mudebug.prapr.mutators.LocalToFieldAccessMutator_0,15899780,6708,0,0,1,1,1,44,1049
org.mudebug.prapr.mutators.FieldToLocalAccessMutator_0,15899826,6728,0,0,0,1,1,2809,1418
org.pitest.mutationtest.engine.gregor.mutators.VoidMethodCallMutator,15902637,7058,0,0,1,1,1,5538,238
org.pitest.mutationtest.engine.gregor.mutators.experimental.RemoveSwitchMutator_71,15908177,555,0,0,0,0,0,0,872
org.pitest.mutationtest.engine.gregor.mutators.NonVoidMethodCallMutator,15908179,1313,0,0,0,0,0,0,83
org.mudebug.prapr.mutators.MethodNameMutator_7,15908181,7205,0,0,0,0,0,9,140
org.pitest.mutationtest.engine.gregor.mutators.experimental.RemoveSwitchMutator_46,15908192,5356,0,0,0,0,0,0,117
org.mudebug.prapr.mutators.MethodNameMutator_3,15908194,562,0,0,0,0,0,0,1210
org.mudebug.prapr.mutators.LocalNameMutator_1,15908196,4411,0,0,1,1,1,1976,490
org.pitest.mutationtest.engine.gregor.mutators.ArgumentPropagationMutator,15910174,3711,0,0,0,0,0,6,72
org.pitest.mutationtest.engine.gregor.mutators.BooleanTrueReturnValsMutator,15910182,6987,0,0,0,0,0,577,158
org.mudebug.prapr.mutators.RelationalOperatorReplacement_0,15910761,5358,0,0,0,1,1,9,742
org.mudebug.prapr.mutators.ReturningDereferenceGuardMutator_0,15910772,7790,0,0,0,0,0,5,315
org.mudebug.prapr.mutators.LocalNameMutator_0,15910779,6696,0,0,0,0,0,8,835
org.mudebug.prapr.mutators.LocalNameMutator_0,15910789,1234,0,0,0,0,0,4,268
org.mudebug.prapr.mutators.FieldNameMutator_3,15910795,7059,0,0,0,0,0,0,549
org.mudebug.prapr.mutators.VoidMethodCallGuardMutator,15910797,348,0,0,0,0,0,0,558
org.pitest.mutationtest.engine.gregor.mutators.RemoveConditionalMutator_EQUAL_IF,15910799,1042,0,0,0,0,0,829,247
org.mudebug.prapr.mutators.MethCallResultGuard_1,15911630,7058,0,0,0,0,0,0,429
org.mudebug.prapr.mutators.ArgumentListMutator_4,15911632,3391,0,1,1,1,1,2319,297
org.pitest.mutationtest.engine.gregor.mutators.InlineConstantMutator,15913952,1537,0,0,0,0,0,2,32
org.pitest.mutationtest.engine.gregor.mutators.experimental.RemoveSwitchMutator_17,15913956,3636,0,0,0,0,0,43,1649
org.mudebug.prapr.mutators.DereferenceGuardMutator_0,15914001,6176,0,0,0,0,0,0,577
org.mudebug.prapr.mutators.ReturningDereferenceGuardMutator_2,15914003,1042,0,0,0,0,0,0,230
org.mudebug.prapr.mutators.LocalNameMutator_0,15914005,7199,0,0,1,1,1,5538,84
org.pitest.mutationtest.engine.gregor.mutators.experimental.RemoveSwitchMutator_0,15919545,3587,0,0,0,0,0,222,1015
org.pitest.mutationtest.engine.gregor.mutators.RemoveConditionalMutator_EQUAL_ELSE,15919769,3489,0,0,0,0,0,0,255
org.mudebug.prapr.mutators.LocalNameMutator_0,15919771,4256,0,0,0,0,0,12,400
org.mudebug.prapr.mutators.DereferenceGuardMutator_3,15919785,7302,0,0,0,0,0,0,110
org.mudebug.prapr.mutators.MethodNameMutator_4,15919787,3611,0,0,1,1,1,3666,1327
org.pitest.mutationtest.engine.gregor.mutators.InlineConstantMutator,15923455,1564,0,0,0,0,0,90,262
org.mudebug.prapr.mutators.ArgumentListMutator_0,15923547,6725,0,0,1,1,1,1,1369
org.mudebug.prapr.mutators.DereferenceGuardMutator_3,15923550,5354,0,0,0,0,0,0,68
org.mudebug.prapr.mutators.RelationalOperatorReplacement_3,15923552,6710,0,0,0,0,0,0,1063
org.mudebug.prapr.mutators.ReturningDereferenceGuardMutator_4,15923554,6743,0,0,0,0,0,0,1873
org.mudebug.prapr.mutators.LocalToFieldAccessMutator_3,15923556,6714,0,0,0,1,1,170,1161
org.mudebug.prapr.mutators.FieldNameMutator_1,15923728,3245,0,0,0,0,0,275,81
org.mudebug.prapr.mutators.FieldAccessToMethodCallMutator_1,15924005,6651,0,0,1,1,1,4611,381
org.mudebug.prapr.mutators.RelationalOperatorReplacement_2,15928618,5356,0,0,0,1,1,39,526
org.mudebug.prapr.mutators.ReturningDereferenceGuardMutator_2,15928659,4410,0,0,0,0,0,0,464
org.pitest.mutationtest.engine.gregor.mutators.RemoveConditionalMutator_ORDER_ELSE,15928661,5358,0,0,0,0,0,30,754
org.mudebug.prapr.mutators.ArgumentListMutator_2,15928693,7247,0,0,0,0,0,5,597
org.pitest.mutationtest.engine.gregor.mutators.RemoveConditionalMutator_EQUAL_ELSE,15928700,334,0,0,0,0,0,4,382
org.mudebug.prapr.mutators.ReturningDereferenceGuardMutator_0,15928706,7304,0,0,0,0,0,0,186
org.mudebug.prapr.mutators.FieldNameMutator_1,15928708,7059,0,0,0,0,0,10,551
org.mudebug.prapr.mutators.MethCallResultGuard_2,15928720,348,0,0,0,0,0,0,558
org.pitest.mutationtest.engine.gregor.mutators.ReturnValsMutator,15928722,7046,0,0,1,1,1,5538,101
org.mudebug.prapr.mutators.FieldNameMutator_1,15934262,6652,0,0,0,0,0,1270,403
org.mudebug.prapr.mutators.ReturningDereferenceGuardMutator_0,15935534,6718,0,0,0,0,0,5,1267
org.mudebug.prapr.mutators.LocalToFieldAccessMutator_0,15935541,6686,0,0,1,1,1,5093,745
org.pitest.mutationtest.engine.gregor.mutators.ReturnValsMutator,15940636,3589,0,0,0,1,1,431,1062
org.pitest.mutationtest.engine.gregor.mutators.experimental.RemoveSwitchMutator_72,15941069,495,0,0,0,0,0,0,119
org.pitest.mutationtest.engine.gregor.mutators.experimental.RemoveSwitchMutator_6,15941071,1231,0,0,0,0,0,5,59
org.mudebug.prapr.mutators.FieldNameMutator_0,15941078,1777,0,0,0,0,0,6,652
org.pitest.mutationtest.engine.gregor.mutators.NonVoidMethodCallMutator,15941086,1248,0,0,0,0,0,15,870
org.mudebug.prapr.mutators.MethCallResultGuard_2,15941103,1042,0,0,0,0,0,0,242
org.mudebug.prapr.mutators.ArgumentListMutator_3,15941105,1106,0,0,1,1,1,2933,1199
org.mudebug.prapr.mutators.MethodNameMutator_1,15944040,346,0,0,0,0,0,3,497
org.mudebug.prapr.mutators.DereferenceGuardMutator_2,15944045,6728,0,0,0,0,0,0,1418
org.mudebug.prapr.mutators.LocalNameMutator_2,15944047,7058,0,0,0,0,0,4,394
org.pitest.mutationtest.engine.gregor.mutators.VoidMethodCallMutator,15944053,347,0,0,1,1,1,4283,525
org.pitest.mutationtest.engine.gregor.mutators.experimental.MemberVariableMutator,15948338,7785,0,0,0,1,1,2581,362
org.mudebug.prapr.mutators.LocalToFieldAccessMutator_0,15950921,3558,0,0,0,0,0,9,123
org.pitest.mutationtest.engine.gregor.mutators.NonVoidMethodCallMutator,15950932,3675,0,0,0,0,0,0,2356
org.mudebug.prapr.mutators.MethodNameMutator_1,15950934,1053,0,0,0,0,0,0,441
org.mudebug.prapr.mutators.LocalToFieldAccessMutator_3,15950936,6753,0,0,0,0,0,85,1995
org.mudebug.prapr.mutators.MethodNameMutator_0,15951023,5356,0,0,0,0,0,0,215
org.pitest.mutationtest.engine.gregor.mutators.ReturnValsMutator,15951025,7231,0,0,1,1,1,5538,263
org.mudebug.prapr.mutators.RelationalOperatorReplacement_3,15956565,6987,0,0,0,0,0,44,152
org.mudebug.prapr.mutators.MethCallResultGuard_0,15956611,6692,0,0,0,0,0,27,808
org.pitest.mutationtest.engine.gregor.mutators.VoidMethodCallMutator,15956640,7059,0,0,0,0,0,53,564
org.mudebug.prapr.mutators.MethodNameMutator_2,15956695,1248,0,0,0,0,0,4,870
org.mudebug.prapr.mutators.MethCallResultGuard_2,15956701,6710,0,0,0,0,0,0,1067
org.mudebug.prapr.mutators.FieldNameMutator_0,15956706,5212,0,0,0,0,0,0,54
org.mudebug.prapr.mutators.LocalToFieldAccessMutator_2,15956708,6748,0,0,0,0,0,6,1927
org.pitest.mutationtest.engine.gregor.mutators.IncrementsMutator,15956716,7199,0,0,1,1,1,5538,84
org.mudebug.prapr.mutators.ArgumentListMutator_2,15962256,7059,0,0,1,1,1,5538,546
org.mudebug.prapr.mutators.LocalNameMutator_0,15967796,7058,0,0,0,0,0,6,373
org.mudebug.prapr.mutators.MethCallResultGuard_2,15967804,495,0,0,0,0,0,5,233
org.mudebug.prapr.mutators.MethodNameMutator_1,15967811,3587,0,0,0,0,0,260,1015
org.pitest.mutationtest.engine.gregor.mutators.NonVoidMethodCallMutator,15968073,6706,0,0,0,0,0,9,931
org.mudebug.prapr.mutators.LocalToFieldAccessMutator_3,15968084,6686,0,0,1,1,1,2867,742
org.mudebug.prapr.mutators.FieldAccessToMethodCallMutator_1,15970953,1777,0,0,0,0,0,0,642
org.pitest.mutationtest.engine.gregor.mutators.NonVoidMethodCallMutator,15970955,333,0,0,0,0,0,4,364
org.pitest.mutationtest.engine.gregor.mutators.InlineConstantMutator,15970964,5213,0,0,0,0,0,0,90
org.mudebug.prapr.mutators.RelationalOperatorReplacement_0,15970966,5356,0,0,0,1,1,97,436
org.mudebug.prapr.mutators.FieldNameMutator_5,15971065,1777,0,0,0,0,0,0,736
org.mudebug.prapr.mutators.FieldNameMutator_3,15971067,7058,0,0,1,1,1,5068,460
org.mudebug.prapr.mutators.NonVoidMethodCallGuardMutator_0,15976137,7263,0,0,0,0,0,5,853
org.pitest.mutationtest.engine.gregor.mutators.NonVoidMethodCallMutator,15976144,3651,0,0,0,0,0,2,1952
org.mudebug.prapr.mutators.RelationalOperatorReplacement_1,15976148,329,0,0,0,0,0,6,296
org.pitest.mutationtest.engine.gregor.mutators.experimental.RemoveSwitchMutator_33,15976156,5356,0,0,1,1,1,1504,117
org.mudebug.prapr.mutators.LocalToFieldAccessMutator_2,15977662,6753,0,0,1,1,1,5538,1995
org.mudebug.prapr.mutators.VoidMethodCallGuardMutator,15983202,7059,0,0,0,0,0,0,545
org.mudebug.prapr.mutators.MethodNameMutator_5,15983204,6743,0,0,1,1,1,2919,1866
org.mudebug.prapr.mutators.NonVoidMethodCallGuardMutator_0,15986125,7764,0,0,0,0,0,5,482
org.mudebug.prapr.mutators.FieldToLocalAccessMutator_1,15986132,6684,0,0,0,1,1,740,706
org.mudebug.prapr.mutators.DereferenceGuardMutator_0,15986874,1132,0,0,0,0,0,0,1626
org.mudebug.prapr.mutators.MethCallResultGuard_0,15986876,7058,0,0,0,0,0,5,303
org.mudebug.prapr.mutators.MethCallResultGuard_1,15986883,7109,0,0,0,0,0,0,1174
org.pitest.mutationtest.engine.gregor.mutators.ReturnValsMutator,15986885,7505,0,0,1,1,1,5538,467
org.pitest.mutationtest.engine.gregor.mutators.InlineConstantMutator,15992425,2967,0,0,1,1,1,2868,596
org.pitest.mutationtest.engine.gregor.mutators.experimental.MemberVariableMutator,15995295,1777,0,0,0,0,0,0,749
org.mudebug.prapr.mutators.MethodNameMutator_0,16000363,5360,0,0,1,1,1,2623,808
org.mudebug.prapr.mutators.FieldNameMutator_1,16002988,7302,0,0,0,0,0,1943,105
org.mudebug.prapr.mutators.MethodNameMutator_1,16004933,6931,0,0,0,0,0,470,844
org.mudebug.prapr.mutators.RelationalOperatorReplacement_2,16005405,4411,0,0,0,0,0,23,479
org.pitest.mutationtest.engine.gregor.mutators.experimental.RemoveSwitchMutator_20,16005430,6415,0,0,0,0,0,0,273
org.pitest.mutationtest.engine.gregor.mutators.InlineConstantMutator,16005432,7209,0,0,1,1,1,5538,51
org.pitest.mutationtest.engine.gregor.mutators.InlineConstantMutator,16010972,7200,0,0,0,0,0,1640,108
org.pitest.mutationtest.engine.gregor.mutators.RemoveConditionalMutator_EQUAL_ELSE,16012614,5213,0,0,0,0,0,30,91
org.mudebug.prapr.mutators.ReturningDereferenceGuardMutator_2,16012646,705,0,0,0,0,0,0,69
org.pitest.mutationtest.engine.gregor.mutators.experimental.RemoveSwitchMutator_5,16012648,3584,0,0,0,0,0,5,901
org.pitest.mutationtest.engine.gregor.mutators.RemoveConditionalMutator_EQUAL_IF,16012662,6728,0,0,0,0,0,271,1407
org.mudebug.prapr.mutators.LocalNameMutator_0,16012935,6713,0,0,0,0,0,6,1149
org.mudebug.prapr.mutators.LocalToFieldAccessMutator_0,16012943,4411,0,0,0,0,0,46,502
org.pitest.mutationtest.engine.gregor.mutators.NonVoidMethodCallMutator,16012991,343,0,0,1,1,1,4754,464
org.mudebug.prapr.mutators.RelationalOperatorReplacement_2,16017747,1046,0,0,0,0,0,93,314
org.mudebug.prapr.mutators.MethodNameMutator_0,16017842,5356,0,0,0,0,0,1,358
org.pitest.mutationtest.engine.gregor.mutators.RemoveConditionalMutator_EQUAL_IF,16017845,7199,0,0,0,0,0,1654,80
org.mudebug.prapr.mutators.RelationalOperatorReplacement_0,16019501,6931,0,0,1,1,1,5538,856
org.mudebug.prapr.mutators.FieldNameMutator_4,16025041,7058,0,0,1,1,1,5538,348
org.mudebug.prapr.mutators.MethCallResultGuard_1,16030581,7108,0,0,0,0,0,0,1161
org.mudebug.prapr.mutators.VoidMethodCallGuardMutator,16030583,7057,0,0,0,0,0,0,227
org.mudebug.prapr.mutators.FieldAccessToMethodCallMutator_0,16030585,1046,0,0,1,1,1,4574,309
org.pitest.mutationtest.engine.gregor.mutators.BooleanTrueReturnValsMutator,16035161,334,0,0,1,1,1,5146,382
org.pitest.mutationtest.engine.gregor.mutators.RemoveConditionalMutator_EQUAL_IF,16040309,1234,0,0,0,0,0,17,275
org.mudebug.prapr.mutators.RelationalOperatorReplacement_0,16040328,3664,0,0,0,0,0,66,2185
org.pitest.mutationtest.engine.gregor.mutators.InlineConstantMutator,16040396,5356,0,0,0,0,0,17,94
org.mudebug.prapr.mutators.ArithmeticOperatorReplacement_4,16040423,7207,0,0,0,0,0,0,198
org.pitest.mutationtest.engine.gregor.mutators.RemoveConditionalMutator_ORDER_ELSE,16040425,7090,0,0,0,0,0,1992,931
org.pitest.mutationtest.engine.gregor.mutators.EmptyObjectReturnValsMutator,16042419,6176,0,0,0,1,1,199,577
org.mudebug.prapr.mutators.FieldAccessToMethodCallMutator_2,16042620,6652,0,0,1,1,1,5082,404
org.mudebug.prapr.mutators.LocalNameMutator_0,16047704,7058,0,0,0,0,0,30,514
org.pitest.mutationtest.engine.gregor.mutators.RemoveConditionalMutator_EQUAL_IF,16047736,1106,0,0,0,0,0,5,1178
org.mudebug.prapr.mutators.MethCallResultGuard_1,16047743,1311,0,0,0,0,0,0,62
org.mudebug.prapr.mutators.MethCallResultGuard_2,16047745,6707,0,0,0,0,0,0,1043
org.mudebug.prapr.mutators.RelationalOperatorReplacement_2,16047747,6728,0,0,0,0,0,16,1407
org.mudebug.prapr.mutators.DereferenceGuardMutator_3,16047765,1101,0,0,0,0,0,0,1020
org.mudebug.prapr.mutators.RelationalOperatorReplacement_2,16047767,1564,0,0,0,0,0,184,262
org.mudebug.prapr.mutators.MethodNameMutator_2,16047953,3416,0,0,0,1,1,4448,77
org.mudebug.prapr.mutators.FieldNameMutator_1,16052407,7058,0,0,0,0,0,2257,385
org.pitest.mutationtest.engine.gregor.mutators.NonVoidMethodCallMutator,16054666,6706,0,0,0,1,1,2,977
org.mudebug.prapr.mutators.MethCallResultGuard_1,16054670,1106,0,0,0,1,1,2976,1146
org.mudebug.prapr.mutators.LocalToFieldAccessMutator_4,16057648,6706,0,0,0,0,0,8,967
org.mudebug.prapr.mutators.LocalNameMutator_1,16057658,247,0,0,0,0,0,2706,247
org.mudebug.prapr.mutators.ArgumentListMutator_2,16060366,5355,0,0,1,1,1,2868,72
org.pitest.mutationtest.engine.gregor.mutators.NullReturnValsMutator,16063236,495,0,0,1,1,1,2371,247
org.pitest.mutationtest.engine.gregor.mutators.experimental.MemberVariableMutator,16065609,1777,0,0,0,0,0,0,755
org.mudebug.prapr.mutators.LocalNameMutator_1,16065611,6652,0,0,1,1,1,4270,397
org.mudebug.prapr.mutators.LocalNameMutator_0,16069883,7215,0,0,0,0,0,8,134
org.mudebug.prapr.mutators.LocalToFieldAccessMutator_3,16069893,6706,0,0,0,0,0,0,980
org.mudebug.prapr.mutators.MethCallResultGuard_1,16069895,6706,0,0,0,0,0,0,978
org.mudebug.prapr.mutators.ReturningDereferenceGuardMutator_2,16069897,5214,0,0,0,0,0,0,112
org.pitest.mutationtest.engine.gregor.mutators.NonVoidMethodCallMutator,16069899,7764,0,0,0,0,0,5,462
org.pitest.mutationtest.engine.gregor.mutators.VoidMethodCallMutator,16069906,4411,0,0,0,0,0,285,497
org.mudebug.prapr.mutators.ReturningDereferenceGuardMutator_0,16070193,7231,0,0,0,0,0,0,263
org.mudebug.prapr.mutators.FieldNameMutator_1,16070195,1777,0,0,0,0,0,0,685
org.mudebug.prapr.mutators.ArithmeticOperatorReplacement_5,16070197,553,0,0,0,0,0,18,267
org.mudebug.prapr.mutators.FieldNameMutator_2,16070217,1777,0,0,0,0,0,0,740
org.mudebug.prapr.mutators.FieldToLocalAccessMutator_2,16070219,6728,0,0,0,1,1,2801,1420
org.mudebug.prapr.mutators.LocalToFieldAccessMutator_3,16073022,6706,0,0,1,1,1,50,929
org.mudebug.prapr.mutators.LocalToFieldAccessMutator_2,16073074,6743,0,0,1,1,1,2924,1878
org.mudebug.prapr.mutators.MethodNameMutator_2,16076000,6743,0,0,1,1,1,2929,1867
org.pitest.mutationtest.engine.gregor.mutators.ArgumentPropagationMutator,16078931,7064,0,0,0,0,0,7,622
org.mudebug.prapr.mutators.RelationalOperatorReplacement_1,16078940,495,0,0,0,0,0,0,201
org.mudebug.prapr.mutators.FieldNameMutator_1,16078942,4260,0,0,0,0,0,124,453
org.pitest.mutationtest.engine.gregor.mutators.experimental.RemoveSwitchMutator_3,16079068,3587,0,0,0,0,0,0,1015
org.mudebug.prapr.mutators.FieldNameMutator_0,16079070,1094,0,0,0,0,0,51,933
org.pitest.mutationtest.engine.gregor.mutators.NegateConditionalsMutator,16079123,7382,0,0,0,0,0,1847,442
org.mudebug.prapr.mutators.MethCallResultGuard_1,16080972,3675,0,0,0,0,0,2,2364
org.mudebug.prapr.mutators.MethodNameMutator_0,16080976,517,0,0,0,0,0,4,97
org.pitest.mutationtest.engine.gregor.mutators.NegateConditionalsMutator,16080982,1053,0,0,0,1,1,4558,433
org.pitest.mutationtest.engine.gregor.mutators.NonVoidMethodCallMutator,16085542,1042,0,0,0,0,0,77,248
org.pitest.mutationtest.engine.gregor.mutators.experimental.RemoveSwitchMutator_98,16085621,495,0,0,0,0,0,215,119
org.pitest.mutationtest.engine.gregor.mutators.experimental.MemberVariableMutator,16085838,1777,0,0,0,0,0,0,740
org.mudebug.prapr.mutators.LocalToFieldAccessMutator_1,16085840,7064,0,0,0,0,0,10,622
org.mudebug.prapr.mutators.MethodNameMutator_0,16085852,4415,0,0,0,0,0,5,551
org.mudebug.prapr.mutators.ReturningDereferenceGuardMutator_3,16085859,4413,0,0,0,0,0,0,523
org.pitest.mutationtest.engine.gregor.mutators.NonVoidMethodCallMutator,16085861,3711,0,0,1,1,1,5303,72
org.mudebug.prapr.mutators.MethodNameMutator_0,16091166,561,0,0,1,1,1,5320,1206
org.mudebug.prapr.mutators.FieldNameMutator_1,16096488,7058,0,0,0,0,0,18,278
org.mudebug.prapr.mutators.RelationalOperatorReplacement_1,16096508,551,0,0,1,1,1,4643,212
org.mudebug.prapr.mutators.LocalNameMutator_0,16101153,7058,0,0,0,0,0,17,389
org.mudebug.prapr.mutators.VoidMethodCallGuardMutator,16101172,1560,0,0,0,0,0,0,196
org.mudebug.prapr.mutators.MethodNameMutator_0,16101174,5358,0,0,0,0,0,1,766
org.mudebug.prapr.mutators.ArgumentListMutator_3,16101177,6706,0,0,0,1,1,2,976
org.mudebug.prapr.mutators.LocalNameMutator_0,16101181,6732,0,0,0,0,0,5,1618
org.mudebug.prapr.mutators.FieldAccessToMethodCallMutator_4,16101188,1777,0,0,0,0,0,0,758
org.pitest.mutationtest.engine.gregor.mutators.NegateConditionalsMutator,16101193,7064,0,0,0,0,0,7,614
org.mudebug.prapr.mutators.FieldToLocalAccessMutator_0,16101202,1803,0,0,0,0,0,3,957
org.pitest.mutationtest.engine.gregor.mutators.InlineConstantMutator,16101207,5356,0,0,1,1,1,1074,425
org.mudebug.prapr.mutators.MethCallResultGuard_1,16102283,6988,0,0,0,0,0,0,168
org.pitest.mutationtest.engine.gregor.mutators.NullReturnValsMutator,16102285,7107,0,0,0,0,0,17,1138
org.pitest.mutationtest.engine.gregor.mutators.InlineConstantMutator,16102304,5212,0,0,0,0,0,5,60
org.pitest.mutationtest.engine.gregor.mutators.RemoveConditionalMutator_EQUAL_IF,16102311,6684,0,0,0,0,0,4,695
org.pitest.mutationtest.engine.gregor.mutators.experimental.RemoveSwitchMutator_85,16102317,3584,0,0,0,0,0,0,901
org.pitest.mutationtest.engine.gregor.mutators.RemoveConditionalMutator_EQUAL_IF,16102319,1234,0,0,0,0,0,11,274
org.mudebug.prapr.mutators.ReturningDereferenceGuardMutator_4,16102332,6683,0,0,0,0,0,0,686
org.mudebug.prapr.mutators.LocalToFieldAccessMutator_0,16102334,5209,0,0,0,0,0,89,290
org.mudebug.prapr.mutators.NonVoidMethodCallGuardMutator_0,16102425,1106,0,0,0,0,0,0,1136
org.mudebug.prapr.mutators.FieldNameMutator_1,16102427,7613,0,0,0,0,0,0,60
org.pitest.mutationtest.engine.gregor.mutators.NonVoidMethodCallMutator,16102429,6690,0,0,0,1,1,2584,792
org.mudebug.prapr.mutators.ReturningDereferenceGuardMutator_0,16105015,6678,0,0,0,0,0,0,610
org.mudebug.prapr.mutators.MethCallResultGuard_2,16105017,7241,0,0,0,0,0,0,430
org.mudebug.prapr.mutators.FieldToLocalAccessMutator_1,16105019,1046,0,0,1,1,1,4574,328
org.mudebug.prapr.mutators.FieldToLocalAccessMutator_0,16109595,6651,0,0,1,1,1,4611,375
org.mudebug.prapr.mutators.LocalNameMutator_0,16114208,4410,0,0,1,1,1,5220,439
org.pitest.mutationtest.engine.gregor.mutators.NonVoidMethodCallMutator,16119430,4679,0,0,1,1,1,2857,115
org.pitest.mutationtest.engine.gregor.mutators.ReturnValsMutator,16122289,5376,0,0,1,1,1,253,1052
org.mudebug.prapr.mutators.ReturningDereferenceGuardMutator_0,16122544,1106,0,0,0,0,0,0,1074
org.mudebug.prapr.mutators.MethCallResultGuard_2,16122546,7556,0,0,0,0,0,5,70
org.mudebug.prapr.mutators.LocalToFieldAccessMutator_2,16122553,6706,0,0,1,1,1,27,975
org.pitest.mutationtest.engine.gregor.mutators.NonVoidMethodCallMutator,16122582,5356,0,0,0,0,0,8,215
org.pitest.mutationtest.engine.gregor.mutators.experimental.MemberVariableMutator,16122592,1046,0,0,0,0,0,0,325
org.mudebug.prapr.mutators.MethCallResultGuard_2,16122594,7059,0,0,0,0,0,0,545
org.mudebug.prapr.mutators.LocalToFieldAccessMutator_3,16122596,6748,0,0,0,0,0,6,1927
org.mudebug.prapr.mutators.LocalToFieldAccessMutator_1,16122604,6744,0,0,1,1,1,350,1897
org.mudebug.prapr.mutators.FieldToLocalAccessMutator_0,16122956,7131,0,0,0,0,0,1983,74
org.mudebug.prapr.mutators.LocalNameMutator_0,16124941,7058,0,0,0,0,0,17,388
org.mudebug.prapr.mutators.ArgumentListMutator_1,16124960,5212,0,0,0,0,0,0,65
org.pitest.mutationtest.engine.gregor.mutators.experimental.RemoveSwitchMutator_41,16124962,555,0,0,0,0,0,0,872
org.mudebug.prapr.mutators.LocalToFieldAccessMutator_1,16124964,6723,0,0,1,1,1,5116,1346
org.mudebug.prapr.mutators.MethodNameMutator_0,16130082,5356,0,0,1,1,1,193,522
org.pitest.mutationtest.engine.gregor.mutators.ReturnValsMutator,16130277,6988,0,0,0,0,0,3,168
org.mudebug.prapr.mutators.MethCallResultGuard_2,16130282,6987,0,0,0,0,0,0,155
org.pitest.mutationtest.engine.gregor.mutators.NonVoidMethodCallMutator,16130284,1052,0,1,1,1,1,2499,412
org.pitest.mutationtest.engine.gregor.mutators.experimental.SwitchMutator,16132784,6649,0,0,1,1,1,27,175
org.mudebug.prapr.mutators.FieldNameMutator_4,16132813,1047,0,0,0,0,0,28,339
org.pitest.mutationtest.engine.gregor.mutators.RemoveConditionalMutator_EQUAL_ELSE,16132843,7302,0,0,0,0,0,11,105
org.mudebug.prapr.mutators.ArgumentListMutator_2,16132856,7058,0,0,1,1,1,5538,412
org.mudebug.prapr.mutators.MethodNameMutator_6,16138396,1231,0,0,1,1,1,33,68
org.mudebug.prapr.mutators.MethCallResultGuard_1,16138431,5356,0,0,0,0,0,4,182
org.mudebug.prapr.mutators.LocalToFieldAccessMutator_1,16138437,1044,0,0,1,1,1,4566,284
org.mudebug.prapr.mutators.MethCallResultGuard_0,16143005,7200,0,0,0,0,0,0,107
org.pitest.mutationtest.engine.gregor.mutators.RemoveConditionalMutator_EQUAL_ELSE,16143007,1234,0,0,0,1,1,3,302
org.mudebug.prapr.mutators.FieldNameMutator_0,16143012,6674,0,0,1,1,1,2709,563
org.mudebug.prapr.mutators.LocalToFieldAccessMutator_0,16145723,4411,0,0,0,0,0,144,476
org.mudebug.prapr.mutators.MethodNameMutator_4,16145869,247,0,0,1,1,1,4269,240
org.mudebug.prapr.mutators.FieldNameMutator_1,16150140,6176,0,0,0,0,0,34,571
org.mudebug.prapr.mutators.MethodNameMutator_0,16150176,1046,0,0,0,0,0,50,314
org.mudebug.prapr.mutators.MethodNameMutator_4,16150228,1144,0,0,0,1,1,2815,1740
org.mudebug.prapr.mutators.RelationalOperatorReplacement_1,16153045,3664,0,0,0,0,0,66,2185
org.pitest.mutationtest.engine.gregor.mutators.NonVoidMethodCallMutator,16153113,346,0,0,1,1,1,3106,490
org.mudebug.prapr.mutators.MethodNameMutator_7,16156228,4410,0,0,1,1,1,5223,453
org.mudebug.prapr.mutators.VoidMethodCallGuardMutator,16161453,5356,0,0,0,0,0,0,500
org.mudebug.prapr.mutators.MethodNameMutator_0,16161455,7199,0,0,0,0,0,30,80
org.mudebug.prapr.mutators.FieldToLocalAccessMutator_1,16161487,6742,0,0,1,1,1,2939,1854
org.mudebug.prapr.mutators.LocalNameMutator_1,16164428,4410,0,0,1,1,1,5173,458
org.pitest.mutationtest.engine.gregor.mutators.experimental.MemberVariableMutator,16169603,1777,0,0,0,0,0,0,662
org.pitest.mutationtest.engine.gregor.mutators.NonVoidMethodCallMutator,16169605,1562,0,0,0,0,0,22,213
org.mudebug.prapr.mutators.FieldNameMutator_0,16169629,1777,0,0,0,0,0,30,660
org.pitest.mutationtest.engine.gregor.mutators.experimental.MemberVariableMutator,16169661,543,0,0,0,0,0,0,92
org.mudebug.prapr.mutators.FieldAccessToMethodCallMutator_4,16169663,1777,0,0,0,0,0,0,633
org.mudebug.prapr.mutators.ReturningDereferenceGuardMutator_2,16169665,347,0,0,0,0,0,0,526
org.mudebug.prapr.mutators.ReturningDereferenceGuardMutator_0,16169667,7381,0,0,0,0,0,5,405
org.pitest.mutationtest.engine.gregor.mutators.RemoveConditionalMutator_EQUAL_IF,16169674,5212,0,0,0,0,0,0,60
org.pitest.mutationtest.engine.gregor.mutators.ReturnValsMutator,16169676,7093,0,0,1,1,1,5538,965
org.mudebug.prapr.mutators.FieldAccessToMethodCallMutator_0,16175216,1038,0,0,1,1,1,5303,76
org.pitest.mutationtest.engine.gregor.mutators.NonVoidMethodCallMutator,16180521,7090,0,0,0,0,0,1992,932
org.mudebug.prapr.mutators.VoidMethodCallGuardMutator,16182515,7233,0,0,0,0,0,0,300
org.pitest.mutationtest.engine.gregor.mutators.NonVoidMethodCallMutator,16182517,348,0,0,0,0,0,77,559
org.pitest.mutationtest.engine.gregor.mutators.experimental.RemoveSwitchMutator_2,16182596,555,0,0,0,0,0,0,872
org.mudebug.prapr.mutators.MethodNameMutator_2,16182598,6867,0,0,1,1,1,5543,159
org.mudebug.prapr.mutators.RelationalOperatorReplacement_0,16188143,7302,0,0,0,0,0,1979,117
org.pitest.mutationtest.engine.gregor.mutators.NullReturnValsMutator,16190124,495,0,0,1,1,1,3535,233
org.mudebug.prapr.mutators.FieldAccessToMethodCallMutator_3,16193661,1777,0,0,0,0,0,0,673
org.mudebug.prapr.mutators.MethCallResultGuard_0,16193663,7058,0,0,0,0,0,0,340
org.pitest.mutationtest.engine.gregor.mutators.NonVoidMethodCallMutator,16193665,7098,0,0,0,0,0,23,1022
org.mudebug.prapr.mutators.ArgumentListMutator_5,16193690,7058,0,0,1,1,1,5538,488
org.pitest.mutationtest.engine.gregor.mutators.VoidMethodCallMutator,16199230,7058,0,0,0,0,0,2106,297
org.pitest.mutationtest.engine.gregor.mutators.experimental.RemoveSwitchMutator_20,16201338,3636,0,0,0,0,0,4,1649
org.mudebug.prapr.mutators.NonVoidMethodCallGuardMutator_0,16201344,7207,0,0,0,0,0,0,198
org.pitest.mutationtest.engine.gregor.mutators.VoidMethodCallMutator,16201346,6753,0,0,0,0,0,85,1995
org.mudebug.prapr.mutators.FieldNameMutator_3,16201433,7058,0,0,0,0,0,1751,294
org.mudebug.prapr.mutators.FieldAccessToMethodCallMutator_0,16203186,1119,0,0,0,0,0,0,1435
org.pitest.mutationtest.engine.gregor.mutators.VoidMethodCallMutator,16203188,7058,0,0,1,1,1,5226,311
org.mudebug.prapr.mutators.ArgumentListMutator_3,16208416,6652,0,0,0,0,0,0,395
org.pitest.mutationtest.engine.gregor.mutators.NegateConditionalsMutator,16208418,1562,0,0,0,0,0,1,217
org.mudebug.prapr.mutators.NonVoidMethodCallGuardMutator_0,16208421,3489,0,0,0,0,0,5,268
org.mudebug.prapr.mutators.MethCallResultGuard_0,16208428,1050,0,0,0,0,0,0,381
org.mudebug.prapr.mutators.LocalToFieldAccessMutator_2,16208430,6706,0,0,1,1,1,49,973
org.mudebug.prapr.mutators.FieldNameMutator_4,16208481,1777,0,0,0,0,0,0,663
org.mudebug.prapr.mutators.LocalToFieldAccessMutator_1,16208483,6706,0,0,1,1,1,49,973
org.mudebug.prapr.mutators.FieldAccessToMethodCallMutator_4,16208534,6650,0,0,1,1,1,6028,371
org.mudebug.prapr.mutators.FieldToLocalAccessMutator_0,16214564,4410,0,0,0,0,0,0,444
org.mudebug.prapr.mutators.ReturningDereferenceGuardMutator_0,16214566,4241,0,0,0,0,0,0,82
org.mudebug.prapr.mutators.LocalToFieldAccessMutator_2,16214568,6743,0,0,0,0,0,1642,1868
org.mudebug.prapr.mutators.MethodNameMutator_0,16216212,4411,0,0,1,1,1,4269,502
org.mudebug.prapr.mutators.ArgumentListMutator_0,16220483,7058,0,0,1,1,1,5538,439
org.pitest.mutationtest.engine.gregor.mutators.RemoveConditionalMutator_EQUAL_IF,16226023,6867,0,0,0,0,0,807,159
org.mudebug.prapr.mutators.MethodNameMutator_4,16226832,1245,0,0,1,1,1,20,713
org.mudebug.prapr.mutators.ArgumentListMutator_0,16226854,7058,0,0,0,0,0,5,532
org.mudebug.prapr.mutators.MethodNameMutator_6,16226861,1046,0,0,1,1,1,4574,329
org.mudebug.prapr.mutators.LocalNameMutator_1,16231437,5356,0,0,1,1,1,2569,344
org.mudebug.prapr.mutators.FieldNameMutator_4,16239074,7058,0,0,1,1,1,5538,314
org.mudebug.prapr.mutators.LocalNameMutator_2,16244614,4411,0,0,1,1,1,4269,500
org.mudebug.prapr.mutators.MethodNameMutator_2,16248885,5358,0,0,0,0,0,1,766
org.mudebug.prapr.mutators.FieldNameMutator_3,16248888,7058,0,0,0,0,0,2250,290
org.mudebug.prapr.mutators.ReturningDereferenceGuardMutator_2,16251157,6652,0,0,0,0,0,0,391
org.mudebug.prapr.mutators.FieldNameMutator_2,16251159,6678,0,0,0,0,0,5,603
org.mudebug.prapr.mutators.RelationalOperatorReplacement_3,16251166,3675,0,0,0,0,0,0,2362
org.mudebug.prapr.mutators.LocalToFieldAccessMutator_0,16251168,6694,0,0,1,1,1,5296,826
org.pitest.mutationtest.engine.gregor.mutators.InlineConstantMutator,16256466,5356,0,0,1,1,1,1316,215
org.mudebug.prapr.mutators.RelationalOperatorReplacement_2,16257787,1560,0,0,0,0,0,166,189
org.pitest.mutationtest.engine.gregor.mutators.experimental.MemberVariableMutator,16257955,1042,0,0,1,1,1,5290,228
org.mudebug.prapr.mutators.MethodNameMutator_3,16263247,5356,0,0,1,1,1,2566,344
org.mudebug.prapr.mutators.DereferenceGuardMutator_0,16265815,7557,0,0,0,0,0,0,76
org.mudebug.prapr.mutators.MethCallResultGuard_2,16265817,6706,0,0,0,0,0,0,1018
org.pitest.mutationtest.engine.gregor.mutators.ArgumentPropagationMutator,16265819,1231,0,0,0,1,1,17,69
org.pitest.mutationtest.engine.gregor.mutators.NegateConditionalsMutator,16265838,347,0,0,1,1,1,3670,506
org.mudebug.prapr.mutators.FieldNameMutator_1,16269510,1777,0,0,0,0,0,0,638
org.pitest.mutationtest.engine.gregor.mutators.experimental.MemberVariableMutator,16269512,7300,0,0,0,0,0,0,77
org.mudebug.prapr.mutators.MethodNameMutator_7,16269514,7302,0,0,0,0,0,9,127
org.pitest.mutationtest.engine.gregor.mutators.experimental.RemoveSwitchMutator_60,16269525,555,0,0,0,0,0,5,872
org.mudebug.prapr.mutators.MethCallResultGuard_1,16269532,7059,0,0,0,0,0,0,543
org.mudebug.prapr.mutators.FieldNameMutator_0,16269534,6652,0,0,1,1,1,4808,395
org.mudebug.prapr.mutators.RelationalOperatorReplacement_0,16274344,244,0,0,0,0,0,135,187
org.mudebug.prapr.mutators.ArgumentListMutator_0,16274481,5356,0,0,1,1,1,2861,351
org.mudebug.prapr.mutators.MethodNameMutator_1,16277344,1245,0,0,0,0,0,3,719
org.mudebug.prapr.mutators.ReturningDereferenceGuardMutator_1,16277349,557,0,0,0,0,0,0,1190
org.pitest.mutationtest.engine.gregor.mutators.ReturnValsMutator,16277351,4439,0,0,0,1,1,1813,128
org.mudebug.prapr.mutators.MethodNameMutator_5,16279166,4415,0,0,0,0,0,2103,549
org.mudebug.prapr.mutators.ArgumentListMutator_3,16281271,6706,0,0,0,1,1,2,1025
org.mudebug.prapr.mutators.LocalToFieldAccessMutator_2,16281275,6713,0,0,0,1,1,2703,1147
org.mudebug.prapr.mutators.ArgumentListMutator_2,16283980,5358,0,0,1,1,1,301,762
org.mudebug.prapr.mutators.MethCallResultGuard_1,16284283,343,0,0,0,0,0,0,464
org.mudebug.prapr.mutators.LocalNameMutator_2,16284285,6728,0,0,0,1,1,1476,1421
org.mudebug.prapr.mutators.FieldToLocalAccessMutator_1,16285763,6652,0,0,1,1,1,4980,400
org.mudebug.prapr.mutators.ReturningDereferenceGuardMutator_3,16290745,4410,0,0,0,0,0,0,464
org.pitest.mutationtest.engine.gregor.mutators.RemoveConditionalMutator_ORDER_ELSE,16290747,7199,0,0,0,0,0,93,84
org.mudebug.prapr.mutators.RelationalOperatorReplacement_1,16290842,6931,0,0,0,0,0,0,844
org.pitest.mutationtest.engine.gregor.mutators.ReturnValsMutator,16290844,3243,0,0,0,1,1,5175,73
org.mudebug.prapr.mutators.ReturningDereferenceGuardMutator_0,16296021,5353,0,0,0,0,0,0,64
org.mudebug.prapr.mutators.FieldNameMutator_0,16296023,6684,0,0,1,1,1,853,703
org.mudebug.prapr.mutators.RelationalOperatorReplacement_2,16296878,1143,0,0,0,1,1,4424,1727
org.pitest.mutationtest.engine.gregor.mutators.RemoveConditionalMutator_EQUAL_ELSE,16301304,1248,0,0,0,0,0,4,878
org.mudebug.prapr.mutators.FieldNameMutator_0,16301310,7302,0,0,0,0,0,17,102
org.mudebug.prapr.mutators.LocalNameMutator_2,16301329,1234,0,0,0,0,0,7,283
org.mudebug.prapr.mutators.MethodNameMutator_4,16301338,7247,0,0,0,0,0,0,597
org.mudebug.prapr.mutators.MethCallResultGuard_1,16301340,7183,0,0,0,0,0,5,103
org.mudebug.prapr.mutators.ArgumentListMutator_0,16301347,3263,0,0,0,0,0,5,50
org.mudebug.prapr.mutators.MethodNameMutator_7,16301354,6988,0,0,0,0,0,3,167
org.mudebug.prapr.mutators.LocalToFieldAccessMutator_2,16301359,6415,0,0,0,1,1,39,273
org.mudebug.prapr.mutators.DereferenceGuardMutator_0,16301400,3387,0,0,0,0,0,0,56
org.mudebug.prapr.mutators.ArgumentListMutator_0,16301409,244,0,0,0,0,0,0,176
org.mudebug.prapr.mutators.RelationalOperatorReplacement_0,16301411,247,0,0,0,0,0,0,251
org.pitest.mutationtest.engine.gregor.mutators.NonVoidMethodCallMutator,16301413,6749,0,0,0,0,0,1412,1961
org.pitest.mutationtest.engine.gregor.mutators.ArgumentPropagationMutator,16302827,5354,0,0,0,0,0,1,68
org.mudebug.prapr.mutators.ArgumentListMutator_0,16302830,7061,0,0,0,0,0,0,576
org.mudebug.prapr.mutators.RelationalOperatorReplacement_2,16302832,7250,0,0,0,0,0,31,662
org.mudebug.prapr.mutators.MethodNameMutator_2,16302865,5356,0,0,0,0,0,4,215
org.mudebug.prapr.mutators.ReturningDereferenceGuardMutator_0,16302871,6176,0,0,0,0,0,0,577
org.mudebug.prapr.mutators.FieldNameMutator_2,16302873,7058,0,0,1,1,1,5538,368
org.mudebug.prapr.mutators.FieldNameMutator_3,16308413,7058,0,0,1,1,1,5538,399
org.mudebug.prapr.mutators.MethCallResultGuard_2,16313953,1245,0,0,0,0,0,0,727
org.pitest.mutationtest.engine.gregor.mutators.ReturnValsMutator,16313955,7098,0,0,0,0,0,23,1022
org.mudebug.prapr.mutators.ReturningDereferenceGuardMutator_3,16313980,1106,0,0,0,0,0,0,1070
org.mudebug.prapr.mutators.MethCallResultGuard_2,16313982,495,0,0,0,0,0,5,255
org.mudebug.prapr.mutators.RelationalOperatorReplacement_0,16313989,6977,0,0,0,0,0,1,96
org.mudebug.prapr.mutators.MethCallResultGuard_2,16313992,1082,0,0,0,0,0,0,834
org.mudebug.prapr.mutators.MethodNameMutator_1,16313994,347,0,0,0,0,0,8,516
org.mudebug.prapr.mutators.LocalNameMutator_1,16314004,6684,0,0,1,1,1,740,706
org.mudebug.prapr.mutators.ArgumentListMutator_0,16314746,7556,0,0,0,0,0,2249,70
org.pitest.mutationtest.engine.gregor.mutators.ReturnValsMutator,16316997,7109,0,0,0,0,0,23,1174
org.pitest.mutationtest.engine.gregor.mutators.InlineConstantMutator,16317022,7497,0,0,0,0,0,540,377
org.pitest.mutationtest.engine.gregor.mutators.InlineConstantMutator,16317564,7058,0,0,1,1,1,5538,303
org.pitest.mutationtest.engine.gregor.mutators.NullReturnValsMutator,16323104,3569,0,0,1,1,1,214,496
org.mudebug.prapr.mutators.MethodNameMutator_0,16323320,6710,0,0,1,1,1,37,1066
org.mudebug.prapr.mutators.LocalNameMutator_2,16323359,4411,0,0,0,0,0,1381,497
org.mudebug.prapr.mutators.LocalToFieldAccessMutator_2,16324742,6669,0,0,1,1,1,3030,540
org.mudebug.prapr.mutators.FieldNameMutator_2,16327774,1777,0,0,0,0,0,0,686
org.mudebug.prapr.mutators.MethodNameMutator_1,16327782,1042,0,0,0,0,0,2,243
org.mudebug.prapr.mutators.DereferenceGuardMutator_3,16327786,1047,0,0,0,0,0,0,339
org.pitest.mutationtest.engine.gregor.mutators.NonVoidMethodCallMutator,16327788,3626,0,0,0,0,0,474,1516
org.mudebug.prapr.mutators.MethodNameMutator_5,16328264,6710,0,0,0,1,1,8,1070
org.mudebug.prapr.mutators.LocalToFieldAccessMutator_1,16328274,546,0,0,0,0,0,2,148
org.mudebug.prapr.mutators.NonVoidMethodCallGuardMutator_0,16328278,553,0,0,0,0,0,5,262
org.pitest.mutationtest.engine.gregor.mutators.ConstructorCallMutator,16328285,6696,0,0,0,1,1,604,837
org.mudebug.prapr.mutators.MethodNameMutator_0,16328891,7215,0,0,0,0,0,2194,128
org.pitest.mutationtest.engine.gregor.mutators.NonVoidMethodCallMutator,16331087,1245,0,0,1,1,1,24,673
org.mudebug.prapr.mutators.FieldNameMutator_3,16331113,7058,0,0,1,1,1,5071,478
org.pitest.mutationtest.engine.gregor.mutators.InlineConstantMutator,16336186,329,0,0,1,1,1,1393,299
org.mudebug.prapr.mutators.MethodNameMutator_2,16337581,347,0,0,0,0,0,778,516
org.mudebug.prapr.mutators.DereferenceGuardMutator_3,16338361,347,0,0,0,0,0,23,511
org.mudebug.prapr.mutators.LocalToFieldAccessMutator_0,16338386,7108,0,0,0,0,0,1606,1158
org.mudebug.prapr.mutators.MethodNameMutator_1,16339994,1106,0,0,0,0,0,0,1099
org.mudebug.prapr.mutators.LocalToFieldAccessMutator_0,16339996,6692,0,0,1,1,1,4587,808
org.mudebug.prapr.mutators.MethodNameMutator_3,16344585,347,0,0,1,1,1,1985,537
org.pitest.mutationtest.engine.gregor.mutators.BooleanTrueReturnValsMutator,16346572,1927,0,0,0,1,1,2838,43
org.pitest.mutationtest.engine.gregor.mutators.NonVoidMethodCallMutator,16349415,247,0,0,0,0,0,0,243
org.mudebug.prapr.mutators.RelationalOperatorReplacement_1,16349417,247,0,0,0,0,0,0,251
org.mudebug.prapr.mutators.ArgumentListMutator_4,16349419,7059,0,0,1,1,1,5538,554
org.mudebug.prapr.mutators.ArgumentListMutator_4,16354959,7058,0,0,0,0,0,6,488
org.mudebug.prapr.mutators.MethCallResultGuard_0,16354967,4423,0,0,0,0,0,5,614
org.mudebug.prapr.mutators.ReturningDereferenceGuardMutator_0,16354974,7505,0,0,0,0,0,0,467
org.mudebug.prapr.mutators.LocalToFieldAccessMutator_4,16354976,6710,0,0,0,0,0,8,1071
org.mudebug.prapr.mutators.LocalNameMutator_0,16354986,6732,0,0,0,0,0,0,1624
org.mudebug.prapr.mutators.FieldNameMutator_2,16354988,6672,0,0,1,1,1,5025,552
org.mudebug.prapr.mutators.RelationalOperatorReplacement_3,16360015,7790,0,0,0,1,1,2652,315
org.mudebug.prapr.mutators.LocalToFieldAccessMutator_0,16362669,4410,0,0,1,1,1,4270,439
org.pitest.mutationtest.engine.gregor.mutators.experimental.MemberVariableMutator,16366941,1777,0,0,0,0,0,0,663
org.mudebug.prapr.mutators.FieldAccessToMethodCallMutator_2,16366943,6743,0,0,1,1,1,2894,1869
org.mudebug.prapr.mutators.MethodNameMutator_3,16369839,1144,0,0,0,0,0,53,1740
org.pitest.mutationtest.engine.gregor.mutators.ReturnValsMutator,16369894,1231,0,0,0,0,0,14,101
org.mudebug.prapr.mutators.DereferenceGuardMutator_0,16369910,5354,0,0,0,0,0,0,68
org.mudebug.prapr.mutators.VoidMethodCallGuardMutator,16369912,7058,0,0,0,0,0,0,478
org.pitest.mutationtest.engine.gregor.mutators.InlineConstantMutator,16369914,7058,0,0,1,1,1,5538,464
org.mudebug.prapr.mutators.FieldNameMutator_1,16375454,1245,0,0,0,1,1,71,801
org.pitest.mutationtest.engine.gregor.mutators.experimental.MemberVariableMutator,16375527,5351,0,0,1,1,1,2868,47
org.pitest.mutationtest.engine.gregor.mutators.experimental.RemoveSwitchMutator_70,16378397,5356,0,0,0,0,0,0,117
org.mudebug.prapr.mutators.ArgumentListMutator_0,16378399,7052,0,0,1,1,1,5538,136
org.mudebug.prapr.mutators.ReturningDereferenceGuardMutator_0,16383939,6674,0,0,0,0,0,0,560
org.mudebug.prapr.mutators.ArgumentListMutator_5,16383949,1043,0,0,0,0,0,173,270
org.mudebug.prapr.mutators.RelationalOperatorReplacement_0,16384124,1554,0,0,0,0,0,0,143
org.pitest.mutationtest.engine.gregor.mutators.RemoveConditionalMutator_EQUAL_ELSE,16384126,6706,0,0,0,1,1,2,971
org.mudebug.prapr.mutators.RelationalOperatorReplacement_1,16384133,1563,0,0,0,0,0,46,241
org.mudebug.prapr.mutators.ArgumentListMutator_3,16384181,7764,0,0,1,1,1,5426,465
org.mudebug.prapr.mutators.FieldAccessToMethodCallMutator_1,16389609,1777,0,0,0,0,0,0,674
org.mudebug.prapr.mutators.LocalNameMutator_0,16389611,7058,0,0,0,0,0,16,368
org.mudebug.prapr.mutators.MethCallResultGuard_1,16389631,6799,0,0,0,0,0,5,104
org.pitest.mutationtest.engine.gregor.mutators.NegateConditionalsMutator,16389638,7263,0,0,1,1,1,5538,850
org.mudebug.prapr.mutators.FieldToLocalAccessMutator_0,16395182,1833,0,0,1,1,1,5209,73
org.mudebug.prapr.mutators.LocalToFieldAccessMutator_1,16400393,6711,0,0,0,1,1,2701,1131
org.mudebug.prapr.mutators.FieldNameMutator_2,16403096,1777,0,0,0,0,0,0,680
org.mudebug.prapr.mutators.MethodNameMutator_4,16403098,7302,0,0,0,0,0,68,102
org.mudebug.prapr.mutators.LocalToFieldAccessMutator_1,16403168,4632,0,0,0,0,0,5,118
org.mudebug.prapr.mutators.RelationalOperatorReplacement_1,16403175,244,0,0,0,0,0,138,187
org.pitest.mutationtest.engine.gregor.mutators.experimental.MemberVariableMutator,16403315,1777,0,0,1,1,1,2693,603
org.mudebug.prapr.mutators.FieldAccessToMethodCallMutator_0,16406010,1777,0,0,0,0,0,0,649
org.pitest.mutationtest.engine.gregor.mutators.NonVoidMethodCallMutator,16406012,7209,0,0,1,1,1,5538,51
org.mudebug.prapr.mutators.ReturningDereferenceGuardMutator_0,16411552,6683,0,0,0,0,0,0,685
org.pitest.mutationtest.engine.gregor.mutators.NullReturnValsMutator,16411554,3246,0,0,1,1,1,4452,85
org.pitest.mutationtest.engine.gregor.mutators.VoidMethodCallMutator,16416010,5356,0,0,0,1,1,39,513
org.pitest.mutationtest.engine.gregor.mutators.NonVoidMethodCallMutator,16416051,359,0,0,1,1,1,3535,674
org.mudebug.prapr.mutators.MethodNameMutator_1,16419588,1245,0,0,0,0,0,6,718
org.pitest.mutationtest.engine.gregor.mutators.RemoveConditionalMutator_ORDER_IF,16419596,7303,0,0,0,0,0,1858,170
org.mudebug.prapr.mutators.FieldNameMutator_2,16421456,1777,0,0,0,0,0,0,682
org.pitest.mutationtest.engine.gregor.mutators.NonVoidMethodCallMutator,16421458,7790,0,0,0,1,1,2652,315
org.mudebug.prapr.mutators.MethCallResultGuard_1,16424115,3497,0,0,0,0,0,0,421
org.mudebug.prapr.mutators.ArithmeticOperatorReplacement_5,16424117,6713,0,0,0,0,0,75,1149
org.mudebug.prapr.mutators.MethodNameMutator_6,16424194,4415,0,0,0,0,0,2103,549
org.mudebug.prapr.mutators.LocalToFieldAccessMutator_0,16426299,6743,0,0,1,1,1,2923,1867
org.mudebug.prapr.mutators.ReturningDereferenceGuardMutator_1,16429224,5356,0,0,0,0,0,5,365
org.mudebug.prapr.mutators.LocalToFieldAccessMutator_2,16429231,6678,0,0,1,1,1,5985,606
org.mudebug.prapr.mutators.FieldAccessToMethodCallMutator_1,16435227,1777,0,0,0,0,0,0,728
org.mudebug.prapr.mutators.LocalNameMutator_2,16435229,7058,0,0,0,0,0,7,377
org.mudebug.prapr.mutators.ArgumentListMutator_0,16435238,7300,0,0,1,1,1,5538,71
org.pitest.mutationtest.engine.gregor.mutators.experimental.RemoveSwitchMutator_86,16440778,3584,0,0,0,0,0,0,901
org.mudebug.prapr.mutators.LocalNameMutator_1,16440780,4411,0,0,0,0,0,46,502
org.mudebug.prapr.mutators.RelationalOperatorReplacement_2,16440828,244,0,0,0,0,0,0,176
org.pitest.mutationtest.engine.gregor.mutators.NonVoidMethodCallMutator,16440830,7058,0,0,0,0,0,77,476
org.mudebug.prapr.mutators.MethodNameMutator_9,16440909,7204,0,0,0,0,0,7,135
org.mudebug.prapr.mutators.ArithmeticOperatorReplacement_6,16440918,5219,0,0,1,1,1,2695,181
org.mudebug.prapr.mutators.ArgumentListMutator_3,16443615,7058,0,0,0,0,0,5,439
org.mudebug.prapr.mutators.ArgumentListMutator_4,16443622,7052,0,0,0,0,0,5,112
org.pitest.mutationtest.engine.gregor.mutators.experimental.RemoveSwitchMutator_88,16443629,3584,0,0,0,0,0,0,901
org.pitest.mutationtest.engine.gregor.mutators.RemoveConditionalMutator_EQUAL_ELSE,16443631,6695,0,0,0,1,1,504,831
org.mudebug.prapr.mutators.ReturningDereferenceGuardMutator_4,16444137,1109,0,0,0,0,0,0,1223
org.pitest.mutationtest.engine.gregor.mutators.NonVoidMethodCallMutator,16444139,5358,0,0,0,1,1,39,725
org.pitest.mutationtest.engine.gregor.mutators.EmptyObjectReturnValsMutator,16444180,7556,0,0,0,0,0,2249,70
org.mudebug.prapr.mutators.RelationalOperatorReplacement_0,16446431,6987,0,0,0,0,0,3,152
org.mudebug.prapr.mutators.FieldNameMutator_3,16446436,5356,0,0,0,0,0,0,522
org.mudebug.prapr.mutators.LocalToFieldAccessMutator_4,16446440,6723,0,0,1,1,1,4960,1349
org.mudebug.prapr.mutators.MethodNameMutator_4,16451402,5214,0,0,0,0,0,0,112
org.mudebug.prapr.mutators.ReturningDereferenceGuardMutator_0,16451404,1106,0,0,0,0,0,0,1202
org.mudebug.prapr.mutators.FieldAccessToMethodCallMutator_1,16451406,6684,0,0,1,1,1,839,703
org.pitest.mutationtest.engine.gregor.mutators.experimental.MemberVariableMutator,16452247,1777,0,0,0,0,0,0,696
org.mudebug.prapr.mutators.MethCallResultGuard_2,16452249,7059,0,0,0,0,0,0,554
org.mudebug.prapr.mutators.MethCallResultGuard_1,16452251,495,0,0,0,0,0,5,233
org.mudebug.prapr.mutators.FieldNameMutator_3,16452258,7058,0,0,1,1,1,5226,322
org.mudebug.prapr.mutators.FieldNameMutator_0,16457486,2306,0,0,0,0,0,2,41
org.pitest.mutationtest.engine.gregor.mutators.NegateConditionalsMutator,16457490,3558,0,0,0,1,1,54,123
org.mudebug.prapr.mutators.ReturningDereferenceGuardMutator_1,16457546,4415,0,0,0,0,0,0,549
org.mudebug.prapr.mutators.LocalNameMutator_0,16457548,7108,0,0,1,1,1,5538,1154
org.mudebug.prapr.mutators.FieldAccessToMethodCallMutator_1,16463088,6678,0,0,1,1,1,5951,611
org.mudebug.prapr.mutators.LocalNameMutator_2,16469041,7058,0,0,0,0,0,2252,417
org.pitest.mutationtest.engine.gregor.mutators.InlineConstantMutator,16471295,5356,0,0,0,0,0,3,505
org.mudebug.prapr.mutators.ReturningDereferenceGuardMutator_1,16471300,1555,0,0,0,0,0,0,154
org.pitest.mutationtest.engine.gregor.mutators.MathMutator,16471302,347,0,0,0,0,0,1022,539
org.pitest.mutationtest.engine.gregor.mutators.VoidMethodCallMutator,16472326,7490,0,0,0,0,0,24,252
org.mudebug.prapr.mutators.LocalToFieldAccessMutator_1,16472352,6728,0,0,0,1,1,4,1413
org.pitest.mutationtest.engine.gregor.mutators.RemoveConditionalMutator_EQUAL_IF,16472358,5375,0,0,0,1,1,39,1034
org.mudebug.prapr.mutators.ArgumentListMutator_4,16472399,6710,0,0,0,1,1,8,1067
org.mudebug.prapr.mutators.RelationalOperatorReplacement_3,16472409,4392,0,0,0,0,0,1933,206
org.pitest.mutationtest.engine.gregor.mutators.NonVoidMethodCallMutator,16474344,3563,0,0,0,0,0,4,307
org.mudebug.prapr.mutators.MethCallResultGuard_1,16474350,7061,0,0,0,0,0,2,573
org.mudebug.prapr.mutators.ArgumentListMutator_4,16474354,1048,0,0,1,1,1,4574,346
org.mudebug.prapr.mutators.DereferenceGuardMutator_1,16478930,2306,0,0,0,0,0,0,41
org.mudebug.prapr.mutators.NonVoidMethodCallGuardMutator_0,16478932,6988,0,0,0,0,0,0,167
org.mudebug.prapr.mutators.VoidMethodCallGuardMutator,16478934,2457,0,0,0,0,0,0,48
org.pitest.mutationtest.engine.gregor.mutators.RemoveConditionalMutator_EQUAL_ELSE,16484002,7382,0,0,0,0,0,0,415
org.mudebug.prapr.mutators.ArgumentListMutator_1,16484004,557,0,0,0,0,0,6,1190
org.mudebug.prapr.mutators.FieldAccessToMethodCallMutator_3,16484012,1777,0,0,0,0,0,0,663
org.pitest.mutationtest.engine.gregor.mutators.ReturnValsMutator,16484014,7611,0,0,0,1,1,31,118
org.mudebug.prapr.mutators.LocalNameMutator_0,16484047,7058,0,0,0,0,0,6,384
org.pitest.mutationtest.engine.gregor.mutators.RemoveConditionalMutator_EQUAL_IF,16484055,3417,0,0,0,0,0,0,96
org.mudebug.prapr.mutators.MethodNameMutator_0,16484057,6988,0,0,0,0,0,3,168
org.mudebug.prapr.mutators.LocalToFieldAccessMutator_1,16484062,6728,0,0,0,1,1,2812,1407
org.mudebug.prapr.mutators.FieldAccessToMethodCallMutator_2,16486876,6684,0,0,1,1,1,1026,714
org.mudebug.prapr.mutators.RelationalOperatorReplacement_1,16487904,5375,0,0,0,0,0,31,1036
org.pitest.mutationtest.engine.gregor.mutators.ReturnValsMutator,16487937,555,0,0,1,1,1,4416,1126
org.mudebug.prapr.mutators.MethodNameMutator_0,16492355,7058,0,0,0,0,0,0,325
org.pitest.mutationtest.engine.gregor.mutators.NegateConditionalsMutator,16492357,6743,0,0,1,1,1,2710,1867
org.mudebug.prapr.mutators.ArgumentListMutator_3,16495069,5356,0,0,1,1,1,251,513
org.mudebug.prapr.mutators.FieldToLocalAccessMutator_0,16495322,5212,0,0,0,0,0,25,62
org.mudebug.prapr.mutators.RelationalOperatorReplacement_0,16495349,1106,0,0,0,1,1,2978,1137
org.mudebug.prapr.mutators.ReturningDereferenceGuardMutator_4,16498329,1106,0,0,0,0,0,0,1185
org.pitest.mutationtest.engine.gregor.mutators.RemoveConditionalMutator_EQUAL_IF,16498331,6176,0,0,0,1,1,127,571
org.mudebug.prapr.mutators.MethodNameMutator_4,16498460,7259,0,0,0,0,0,5,823
org.mudebug.prapr.mutators.FieldNameMutator_2,16498467,1777,0,0,0,0,0,0,685
org.mudebug.prapr.mutators.FieldAccessToMethodCallMutator_0,16498469,1537,0,0,0,0,0,0,30
org.mudebug.prapr.mutators.ReturningDereferenceGuardMutator_1,16498471,6738,0,0,0,0,0,0,1794
org.pitest.mutationtest.engine.gregor.mutators.NonVoidMethodCallMutator,16498473,6972,0,0,1,1,1,5538,66
org.mudebug.prapr.mutators.MethodNameMutator_6,16504013,334,0,0,0,0,0,17,382
org.mudebug.prapr.mutators.DereferenceGuardMutator_2,16504037,558,0,0,0,0,0,0,1194
org.mudebug.prapr.mutators.ArgumentListMutator_2,16504039,3711,0,0,1,1,1,5303,72
org.mudebug.prapr.mutators.ArgumentListMutator_1,16509344,7215,0,0,0,0,0,0,128
org.mudebug.prapr.mutators.ArithmeticOperatorReplacement_8,16509353,4720,0,0,0,0,0,2,42
org.mudebug.prapr.mutators.MethCallResultGuard_2,16509357,6725,0,0,0,0,0,0,1369
org.mudebug.prapr.mutators.FieldToLocalAccessMutator_1,16509359,7785,0,0,0,1,1,2848,360
org.mudebug.prapr.mutators.FieldNameMutator_1,16512209,6176,0,0,0,0,0,5,571
org.mudebug.prapr.mutators.ReturningDereferenceGuardMutator_2,16512216,546,0,0,0,0,0,0,149
org.pitest.mutationtest.engine.gregor.mutators.RemoveConditionalMutator_EQUAL_IF,16512218,1245,0,0,0,1,1,13,728
org.mudebug.prapr.mutators.ArgumentListMutator_2,16512233,2457,0,0,1,1,1,5291,47
org.mudebug.prapr.mutators.FieldNameMutator_1,16517526,1777,0,0,0,0,0,0,705
org.pitest.mutationtest.engine.gregor.mutators.InlineConstantMutator,16517528,7265,0,0,1,1,1,5538,867
org.pitest.mutationtest.engine.gregor.mutators.VoidMethodCallMutator,16523068,7059,0,0,0,0,0,5,543
org.mudebug.prapr.mutators.RelationalOperatorReplacement_1,16523075,1562,0,0,0,0,0,2,209
org.pitest.mutationtest.engine.gregor.mutators.experimental.MemberVariableMutator,16523079,1271,0,0,0,0,0,0,35
org.mudebug.prapr.mutators.LocalToFieldAccessMutator_0,16523081,6696,0,0,0,0,0,13,835
org.mudebug.prapr.mutators.FieldAccessToMethodCallMutator_1,16523098,1777,0,0,0,0,0,0,650
org.mudebug.prapr.mutators.LocalNameMutator_1,16523100,7058,0,0,0,0,0,26,358
org.mudebug.prapr.mutators.DereferenceGuardMutator_4,16523128,6744,0,0,0,0,0,4,1894
org.pitest.mutationtest.engine.gregor.mutators.NegateConditionalsMutator,16523134,5213,0,0,0,0,0,25,91
org.pitest.mutationtest.engine.gregor.mutators.RemoveConditionalMutator_EQUAL_IF,16523161,2459,0,0,1,1,1,5291,56
org.mudebug.prapr.mutators.MethodNameMutator_3,16528454,369,0,0,1,1,1,3741,807
org.mudebug.prapr.mutators.DereferenceGuardMutator_3,16532197,6678,0,0,0,0,0,0,606
org.mudebug.prapr.mutators.RelationalOperatorReplacement_1,16532199,5359,0,0,0,0,0,2,777
org.pitest.mutationtest.engine.gregor.mutators.RemoveConditionalMutator_EQUAL_IF,16532203,1560,0,0,0,1,1,230,184
org.pitest.mutationtest.engine.gregor.mutators.ConstructorCallMutator,16532435,7058,0,0,1,1,1,5538,303
org.mudebug.prapr.mutators.MethCallResultGuard_0,16537975,7058,0,0,0,0,0,0,337
org.mudebug.prapr.mutators.MethodNameMutator_0,16537977,1053,0,0,1,1,1,4554,432
org.pitest.mutationtest.engine.gregor.mutators.NonVoidMethodCallMutator,16542533,517,0,0,0,0,0,0,91
org.pitest.mutationtest.engine.gregor.mutators.EmptyObjectReturnValsMutator,16542535,5193,0,0,0,1,1,4734,90
org.mudebug.prapr.mutators.RelationalOperatorReplacement_3,16547271,1248,0,0,0,0,0,6,878
org.mudebug.prapr.mutators.MethCallResultGuard_0,16547279,1234,0,0,0,0,0,0,302
org.mudebug.prapr.mutators.LocalNameMutator_0,16547281,6689,0,0,0,1,1,5,783
org.pitest.mutationtest.engine.gregor.mutators.NonVoidMethodCallMutator,16547288,5359,0,0,0,0,0,2,777
org.mudebug.prapr.mutators.LocalNameMutator_0,16547292,6651,0,0,0,0,0,0,383
org.mudebug.prapr.mutators.MethodNameMutator_0,16547294,4667,0,0,0,1,1,2583,67
org.mudebug.prapr.mutators.FieldNameMutator_0,16549879,7220,0,0,0,0,0,344,177
org.pitest.mutationtest.engine.gregor.mutators.experimental.MemberVariableMutator,16550225,7786,0,0,1,1,1,5193,281
org.mudebug.prapr.mutators.MethodNameMutator_0,16555420,1234,0,0,1,1,1,3,310
org.pitest.mutationtest.engine.gregor.mutators.experimental.MemberVariableMutator,16555428,7131,0,0,0,0,0,3,76
org.mudebug.prapr.mutators.NonVoidMethodCallGuardMutator_0,16555433,1562,0,0,0,0,0,0,206
org.pitest.mutationtest.engine.gregor.mutators.BooleanTrueReturnValsMutator,16555435,3592,0,0,0,0,0,554,1084
org.mudebug.prapr.mutators.MethCallResultGuard_1,16555991,1245,0,0,0,0,0,0,728
org.mudebug.prapr.mutators.MethodNameMutator_2,16555993,348,0,0,0,0,0,0,557
org.pitest.mutationtest.engine.gregor.mutators.NonVoidMethodCallMutator,16555995,5362,0,0,0,0,0,1,816
org.mudebug.prapr.mutators.DereferenceGuardMutator_0,16555998,343,0,0,0,0,0,0,464
org.pitest.mutationtest.engine.gregor.mutators.RemoveConditionalMutator_EQUAL_IF,16556000,7556,0,0,0,0,0,2249,67
org.mudebug.prapr.mutators.FieldNameMutator_1,16558251,7058,0,0,1,1,1,5538,241
org.mudebug.prapr.mutators.MethodNameMutator_6,16563791,1563,0,0,0,0,0,1,245
org.pitest.mutationtest.engine.gregor.mutators.experimental.RemoveSwitchMutator_14,16563796,6649,0,0,0,0,0,0,175
org.mudebug.prapr.mutators.LocalNameMutator_0,16563802,1245,0,0,0,0,0,5,728
org.mudebug.prapr.mutators.DereferenceGuardMutator_1,16563809,6678,0,0,0,0,0,0,606
org.pitest.mutationtest.engine.gregor.mutators.NegateConditionalsMutator,16563811,6652,0,0,1,1,1,5084,395
org.mudebug.prapr.mutators.FieldNameMutator_4,16568897,1777,0,0,0,0,0,15,726
org.mudebug.prapr.mutators.MethodNameMutator_4,16568914,6973,0,0,0,0,0,4,71
org.mudebug.prapr.mutators.ReturningDereferenceGuardMutator_0,16568920,6674,0,0,0,0,0,0,564
org.pitest.mutationtest.engine.gregor.mutators.BooleanTrueReturnValsMutator,16568922,7259,0,0,0,0,0,5,823
org.mudebug.prapr.mutators.MethodNameMutator_2,16568929,329,0,0,1,1,1,1399,299
org.mudebug.prapr.mutators.MethodNameMutator_0,16570333,6706,0,0,1,1,1,50,932
org.mudebug.prapr.mutators.RelationalOperatorReplacement_0,16570385,1106,0,0,0,0,0,0,1178
org.mudebug.prapr.mutators.LocalNameMutator_0,16570387,6711,0,0,0,0,0,14,1133
org.mudebug.prapr.mutators.FieldNameMutator_5,16570403,7058,0,0,1,1,1,5538,409
org.mudebug.prapr.mutators.ReturningDereferenceGuardMutator_3,16575943,1788,0,0,0,0,0,0,856
org.pitest.mutationtest.engine.gregor.mutators.NonVoidMethodCallMutator,16575945,1777,0,0,0,0,0,24,744
org.mudebug.prapr.mutators.NonVoidMethodCallGuardMutator_0,16575971,5356,0,0,0,0,0,0,182
org.mudebug.prapr.mutators.VoidMethodCallGuardMutator,16575973,7058,0,0,0,0,0,0,238
org.mudebug.prapr.mutators.ReturningDereferenceGuardMutator_4,16575975,5354,0,0,0,0,0,0,68
org.mudebug.prapr.mutators.MethCallResultGuard_1,16575977,7112,0,0,0,0,0,0,1216
org.mudebug.prapr.mutators.FieldNameMutator_5,16575979,1777,0,0,0,0,0,0,753
org.pitest.mutationtest.engine.gregor.mutators.experimental.MemberVariableMutator,16575981,5212,0,0,0,0,0,25,62
org.mudebug.prapr.mutators.FieldAccessToMethodCallMutator_0,16576008,6386,0,0,1,1,1,1389,255
org.mudebug.prapr.mutators.ArgumentListMutator_0,16577399,7556,0,0,1,1,1,5226,70
org.mudebug.prapr.mutators.FieldAccessToMethodCallMutator_1,16582627,4630,0,0,1,1,1,5209,110
org.mudebug.prapr.mutators.MethodNameMutator_0,16587838,3664,0,0,0,0,0,26,2189
org.mudebug.prapr.mutators.VoidMethodCallGuardMutator,16587866,7058,0,0,0,0,0,0,368
org.mudebug.prapr.mutators.RelationalOperatorReplacement_1,16587868,5362,0,0,0,1,1,152,816
org.mudebug.prapr.mutators.FieldNameMutator_2,16588022,6652,0,0,0,0,0,5,395
org.mudebug.prapr.mutators.RelationalOperatorReplacement_2,16588029,7247,0,0,0,0,0,0,597
org.mudebug.prapr.mutators.ReturningDereferenceGuardMutator_0,16588031,1106,0,0,0,0,0,0,1096
org.mudebug.prapr.mutators.ReturningDereferenceGuardMutator_3,16588033,1038,0,0,0,0,0,0,191
org.mudebug.prapr.mutators.FieldNameMutator_0,16588035,7058,0,0,1,1,1,5226,433
org.mudebug.prapr.mutators.FieldAccessToMethodCallMutator_3,16593263,6674,0,0,1,1,1,2709,563
org.mudebug.prapr.mutators.MethCallResultGuard_2,16595974,6725,0,0,0,0,0,0,1369
org.mudebug.prapr.mutators.FieldNameMutator_4,16595976,7058,0,0,0,0,0,2251,374
org.pitest.mutationtest.engine.gregor.mutators.NonVoidMethodCallMutator,16598229,7300,0,0,1,1,1,5538,71
org.mudebug.prapr.mutators.MethCallResultGuard_0,16603769,547,0,0,0,0,0,0,165
org.mudebug.prapr.mutators.LocalNameMutator_1,16603771,7058,0,0,0,0,0,2250,345
org.mudebug.prapr.mutators.RelationalOperatorReplacement_0,16606023,3651,0,0,0,0,0,76,1955
org.mudebug.prapr.mutators.MethodNameMutator_4,16606101,517,0,0,0,0,0,4,97
org.pitest.mutationtest.engine.gregor.mutators.InlineConstantMutator,16606107,553,0,0,0,0,0,40,267
org.mudebug.prapr.mutators.MethodNameMutator_0,16606149,1144,0,0,0,1,1,2978,1740
org.mudebug.prapr.mutators.LocalToFieldAccessMutator_3,16609129,6696,0,0,0,1,1,585,836
org.mudebug.prapr.mutators.FieldToLocalAccessMutator_0,16609716,7008,0,0,0,0,0,0,503
org.mudebug.prapr.mutators.ReturningDereferenceGuardMutator_0,16609718,1106,0,0,0,0,0,0,1196
org.mudebug.prapr.mutators.MethCallResultGuard_0,16609720,495,0,0,0,0,0,0,247
org.mudebug.prapr.mutators.FieldNameMutator_5,16609722,1777,0,0,0,0,0,0,647
org.mudebug.prapr.mutators.FieldAccessToMethodCallMutator_2,16609724,6668,0,0,1,1,1,5496,536
org.pitest.mutationtest.engine.gregor.mutators.RemoveConditionalMutator_EQUAL_IF,16615222,5356,0,0,1,1,1,1314,215
org.pitest.mutationtest.engine.gregor.mutators.NonVoidMethodCallMutator,16616538,7112,0,0,0,0,0,28,1216
org.mudebug.prapr.mutators.LocalNameMutator_0,16616568,3388,0,0,1,1,1,81,71
org.pitest.mutationtest.engine.gregor.mutators.RemoveConditionalMutator_EQUAL_IF,16616651,5356,0,0,0,1,1,92,432
org.mudebug.prapr.mutators.FieldToLocalAccessMutator_2,16616745,6743,0,0,0,0,0,1697,1871
org.mudebug.prapr.mutators.ArgumentListMutator_0,16618444,4257,0,0,0,1,1,163,408
org.mudebug.prapr.mutators.FieldToLocalAccessMutator_1,16618609,6689,0,0,0,1,1,5,782
org.mudebug.prapr.mutators.MethCallResultGuard_0,16618616,1234,0,0,0,0,0,0,260
org.mudebug.prapr.mutators.FieldToLocalAccessMutator_0,16618618,6712,0,0,0,0,0,65,1137
org.mudebug.prapr.mutators.ArithmeticOperatorReplacement_0,16618685,6713,0,0,0,0,0,0,1152
org.mudebug.prapr.mutators.FieldNameMutator_2,16618687,7057,0,0,0,0,0,0,230
org.pitest.mutationtest.engine.gregor.mutators.InlineConstantMutator,16618689,4411,0,0,1,1,1,4269,500
org.mudebug.prapr.mutators.MethCallResultGuard_0,16622960,348,0,0,0,0,0,0,556
org.mudebug.prapr.mutators.FieldNameMutator_5,16622962,1777,0,0,0,0,0,0,644
org.pitest.mutationtest.engine.gregor.mutators.NegateConditionalsMutator,16622964,247,0,0,0,0,0,0,251
org.mudebug.prapr.mutators.FieldToLocalAccessMutator_0,16622966,3384,0,0,1,1,1,173,37
org.mudebug.prapr.mutators.MethodNameMutator_0,16623141,347,0,0,0,0,0,4,520
org.pitest.mutationtest.engine.gregor.mutators.experimental.RemoveSwitchMutator_61,16623147,495,0,0,0,0,0,196,119
org.mudebug.prapr.mutators.MethodNameMutator_0,16623345,7233,0,0,0,0,0,1,297
org.pitest.mutationtest.engine.gregor.mutators.NonVoidMethodCallMutator,16623348,7059,0,0,1,1,1,5538,553
org.mudebug.prapr.mutators.FieldAccessToMethodCallMutator_1,16628888,6669,0,0,1,1,1,1523,540
org.mudebug.prapr.mutators.MethCallResultGuard_0,16630413,6706,0,0,0,0,0,0,977
org.mudebug.prapr.mutators.ReturningDereferenceGuardMutator_0,16630415,346,0,0,0,0,0,0,490
org.pitest.mutationtest.engine.gregor.mutators.RemoveConditionalMutator_EQUAL_IF,16630417,6652,0,0,0,0,0,5,391
org.mudebug.prapr.mutators.FieldNameMutator_2,16630424,7058,0,0,0,0,0,269,515
org.mudebug.prapr.mutators.MethodNameMutator_8,16630695,3675,0,0,0,0,0,0,2356
org.mudebug.prapr.mutators.ReturningDereferenceGuardMutator_0,16630697,369,0,0,0,0,0,0,805
org.mudebug.prapr.mutators.MethCallResultGuard_2,16630699,5356,0,0,0,1,1,224,83
org.mudebug.prapr.mutators.FieldToLocalAccessMutator_3,16630925,6743,0,0,0,0,0,1697,1871
org.mudebug.prapr.mutators.RelationalOperatorReplacement_2,16632624,3563,0,0,0,0,0,0,307
org.mudebug.prapr.mutators.FieldNameMutator_3,16632626,1777,0,0,0,0,0,0,723
org.mudebug.prapr.mutators.MethodNameMutator_0,16632628,6684,0,0,0,0,0,0,697
org.mudebug.prapr.mutators.LocalNameMutator_2,16632630,7058,0,0,0,0,0,35,341
org.pitest.mutationtest.engine.gregor.mutators.RemoveConditionalMutator_EQUAL_IF,16632667,6706,0,0,1,1,1,49,959
org.pitest.mutationtest.engine.gregor.mutators.NonVoidMethodCallMutator,16632718,7058,0,0,0,0,0,103,482
org.mudebug.prapr.mutators.FieldNameMutator_1,16632823,6678,0,0,1,1,1,4565,607
org.mudebug.prapr.mutators.ReturningDereferenceGuardMutator_0,16637390,6697,0,0,0,0,0,0,849
org.pitest.mutationtest.engine.gregor.mutators.experimental.MemberVariableMutator,16637392,1053,0,0,1,1,1,4574,430
org.mudebug.prapr.mutators.MethodNameMutator_5,16641968,1144,0,0,0,0,0,227,1740
org.mudebug.prapr.mutators.LocalNameMutator_0,16642197,6743,0,0,1,1,1,2142,1878
org.pitest.mutationtest.engine.gregor.mutators.experimental.RemoveSwitchMutator_28,16644341,6415,0,0,0,0,0,0,273
org.mudebug.prapr.mutators.LocalNameMutator_1,16644346,7058,0,0,0,0,0,4,482
org.pitest.mutationtest.engine.gregor.mutators.experimental.RemoveSwitchMutator_54,16644352,3636,0,0,0,0,0,0,1649
org.mudebug.prapr.mutators.ReturningDereferenceGuardMutator_1,16644354,2306,0,0,0,0,0,0,41
org.pitest.mutationtest.engine.gregor.mutators.NonVoidMethodCallMutator,16644356,7058,0,0,1,1,1,5538,408
org.pitest.mutationtest.engine.gregor.mutators.experimental.RemoveSwitchMutator_32,16649896,3584,0,0,0,0,0,0,901
org.mudebug.prapr.mutators.FieldNameMutator_3,16649898,1777,0,0,0,0,0,0,650
org.pitest.mutationtest.engine.gregor.mutators.VoidMethodCallMutator,16649900,7058,0,0,1,1,1,5538,449
org.mudebug.prapr.mutators.ArgumentListMutator_0,16655440,5356,0,0,0,0,0,1,110
org.mudebug.prapr.mutators.ArgumentListMutator_2,16655443,7202,0,0,0,0,0,5,123
org.pitest.mutationtest.engine.gregor.mutators.NonVoidMethodCallMutator,16655450,6706,0,0,1,1,1,49,972
org.mudebug.prapr.mutators.FieldToLocalAccessMutator_0,16655501,7355,0,0,0,0,0,2332,111
org.mudebug.prapr.mutators.LocalNameMutator_0,16657835,7058,0,0,0,0,0,17,398
org.mudebug.prapr.mutators.LocalToFieldAccessMutator_0,16657854,6711,0,0,0,1,1,2701,1133
org.mudebug.prapr.mutators.ReturningDereferenceGuardMutator_1,16660557,6652,0,0,0,0,0,0,389
org.mudebug.prapr.mutators.MethCallResultGuard_0,16660559,7263,0,0,0,0,0,0,851
org.mudebug.prapr.mutators.MethodNameMutator_2,16660561,7302,0,0,1,1,1,5538,137
org.pitest.mutationtest.engine.gregor.mutators.NegateConditionalsMutator,16666101,159,0,0,0,0,0,1,649
org.mudebug.prapr.mutators.MethodNameMutator_3,16666104,6867,0,0,0,0,0,15,159
org.mudebug.prapr.mutators.VoidMethodCallGuardMutator,16666121,5353,0,0,0,0,0,0,64
org.mudebug.prapr.mutators.RelationalOperatorReplacement_3,16666123,7790,0,0,0,1,1,2652,315
org.mudebug.prapr.mutators.MethCallResultGuard_1,16668777,495,0,0,0,0,0,0,237
org.pitest.mutationtest.engine.gregor.mutators.InlineConstantMutator,16668782,7307,0,0,0,0,0,0,209
org.pitest.mutationtest.engine.gregor.mutators.RemoveConditionalMutator_EQUAL_IF,16668784,7302,0,0,0,0,0,25,127
org.mudebug.prapr.mutators.FieldNameMutator_3,16668814,1777,0,0,0,0,0,0,688
org.mudebug.prapr.mutators.ArgumentListMutator_1,16668816,5212,0,0,0,0,0,28,64
org.mudebug.prapr.mutators.LocalToFieldAccessMutator_1,16668846,6691,0,0,0,0,0,495,800
org.mudebug.prapr.mutators.FieldToLocalAccessMutator_2,16669343,6743,0,0,0,0,0,2081,1873
org.pitest.mutationtest.engine.gregor.mutators.experimental.RemoveSwitchMutator_57,16671426,3636,0,0,0,0,0,0,1649
org.mudebug.prapr.mutators.LocalNameMutator_0,16671428,7233,0,0,0,0,0,13,300
org.mudebug.prapr.mutators.FieldNameMutator_0,16671443,7058,0,0,0,0,0,32,251
org.mudebug.prapr.mutators.LocalNameMutator_0,16671477,6728,0,0,1,1,1,2809,1419
org.mudebug.prapr.mutators.FieldNameMutator_4,16674288,7058,0,0,1,1,1,5226,417
org.mudebug.prapr.mutators.MethCallResultGuard_2,16679516,6727,0,0,0,0,0,0,1392
org.pitest.mutationtest.engine.gregor.mutators.ReturnValsMutator,16679518,353,0,0,1,1,1,5318,617
org.mudebug.prapr.mutators.FieldNameMutator_2,16684838,1119,0,0,0,0,0,0,1435
org.mudebug.prapr.mutators.LocalNameMutator_0,16684840,5356,0,0,1,1,1,1074,435
org.mudebug.prapr.mutators.DereferenceGuardMutator_3,16685916,7062,0,0,0,0,0,0,583
org.pitest.mutationtest.engine.gregor.mutators.RemoveConditionalMutator_EQUAL_ELSE,16685918,6867,0,0,0,0,0,807,159
org.mudebug.prapr.mutators.LocalToFieldAccessMutator_0,16686727,6706,0,0,1,1,1,27,975
org.mudebug.prapr.mutators.MethCallResultGuard_1,16686756,7059,0,0,0,0,0,0,553
org.mudebug.prapr.mutators.MethodNameMutator_0,16686758,7058,0,0,0,0,0,5,408
org.pitest.mutationtest.engine.gregor.mutators.experimental.MemberVariableMutator,16686765,2911,0,0,0,0,0,2023,56
org.mudebug.prapr.mutators.MethodNameMutator_8,16688790,4415,0,0,0,0,0,5,549
org.mudebug.prapr.mutators.RelationalOperatorReplacement_0,16688797,1248,0,0,0,0,0,0,867
org.mudebug.prapr.mutators.LocalToFieldAccessMutator_0,16688799,6697,0,0,1,1,1,27,849
org.mudebug.prapr.mutators.MethodNameMutator_1,16688828,6977,0,0,1,1,1,5538,97
org.mudebug.prapr.mutators.ReturningDereferenceGuardMutator_3,16694368,6706,0,0,0,0,0,0,933
org.pitest.mutationtest.engine.gregor.mutators.experimental.MemberVariableMutator,16694382,3240,0,0,0,0,0,0,41
org.mudebug.prapr.mutators.FieldNameMutator_1,16694384,1106,0,0,1,1,1,2977,1102
org.mudebug.prapr.mutators.MethCallResultGuard_1,16697363,359,0,0,0,0,0,0,674
org.pitest.mutationtest.engine.gregor.mutators.ConstructorCallMutator,16697365,7058,0,0,1,1,1,5538,257
org.mudebug.prapr.mutators.RelationalOperatorReplacement_3,16702905,245,0,0,0,0,0,25,198
org.pitest.mutationtest.engine.gregor.mutators.RemoveConditionalMutator_EQUAL_IF,16702932,7215,0,0,1,1,1,5538,128
org.pitest.mutationtest.engine.gregor.mutators.NonVoidMethodCallMutator,16708472,244,0,0,1,1,1,2712,180
org.pitest.mutationtest.engine.gregor.mutators.experimental.MemberVariableMutator,16711186,4632,0,0,0,0,0,0,118
org.pitest.mutationtest.engine.gregor.mutators.experimental.RemoveSwitchMutator_35,16711195,495,0,0,0,1,1,5320,119
org.pitest.mutationtest.engine.gregor.mutators.experimental.RemoveSwitchMutator_73,16716517,495,0,0,0,0,0,0,119
org.mudebug.prapr.mutators.MethCallResultGuard_0,16716519,7759,0,0,0,0,0,5,422
org.mudebug.prapr.mutators.VoidMethodCallGuardMutator,16716526,4411,0,0,0,0,0,0,490
org.pitest.mutationtest.engine.gregor.mutators.InlineConstantMutator,16716528,244,0,0,1,1,1,2712,176
org.mudebug.prapr.mutators.ReturningDereferenceGuardMutator_3,16719242,6706,0,0,0,0,0,0,1016
org.mudebug.prapr.mutators.ReturningDereferenceGuardMutator_3,16719244,1109,0,0,0,0,0,0,1223
org.mudebug.prapr.mutators.FieldAccessToMethodCallMutator_3,16719246,1777,0,0,0,0,0,0,680
org.mudebug.prapr.mutators.FieldNameMutator_0,16719248,7627,0,0,0,0,0,480,159
org.mudebug.prapr.mutators.FieldAccessToMethodCallMutator_2,16719730,1777,0,0,0,0,0,0,725
org.mudebug.prapr.mutators.FieldNameMutator_0,16719732,7052,0,0,0,0,0,2001,182
org.mudebug.prapr.mutators.ArgumentListMutator_0,16721735,6725,0,0,0,1,1,0,1369
org.mudebug.prapr.mutators.FieldToLocalAccessMutator_0,16721737,5378,0,0,0,0,0,0,1083
org.pitest.mutationtest.engine.gregor.mutators.InlineConstantMutator,16721739,7058,0,0,0,0,0,2250,284
org.mudebug.prapr.mutators.MethodNameMutator_7,16723991,6987,0,0,0,0,0,44,152
org.mudebug.prapr.mutators.ArgumentListMutator_4,16724037,7305,0,0,1,1,1,5538,208
org.mudebug.prapr.mutators.NonVoidMethodCallGuardMutator_0,16729577,7200,0,0,0,0,0,0,104
org.mudebug.prapr.mutators.RelationalOperatorReplacement_3,16729579,5356,0,0,0,0,0,1,432
org.mudebug.prapr.mutators.MethCallResultGuard_2,16729582,3675,0,0,0,0,0,0,2364
org.pitest.mutationtest.engine.gregor.mutators.NegateConditionalsMutator,16729584,1248,0,0,1,1,1,59,867
org.mudebug.prapr.mutators.FieldNameMutator_5,16729648,7058,0,0,0,0,0,28,524
org.mudebug.prapr.mutators.RelationalOperatorReplacement_3,16729678,4410,0,0,0,0,0,2439,445
org.mudebug.prapr.mutators.DereferenceGuardMutator_0,16732119,6743,0,0,0,0,0,5,1871
org.mudebug.prapr.mutators.RelationalOperatorReplacement_3,16732126,1562,0,0,0,0,0,2,209
org.mudebug.prapr.mutators.LocalToFieldAccessMutator_1,16732130,6721,0,0,0,1,1,586,1331
org.mudebug.prapr.mutators.DereferenceGuardMutator_0,16732718,6652,0,0,0,0,0,0,393
org.mudebug.prapr.mutators.LocalToFieldAccessMutator_3,16732720,6649,0,0,0,1,1,2,175
org.mudebug.prapr.mutators.LocalToFieldAccessMutator_1,16732724,6678,0,0,1,1,1,4872,607
org.pitest.mutationtest.engine.gregor.mutators.experimental.RemoveSwitchMutator_77,16737598,6415,0,0,0,0,0,0,273
org.mudebug.prapr.mutators.FieldAccessToMethodCallMutator_1,16737600,6652,0,0,1,1,1,5084,398
org.mudebug.prapr.mutators.LocalToFieldAccessMutator_1,16742686,551,0,0,1,1,1,4299,214
org.pitest.mutationtest.engine.gregor.mutators.NonVoidMethodCallMutator,16746987,7233,0,0,0,0,0,0,291
org.pitest.mutationtest.engine.gregor.mutators.ReturnValsMutator,16746989,6415,0,0,0,1,1,9,316
org.pitest.mutationtest.engine.gregor.mutators.NonVoidMethodCallMutator,16747000,7107,0,0,0,0,0,17,1138
org.mudebug.prapr.mutators.ReturningDereferenceGuardMutator_3,16747019,7231,0,0,0,0,0,0,263
org.mudebug.prapr.mutators.MethCallResultGuard_0,16747021,6728,0,0,0,0,0,0,1407
org.mudebug.prapr.mutators.ArgumentListMutator_3,16747023,1043,0,0,0,0,0,178,270
org.mudebug.prapr.mutators.MethodNameMutator_1,16747203,5356,0,0,0,1,1,210,182
org.mudebug.prapr.mutators.VoidMethodCallGuardMutator,16747418,4395,0,0,0,0,0,0,249
org.mudebug.prapr.mutators.DereferenceGuardMutator_0,16747420,7241,0,0,0,0,0,0,432
org.mudebug.prapr.mutators.MethCallResultGuard_2,16747422,245,0,0,0,0,0,23,198
org.pitest.mutationtest.engine.gregor.mutators.NonVoidMethodCallMutator,16747450,7063,0,0,0,0,0,146,602
org.mudebug.prapr.mutators.LocalToFieldAccessMutator_3,16747598,6678,0,0,1,1,1,4545,611
org.mudebug.prapr.mutators.FieldNameMutator_4,16752145,1777,0,0,0,0,0,0,760
org.mudebug.prapr.mutators.MethCallResultGuard_2,16752147,7098,0,0,0,0,0,0,1022
org.mudebug.prapr.mutators.FieldNameMutator_0,16752149,1777,0,0,0,0,0,0,723
org.pitest.mutationtest.engine.gregor.mutators.RemoveConditionalMutator_EQUAL_IF,16752151,1248,0,0,1,1,1,59,867
org.mudebug.prapr.mutators.LocalNameMutator_0,16752212,1043,0,0,0,1,1,2886,270
org.mudebug.prapr.mutators.ArgumentListMutator_3,16755100,7786,0,0,1,1,1,5985,277
org.pitest.mutationtest.engine.gregor.mutators.ReturnValsMutator,16761087,7255,0,0,0,0,0,451,758
org.mudebug.prapr.mutators.ReturningDereferenceGuardMutator_3,16761540,6686,0,0,0,0,0,0,742
org.mudebug.prapr.mutators.ReturningDereferenceGuardMutator_0,16761542,5356,0,0,0,0,0,0,696
org.mudebug.prapr.mutators.FieldToLocalAccessMutator_0,16761544,6684,0,0,1,1,1,1029,695
org.mudebug.prapr.mutators.FieldNameMutator_2,16762575,1119,0,0,0,0,0,42,1439
org.mudebug.prapr.mutators.FieldNameMutator_2,16762619,1777,0,0,0,0,0,0,639
org.mudebug.prapr.mutators.MethodNameMutator_6,16762621,5356,0,0,1,1,1,193,522
org.mudebug.prapr.mutators.LocalToFieldAccessMutator_1,16762816,6732,0,0,0,0,0,1981,1624
org.mudebug.prapr.mutators.FieldNameMutator_2,16764799,1777,0,0,0,0,0,0,651
org.pitest.mutationtest.engine.gregor.mutators.NegateConditionalsMutator,16764801,1049,0,0,0,0,0,23,368
org.mudebug.prapr.mutators.FieldNameMutator_2,16764826,1777,0,0,0,0,0,53,726
org.pitest.mutationtest.engine.gregor.mutators.experimental.RemoveSwitchMutator_57,16764889,3584,0,0,0,0,0,0,901
org.mudebug.prapr.mutators.FieldAccessToMethodCallMutator_0,16764891,1038,0,0,0,0,0,5,125
org.pitest.mutationtest.engine.gregor.mutators.RemoveConditionalMutator_EQUAL_IF,16764898,6706,0,0,1,1,1,48,941
org.mudebug.prapr.mutators.LocalToFieldAccessMutator_0,16764948,6697,0,0,1,1,1,27,844
org.mudebug.prapr.mutators.MethCallResultGuard_2,16764977,562,0,0,0,0,0,0,1210
org.mudebug.prapr.mutators.RelationalOperatorReplacement_2,16764979,7090,0,0,0,0,0,1997,931
org.mudebug.prapr.mutators.MethCallResultGuard_2,16766978,7088,0,0,0,0,0,0,914
org.pitest.mutationtest.engine.gregor.mutators.experimental.NakedReceiverMutator,16766980,558,0,0,0,1,1,1,1194
org.mudebug.prapr.mutators.FieldAccessToMethodCallMutator_1,16766983,7258,0,0,0,0,0,8,816
org.mudebug.prapr.mutators.LocalToFieldAccessMutator_0,16766993,1082,0,0,0,0,0,0,839
org.mudebug.prapr.mutators.MethCallResultGuard_0,16766995,1082,0,0,0,0,0,0,834
org.mudebug.prapr.mutators.FieldNameMutator_1,16766997,6674,0,0,1,1,1,2709,564
org.mudebug.prapr.mutators.MethodNameMutator_1,16769708,7199,0,0,0,0,0,16,85
org.mudebug.prapr.mutators.MethCallResultGuard_1,16769726,558,0,0,0,0,0,0,1194
org.mudebug.prapr.mutators.ArgumentListMutator_2,16769728,556,0,0,1,1,1,5360,1186
org.mudebug.prapr.mutators.ArgumentListMutator_4,16775090,5356,0,0,1,1,1,251,512
org.mudebug.prapr.mutators.MethCallResultGuard_2,16775349,7063,0,0,0,0,0,0,609
org.mudebug.prapr.mutators.ReturningDereferenceGuardMutator_1,16775351,6687,0,0,0,0,0,0,758
org.mudebug.prapr.mutators.MethodNameMutator_9,16775353,7233,0,0,0,0,0,1,297
org.mudebug.prapr.mutators.LocalToFieldAccessMutator_0,16775356,517,0,1,1,1,1,3485,106
org.mudebug.prapr.mutators.FieldNameMutator_3,16778842,7059,0,0,0,0,0,2,553
org.pitest.mutationtest.engine.gregor.mutators.VoidMethodCallMutator,16778846,547,0,0,0,0,0,127,166
org.mudebug.prapr.mutators.RelationalOperatorReplacement_2,16778975,6706,0,0,1,1,1,59,930
org.mudebug.prapr.mutators.ReturningDereferenceGuardMutator_1,16779036,6672,0,0,0,0,0,0,552
org.mudebug.prapr.mutators.RelationalOperatorReplacement_1,16779038,5356,0,0,0,0,0,0,103
org.mudebug.prapr.mutators.DereferenceGuardMutator_3,16779040,6386,0,0,0,0,0,0,255
org.mudebug.prapr.mutators.LocalToFieldAccessMutator_2,16779042,6696,0,0,1,1,1,5639,837
org.pitest.mutationtest.engine.gregor.mutators.experimental.RemoveSwitchMutator_87,16784683,495,0,0,0,0,0,28,119
org.mudebug.prapr.mutators.ArithmeticOperatorReplacement_2,16784713,347,0,0,0,0,0,8,520
org.pitest.mutationtest.engine.gregor.mutators.NonVoidMethodCallMutator,16784723,1245,0,0,1,1,1,69,800
org.pitest.mutationtest.engine.gregor.mutators.RemoveConditionalMutator_EQUAL_ELSE,16784794,6176,0,0,0,0,0,0,566
org.pitest.mutationtest.engine.gregor.mutators.RemoveConditionalMutator_EQUAL_ELSE,16784796,247,0,0,0,0,0,0,251
org.pitest.mutationtest.engine.gregor.mutators.NegateConditionalsMutator,16784798,7355,0,0,0,0,0,2008,113
org.mudebug.prapr.mutators.FieldAccessToMethodCallMutator_0,16786808,6743,0,0,0,0,0,0,1870
org.mudebug.prapr.mutators.FieldAccessToMethodCallMutator_3,16786810,6737,0,0,0,0,0,5,1782
org.mudebug.prapr.mutators.LocalNameMutator_0,16786817,7058,0,0,0,0,0,37,341
org.pitest.mutationtest.engine.gregor.mutators.RemoveConditionalMutator_EQUAL_IF,16786856,245,0,0,0,0,0,6,198
org.mudebug.prapr.mutators.FieldAccessToMethodCallMutator_2,16786864,4159,0,1,1,1,1,2595,103
org.mudebug.prapr.mutators.LocalNameMutator_0,16789460,7058,0,0,0,0,0,2250,345
org.mudebug.prapr.mutators.LocalNameMutator_1,16791712,7058,0,0,0,0,0,0,471
org.mudebug.prapr.mutators.FieldAccessToMethodCallMutator_4,16791714,6683,0,0,0,0,0,39,686
org.mudebug.prapr.mutators.MethCallResultGuard_0,16791755,7556,0,0,0,0,0,0,70
org.mudebug.prapr.mutators.RelationalOperatorReplacement_1,16791757,1042,0,0,0,0,0,31,256
org.mudebug.prapr.mutators.FieldNameMutator_3,16791790,5356,0,0,0,0,0,141,339
org.mudebug.prapr.mutators.MethCallResultGuard_2,16791933,3675,0,0,0,0,0,2,2364
org.mudebug.prapr.mutators.MethCallResultGuard_1,16791937,7058,0,0,0,0,0,0,482
org.mudebug.prapr.mutators.LocalNameMutator_0,16791939,7503,0,0,1,1,1,5543,450
org.mudebug.prapr.mutators.MethodNameMutator_2,16797484,1106,0,0,0,0,0,0,1200
org.mudebug.prapr.mutators.DereferenceGuardMutator_4,16797486,7057,0,0,0,0,0,0,231
org.mudebug.prapr.mutators.ReturningDereferenceGuardMutator_0,16797488,7203,0,0,0,0,0,0,130
org.mudebug.prapr.mutators.FieldNameMutator_1,16797490,1777,0,0,0,0,0,79,729
org.pitest.mutationtest.engine.gregor.mutators.VoidMethodCallMutator,16797571,7058,0,0,0,0,0,2249,529
org.mudebug.prapr.mutators.FieldAccessToMethodCallMutator_4,16799822,6732,0,0,0,0,0,1,1618
org.pitest.mutationtest.engine.gregor.mutators.RemoveConditionalMutator_EQUAL_IF,16799825,7790,0,0,0,0,0,5,315
org.mudebug.prapr.mutators.ArgumentListMutator_4,16799832,1311,0,0,0,0,0,0,62
org.mudebug.prapr.mutators.MethCallResultGuard_1,16799834,359,0,0,0,0,0,0,674
org.pitest.mutationtest.engine.gregor.mutators.VoidMethodCallMutator,16799836,1046,0,0,0,0,0,3948,331
org.pitest.mutationtest.engine.gregor.mutators.ReturnValsMutator,16803786,4402,0,0,1,1,1,686,368
org.mudebug.prapr.mutators.FieldAccessToMethodCallMutator_0,16804474,1777,0,0,0,0,0,79,729
org.pitest.mutationtest.engine.gregor.mutators.experimental.RemoveSwitchMutator_63,16804555,495,0,0,0,0,0,0,119
org.mudebug.prapr.mutators.RelationalOperatorReplacement_0,16804557,5356,0,0,0,0,0,0,364
org.mudebug.prapr.mutators.MethodNameMutator_2,16804559,7204,0,0,0,0,0,7,135
org.pitest.mutationtest.engine.gregor.mutators.experimental.MemberVariableMutator,16804571,1777,0,0,0,0,0,0,641
org.mudebug.prapr.mutators.RelationalOperatorReplacement_0,16804573,6988,0,0,0,0,0,1,167
org.mudebug.prapr.mutators.ReturningDereferenceGuardMutator_1,16804576,6652,0,0,0,0,0,5,391
org.mudebug.prapr.mutators.RelationalOperatorReplacement_3,16804583,1234,0,0,0,1,1,10,275
org.mudebug.prapr.mutators.LocalToFieldAccessMutator_3,16804595,6723,0,0,1,1,1,5055,1346
org.mudebug.prapr.mutators.MethodNameMutator_3,16809652,931,0,0,1,1,1,12,633
org.mudebug.prapr.mutators.MethodNameMutator_3,16809666,6738,0,0,1,1,1,252,1796
org.mudebug.prapr.mutators.MethCallResultGuard_1,16809920,1042,0,0,0,0,0,5,248
org.pitest.mutationtest.engine.gregor.mutators.InlineConstantMutator,16809927,6652,0,0,1,1,1,5084,393
org.mudebug.prapr.mutators.LocalToFieldAccessMutator_2,16815013,1119,0,0,0,1,1,127,1433
org.mudebug.prapr.mutators.ArgumentListMutator_2,16815142,6662,0,0,0,0,0,0,512
org.pitest.mutationtest.engine.gregor.mutators.NegateConditionalsMutator,16815144,5356,0,0,0,0,0,0,344
org.mudebug.prapr.mutators.MethodNameMutator_8,16815146,7250,0,0,0,0,0,25,659
org.pitest.mutationtest.engine.gregor.mutators.RemoveConditionalMutator_EQUAL_IF,16815173,5358,0,0,0,1,1,39,726
org.mudebug.prapr.mutators.FieldAccessToMethodCallMutator_0,16815214,1777,0,0,0,0,0,0,686
org.pitest.mutationtest.engine.gregor.mutators.VoidMethodCallMutator,16815216,4410,0,0,0,0,0,1371,449
org.mudebug.prapr.mutators.VoidMethodCallGuardMutator,16816589,7058,0,0,0,0,0,5,297
org.mudebug.prapr.mutators.LocalNameMutator_1,16816596,4411,0,0,1,1,1,4269,502
org.pitest.mutationtest.engine.gregor.mutators.NonVoidMethodCallMutator,16820867,3385,0,0,1,1,1,207,47
org.mudebug.prapr.mutators.MethodNameMutator_7,16821076,4411,0,0,1,1,1,4269,500
org.mudebug.prapr.mutators.MethodNameMutator_4,16825347,7257,0,0,0,0,0,7,810
org.mudebug.prapr.mutators.LocalToFieldAccessMutator_0,16825356,1053,0,0,0,0,0,0,433
org.mudebug.prapr.mutators.NonVoidMethodCallGuardMutator_0,16825358,545,0,0,0,0,0,0,129
org.mudebug.prapr.mutators.MethCallResultGuard_0,16825360,7059,0,0,0,0,0,0,558
org.mudebug.prapr.mutators.FieldToLocalAccessMutator_0,16825362,6743,0,0,0,0,0,2081,1873
org.mudebug.prapr.mutators.NonVoidMethodCallGuardMutator_0,16827445,4720,0,0,0,0,0,0,42
org.mudebug.prapr.mutators.MethCallResultGuard_0,16827447,6684,0,0,0,0,0,0,701
org.mudebug.prapr.mutators.LocalToFieldAccessMutator_1,16827449,6683,0,0,0,0,0,83,686
org.mudebug.prapr.mutators.LocalNameMutator_1,16827534,6743,0,0,1,1,1,2891,1870
org.mudebug.prapr.mutators.ArgumentListMutator_0,16830427,5192,0,0,1,1,1,5173,52
org.pitest.mutationtest.engine.gregor.mutators.RemoveConditionalMutator_EQUAL_IF,16835602,7358,0,0,0,0,0,243,153
org.mudebug.prapr.mutators.LocalNameMutator_0,16835847,4667,0,0,0,0,0,59,70
org.pitest.mutationtest.engine.gregor.mutators.InlineConstantMutator,16835908,7058,0,0,1,1,1,5538,330
org.pitest.mutationtest.engine.gregor.mutators.ReturnValsMutator,16841451,6799,0,0,1,1,1,5538,104
org.mudebug.prapr.mutators.MethodNameMutator_0,16846991,7497,0,0,0,0,0,30,377
org.mudebug.prapr.mutators.NonVoidMethodCallGuardMutator_0,16847023,1143,0,0,0,0,0,0,1727
org.mudebug.prapr.mutators.NonVoidMethodCallGuardMutator_0,16847025,6931,0,0,0,0,0,0,848
org.pitest.mutationtest.engine.gregor.mutators.RemoveConditionalMutator_EQUAL_ELSE,16847027,370,0,0,0,0,0,1734,815
org.mudebug.prapr.mutators.FieldNameMutator_5,16848766,7058,0,0,0,0,0,136,460
org.mudebug.prapr.mutators.DereferenceGuardMutator_3,16848904,6725,0,0,0,0,0,0,1369
org.mudebug.prapr.mutators.RelationalOperatorReplacement_1,16848906,5356,0,0,0,1,1,232,76
org.mudebug.prapr.mutators.LocalToFieldAccessMutator_1,16849140,7109,0,0,0,0,0,6,1173
org.mudebug.prapr.mutators.FieldNameMutator_2,16849148,1777,0,0,0,0,0,0,703
org.pitest.mutationtest.engine.gregor.mutators.NegateConditionalsMutator,16849150,7219,0,0,1,1,1,5538,172
org.mudebug.prapr.mutators.MethodNameMutator_1,16854690,551,0,0,0,0,0,14,212
org.mudebug.prapr.mutators.FieldAccessToMethodCallMutator_0,16854706,2459,0,0,1,1,1,5296,64
org.mudebug.prapr.mutators.ArithmeticOperatorReplacement_6,16860004,4257,0,0,0,0,0,26,409
org.mudebug.prapr.mutators.FieldAccessToMethodCallMutator_3,16865098,1777,0,0,0,0,0,0,648
org.mudebug.prapr.mutators.MethodNameMutator_0,16865100,551,0,0,0,1,1,89,221
org.mudebug.prapr.mutators.FieldNameMutator_3,16865191,7058,0,0,0,0,0,1724,300
org.pitest.mutationtest.engine.gregor.mutators.ArgumentPropagationMutator,16866917,1231,0,0,0,0,0,4,98
org.mudebug.prapr.mutators.NonVoidMethodCallGuardMutator_0,16866923,7058,0,0,0,0,0,5,494
org.mudebug.prapr.mutators.ArgumentListMutator_5,16866930,3263,0,0,0,0,0,0,50
org.mudebug.prapr.mutators.RelationalOperatorReplacement_2,16866932,5356,0,0,0,0,0,9,103
org.mudebug.prapr.mutators.ArgumentListMutator_1,16866943,7215,0,0,0,0,0,0,130
org.pitest.mutationtest.engine.gregor.mutators.InlineConstantMutator,16866945,5357,0,0,0,0,0,26,703
org.pitest.mutationtest.engine.gregor.mutators.ReturnValsMutator,16866973,6673,0,0,1,1,1,5502,556
org.mudebug.prapr.mutators.NonVoidMethodCallGuardMutator_0,16872477,6705,0,0,0,0,0,0,918
org.mudebug.prapr.mutators.FieldNameMutator_0,16872479,7059,0,0,0,0,0,1,563
org.mudebug.prapr.mutators.MethodNameMutator_5,16872482,247,0,0,0,0,0,2095,240
org.mudebug.prapr.mutators.ReturningDereferenceGuardMutator_1,16874579,4665,0,0,0,0,0,0,54
org.pitest.mutationtest.engine.gregor.mutators.RemoveConditionalMutator_EQUAL_IF,16874581,6727,0,0,0,0,0,15,1393
org.mudebug.prapr.mutators.MethodNameMutator_5,16874598,7205,0,0,0,0,0,36,140
org.mudebug.prapr.mutators.LocalToFieldAccessMutator_3,16874636,6684,0,0,1,1,1,779,705
org.mudebug.prapr.mutators.MethodNameMutator_1,16875417,4411,0,0,1,1,1,4269,494
org.mudebug.prapr.mutators.ArithmeticOperatorDeletion_1,16879688,7207,0,0,0,0,0,0,198
org.mudebug.prapr.mutators.ArgumentListMutator_4,16879690,7059,0,0,1,1,1,5538,546
org.mudebug.prapr.mutators.RelationalOperatorReplacement_3,16885230,7303,0,0,0,0,0,23,160
org.mudebug.prapr.mutators.MethodNameMutator_3,16885255,5358,0,0,0,0,0,39,724
org.mudebug.prapr.mutators.FieldNameMutator_3,16885296,7059,0,0,0,0,0,1612,565
org.pitest.mutationtest.engine.gregor.mutators.InlineConstantMutator,16886910,5356,0,0,1,1,1,193,523
org.mudebug.prapr.mutators.ArgumentListMutator_2,16887105,5356,0,0,0,0,0,0,523
org.mudebug.prapr.mutators.RelationalOperatorReplacement_1,16887107,7109,0,0,0,0,0,0,1173
org.mudebug.prapr.mutators.ArithmeticOperatorReplacement_2,16887109,5356,0,0,0,0,0,9,110
org.pitest.mutationtest.engine.gregor.mutators.VoidMethodCallMutator,16887120,7058,0,0,1,1,1,5226,433
org.mudebug.prapr.mutators.RelationalOperatorReplacement_3,16892348,7382,0,0,0,0,0,0,415
org.mudebug.prapr.mutators.LocalNameMutator_0,16892350,6743,0,0,0,0,0,1767,1871
org.pitest.mutationtest.engine.gregor.mutators.RemoveConditionalMutator_EQUAL_IF,16894119,7303,0,0,0,0,0,1969,158
org.mudebug.prapr.mutators.FieldNameMutator_2,16896090,6723,0,0,1,1,1,4835,1346
org.mudebug.prapr.mutators.FieldNameMutator_0,16900927,1106,0,1,1,1,1,836,1196
org.mudebug.prapr.mutators.FieldNameMutator_3,16901764,1777,0,0,0,0,0,0,704
org.mudebug.prapr.mutators.ArgumentListMutator_4,16901766,1234,0,0,1,1,1,3,310
org.mudebug.prapr.mutators.DereferenceGuardMutator_0,16901771,1106,0,0,0,0,0,0,1196
org.mudebug.prapr.mutators.FieldNameMutator_4,16901773,1777,0,0,0,0,0,0,706
org.mudebug.prapr.mutators.RelationalOperatorReplacement_2,16901775,7259,0,0,0,0,0,5,823
org.mudebug.prapr.mutators.MethodNameMutator_2,16901782,1050,0,0,0,1,1,138,381
org.mudebug.prapr.mutators.DereferenceGuardMutator_3,16901922,4415,0,0,0,0,0,0,549
org.pitest.mutationtest.engine.gregor.mutators.NegateConditionalsMutator,16901926,1234,0,0,0,1,1,24,275
org.mudebug.prapr.mutators.ReturningDereferenceGuardMutator_3,16901952,1053,0,0,0,0,0,0,442
org.mudebug.prapr.mutators.ArrayLenToLocalAccessMutator_0,16901954,6706,0,0,0,1,1,2,973
org.mudebug.prapr.mutators.MethCallResultGuard_0,16901958,7058,0,0,0,0,0,0,429
org.pitest.mutationtest.engine.gregor.mutators.RemoveConditionalMutator_EQUAL_ELSE,16901960,347,0,0,0,0,0,778,513
org.mudebug.prapr.mutators.NonVoidMethodCallGuardMutator_0,16902740,7058,0,0,0,0,0,0,321
org.mudebug.prapr.mutators.MethodNameMutator_3,16902742,7302,0,0,0,0,0,9,102
org.pitest.mutationtest.engine.gregor.mutators.VoidMethodCallMutator,16902753,1563,0,0,0,0,0,67,254
org.mudebug.prapr.mutators.FieldNameMutator_3,16902822,1777,0,0,0,0,0,0,718
org.pitest.mutationtest.engine.gregor.mutators.experimental.MemberVariableMutator,16902824,4256,0,0,0,0,0,1,400
org.mudebug.prapr.mutators.FieldNameMutator_2,16902827,1777,0,0,0,0,0,0,734
org.pitest.mutationtest.engine.gregor.mutators.NonVoidMethodCallMutator,16902829,503,0,0,0,0,0,2989,64
org.mudebug.prapr.mutators.FieldAccessToMethodCallMutator_1,16905820,1777,0,0,0,0,0,0,633
org.mudebug.prapr.mutators.LocalToFieldAccessMutator_2,16905822,6711,0,0,0,1,1,2701,1133
org.mudebug.prapr.mutators.ArithmeticOperatorReplacement_2,16908525,6715,0,0,0,0,0,73,1176
org.mudebug.prapr.mutators.FieldToLocalAccessMutator_0,16908600,6652,0,0,0,1,1,22,405
org.mudebug.prapr.mutators.MethodNameMutator_0,16908624,1053,0,0,0,0,0,0,433
org.mudebug.prapr.mutators.RelationalOperatorReplacement_3,16908626,495,0,0,1,1,1,696,173
org.mudebug.prapr.mutators.FieldNameMutator_1,16909324,1777,0,0,0,0,0,0,709
org.mudebug.prapr.mutators.FieldAccessToMethodCallMutator_3,16909326,1777,0,0,0,0,0,0,709
org.mudebug.prapr.mutators.FieldNameMutator_0,16909328,7503,0,0,0,0,0,1036,444
org.mudebug.prapr.mutators.RelationalOperatorReplacement_2,16910366,5356,0,0,0,0,0,64,490
org.mudebug.prapr.mutators.MethodNameMutator_1,16910432,6725,0,0,0,1,1,0,1369
org.mudebug.prapr.mutators.LocalNameMutator_0,16910434,4410,0,0,1,1,1,5216,445
org.mudebug.prapr.mutators.ReturningDereferenceGuardMutator_1,16915652,6697,0,0,0,0,0,0,849
org.mudebug.prapr.mutators.MethodNameMutator_4,16915654,4411,0,0,1,1,1,4269,474
org.mudebug.prapr.mutators.FieldAccessToMethodCallMutator_0,16919925,6652,0,0,1,1,1,4808,395
org.mudebug.prapr.mutators.LocalNameMutator_0,16924735,1052,0,0,1,1,1,4574,406
org.mudebug.prapr.mutators.MethodNameMutator_3,16929311,1106,0,0,0,0,0,54,1137
org.pitest.mutationtest.engine.gregor.mutators.experimental.RemoveSwitchMutator_10,16929367,6415,0,0,0,0,0,1,273
org.mudebug.prapr.mutators.ArgumentListMutator_2,16929370,7052,0,0,0,0,0,5,198
org.mudebug.prapr.mutators.MethCallResultGuard_2,16929377,1234,0,0,0,0,0,0,262
org.mudebug.prapr.mutators.MethodNameMutator_2,16929379,931,0,0,1,1,1,12,633
org.mudebug.prapr.mutators.MethodNameMutator_0,16929393,5356,0,0,0,0,0,0,215
org.mudebug.prapr.mutators.MethCallResultGuard_1,16929395,7305,0,0,0,0,0,0,208
org.mudebug.prapr.mutators.ArithmeticOperatorReplacement_6,16929397,7207,0,0,0,0,0,0,198
org.mudebug.prapr.mutators.ArgumentListMutator_4,16929399,1553,0,0,1,1,1,2698,135
org.pitest.mutationtest.engine.gregor.mutators.experimental.MemberVariableMutator,16932099,7302,0,0,0,0,0,0,102
org.mudebug.prapr.mutators.DereferenceGuardMutator_0,16932101,6744,0,0,0,0,0,0,1894
org.mudebug.prapr.mutators.RelationalOperatorReplacement_1,16932103,5356,0,0,0,0,0,0,106
org.mudebug.prapr.mutators.MethodNameMutator_0,16932105,7058,0,0,0,0,0,0,435
org.mudebug.prapr.mutators.LocalToFieldAccessMutator_0,16932107,6718,0,0,1,1,1,5161,1267
org.mudebug.prapr.mutators.MethCallResultGuard_1,16937270,1234,0,0,0,0,0,0,271
org.mudebug.prapr.mutators.FieldNameMutator_0,16937272,6176,0,0,0,1,1,127,571
org.pitest.mutationtest.engine.gregor.mutators.VoidMethodCallMutator,16937401,1043,0,0,1,1,1,2889,270
org.pitest.mutationtest.engine.gregor.mutators.experimental.RemoveSwitchMutator_68,16940292,6415,0,0,0,0,0,0,273
org.pitest.mutationtest.engine.gregor.mutators.VoidMethodCallMutator,16940294,1562,0,0,0,0,0,3,229
org.mudebug.prapr.mutators.FieldNameMutator_2,16940299,7059,0,0,0,0,0,87,562
org.mudebug.prapr.mutators.FieldNameMutator_1,16940388,1106,0,0,1,1,1,2974,1172
org.mudebug.prapr.mutators.FieldAccessToMethodCallMutator_0,16943364,6678,0,0,1,1,1,5985,607
org.mudebug.prapr.mutators.LocalToFieldAccessMutator_0,16949351,6689,0,0,0,1,1,0,778
org.mudebug.prapr.mutators.FieldNameMutator_0,16949353,7303,0,0,0,0,0,23,160
org.mudebug.prapr.mutators.ArgumentListMutator_0,16949378,5356,0,0,0,0,0,0,499
org.mudebug.prapr.mutators.LocalToFieldAccessMutator_0,16949380,6678,0,0,1,1,1,5985,603
org.mudebug.prapr.mutators.FieldNameMutator_0,16955369,3262,0,0,0,0,0,2,44
org.mudebug.prapr.mutators.FieldNameMutator_0,16955373,1777,0,0,0,0,0,0,739
org.mudebug.prapr.mutators.FieldAccessToMethodCallMutator_2,16955375,1777,0,0,0,0,0,0,635
org.pitest.mutationtest.engine.gregor.mutators.experimental.MemberVariableMutator,16955377,1777,0,0,0,0,0,0,742
org.mudebug.prapr.mutators.ReturningDereferenceGuardMutator_2,16955379,1083,0,0,0,0,0,0,844
org.mudebug.prapr.mutators.NonVoidMethodCallGuardMutator_0,16955381,7090,0,0,0,0,0,0,932
org.mudebug.prapr.mutators.DereferenceGuardMutator_3,16955383,1106,0,0,0,0,0,0,1083
org.mudebug.prapr.mutators.FieldAccessToMethodCallMutator_1,16955385,6737,0,0,1,1,1,2668,1783
org.mudebug.prapr.mutators.FieldAccessToMethodCallMutator_1,16958055,1777,0,0,0,0,0,0,716
org.mudebug.prapr.mutators.FieldAccessToMethodCallMutator_4,16958057,6743,0,0,1,1,1,2887,1871
org.pitest.mutationtest.engine.gregor.mutators.NonVoidMethodCallMutator,16960946,7556,0,0,1,1,1,5226,70
org.pitest.mutationtest.engine.gregor.mutators.NonVoidMethodCallMutator,16966174,6743,0,0,0,0,0,1625,1867
org.pitest.mutationtest.engine.gregor.mutators.NegateConditionalsMutator,16967801,4411,0,0,1,1,1,4269,472
org.mudebug.prapr.mutators.MethodNameMutator_1,16972074,7557,0,0,0,0,0,11,76
org.pitest.mutationtest.engine.gregor.mutators.NonVoidMethodCallMutator,16972090,1244,0,0,0,0,0,0,654
org.mudebug.prapr.mutators.ArgumentListMutator_3,16972092,7058,0,0,0,0,0,0,317
org.mudebug.prapr.mutators.NonVoidMethodCallGuardMutator_0,16972094,244,0,0,0,0,0,23,187
org.mudebug.prapr.mutators.FieldNameMutator_3,16972119,1047,0,0,0,0,0,4,339
org.mudebug.prapr.mutators.FieldNameMutator_1,16972125,6683,0,0,0,0,0,124,686
org.mudebug.prapr.mutators.MethCallResultGuard_2,16972251,1041,0,0,0,0,0,0,220
org.mudebug.prapr.mutators.ArgumentListMutator_0,16972253,7058,0,0,0,0,0,3,522
org.mudebug.prapr.mutators.RelationalOperatorReplacement_2,16972258,7383,0,0,0,0,0,1847,457
org.mudebug.prapr.mutators.ReturningDereferenceGuardMutator_4,16974107,1047,0,0,0,0,0,0,339
org.mudebug.prapr.mutators.FieldNameMutator_3,16974109,7058,0,0,1,1,1,5226,444
org.mudebug.prapr.mutators.ArgumentListMutator_4,16979337,347,0,0,0,0,0,0,505
org.mudebug.prapr.mutators.FieldAccessToMethodCallMutator_0,16979339,6742,0,0,1,1,1,2939,1853
org.mudebug.prapr.mutators.ReturningDereferenceGuardMutator_4,16982280,4257,0,0,0,0,0,0,409
org.pitest.mutationtest.engine.gregor.mutators.NullReturnValsMutator,16982282,495,0,0,1,1,1,2737,184
org.mudebug.prapr.mutators.ArgumentListMutator_2,16985021,7058,0,0,0,0,0,12,412
org.mudebug.prapr.mutators.FieldToLocalAccessMutator_0,16985035,6652,0,0,1,1,1,4680,404
org.mudebug.prapr.mutators.MethCallResultGuard_2,16989717,7058,0,0,0,0,0,0,277
org.mudebug.prapr.mutators.ArgumentListMutator_2,16989719,6725,0,0,0,1,1,0,1369
org.mudebug.prapr.mutators.ReturningDereferenceGuardMutator_3,16989721,4415,0,0,0,0,0,0,543
org.pitest.mutationtest.engine.gregor.mutators.NegateConditionalsMutator,16989723,5359,0,0,0,1,1,9,794
org.mudebug.prapr.mutators.LocalToFieldAccessMutator_2,16989741,6708,0,0,0,1,1,16,1049
org.mudebug.prapr.mutators.MethCallResultGuard_1,16989759,6728,0,0,0,0,0,599,1421
org.mudebug.prapr.mutators.ArgumentListMutator_0,16990360,7112,0,0,0,0,0,0,1216
org.pitest.mutationtest.engine.gregor.mutators.NegateConditionalsMutator,16990362,3675,0,0,0,0,0,0,2356
org.pitest.mutationtest.engine.gregor.mutators.NonVoidMethodCallMutator,16990364,3611,0,0,0,0,0,883,1332
org.mudebug.prapr.mutators.ArgumentListMutator_5,16991249,5213,0,0,0,0,0,0,90
org.pitest.mutationtest.engine.gregor.mutators.experimental.RemoveSwitchMutator_87,16991251,555,0,0,0,0,0,0,872
org.mudebug.prapr.mutators.FieldNameMutator_4,16991253,1042,0,0,0,0,0,16,256
org.mudebug.prapr.mutators.VoidMethodCallGuardMutator,16991271,7059,0,0,0,0,0,0,561
org.mudebug.prapr.mutators.MethodNameMutator_5,16991273,6931,0,0,0,0,0,796,844
org.mudebug.prapr.mutators.MethCallResultGuard_2,16992071,5356,0,0,0,1,1,17,344
org.pitest.mutationtest.engine.gregor.mutators.RemoveConditionalMutator_EQUAL_ELSE,16992090,1109,0,0,0,0,0,450,1223
org.mudebug.prapr.mutators.ArgumentListMutator_1,16992542,6706,0,0,0,1,1,0,1020
org.mudebug.prapr.mutators.MethodNameMutator_2,16992544,6694,0,0,0,1,1,23,824
org.pitest.mutationtest.engine.gregor.mutators.experimental.RemoveSwitchMutator_34,16992569,495,0,0,0,1,1,2737,119
org.mudebug.prapr.mutators.MethodNameMutator_2,16995308,4159,0,1,1,1,1,2595,103
org.mudebug.prapr.mutators.LocalToFieldAccessMutator_1,16997904,6749,0,0,1,1,1,5426,1961
org.mudebug.prapr.mutators.MethCallResultGuard_1,17003332,347,0,0,0,0,0,0,548
org.mudebug.prapr.mutators.MethodNameMutator_6,17003334,1311,0,0,0,0,0,131,63
org.mudebug.prapr.mutators.RelationalOperatorReplacement_0,17003467,3563,0,0,0,1,1,68,307
org.mudebug.prapr.mutators.LocalNameMutator_0,17003537,247,0,0,1,1,1,4269,241
org.mudebug.prapr.mutators.NonVoidMethodCallGuardMutator_0,17007808,7302,0,0,0,0,0,0,102
org.mudebug.prapr.mutators.FieldAccessToMethodCallMutator_1,17007810,7257,0,0,0,0,0,8,811
org.pitest.mutationtest.engine.gregor.mutators.RemoveConditionalMutator_ORDER_ELSE,17007820,931,0,0,0,0,0,5,633
org.pitest.mutationtest.engine.gregor.mutators.experimental.NakedReceiverMutator,17007827,6725,0,0,0,1,1,0,1369
org.mudebug.prapr.mutators.FieldAccessToMethodCallMutator_0,17007829,6728,0,0,1,1,1,2560,1420
org.pitest.mutationtest.engine.gregor.mutators.RemoveConditionalMutator_EQUAL_IF,17010391,1047,0,0,0,0,0,4,339
org.pitest.mutationtest.engine.gregor.mutators.RemoveConditionalMutator_ORDER_IF,17010397,6706,0,0,1,1,1,49,973
org.mudebug.prapr.mutators.ArgumentListMutator_2,17010448,5356,0,0,1,1,1,2861,351
org.mudebug.prapr.mutators.ArgumentListMutator_3,17013311,7784,0,0,1,1,1,5301,355
org.mudebug.prapr.mutators.LocalToFieldAccessMutator_1,17018614,547,0,0,0,1,1,181,165
org.mudebug.prapr.mutators.FieldAccessToMethodCallMutator_3,17018797,6744,0,0,0,1,1,680,1894
org.mudebug.prapr.mutators.FieldNameMutator_0,17019479,1777,0,0,0,0,0,0,694
org.mudebug.prapr.mutators.RelationalOperatorReplacement_3,17019483,5358,0,0,0,0,0,39,724
org.pitest.mutationtest.engine.gregor.mutators.NegateConditionalsMutator,17019524,553,0,0,0,0,0,40,263
org.mudebug.prapr.mutators.NonVoidMethodCallGuardMutator_0,17019566,6728,0,0,0,0,0,5,1407
org.mudebug.prapr.mutators.RelationalOperatorReplacement_2,17019573,1554,0,0,0,0,0,93,143
org.mudebug.prapr.mutators.FieldAccessToMethodCallMutator_4,17019668,6674,0,0,1,1,1,2709,563
org.mudebug.prapr.mutators.FieldNameMutator_5,17022379,1777,0,0,0,0,0,0,675
org.mudebug.prapr.mutators.MethCallResultGuard_1,17022381,6706,0,0,0,0,0,0,929
org.mudebug.prapr.mutators.ArgumentListMutator_2,17022383,6725,0,0,0,1,1,0,1369
org.mudebug.prapr.mutators.MethCallResultGuard_0,17022385,7058,0,0,0,0,0,0,330
org.pitest.mutationtest.engine.gregor.mutators.experimental.RemoveSwitchMutator_3,17027453,3636,0,0,0,0,0,35,1649
org.pitest.mutationtest.engine.gregor.mutators.experimental.RemoveSwitchMutator_21,17027490,6415,0,0,0,0,0,0,273
org.mudebug.prapr.mutators.DereferenceGuardMutator_0,17027492,1134,0,0,0,0,0,0,1638
org.pitest.mutationtest.engine.gregor.mutators.VoidMethodCallMutator,17027494,7058,0,0,0,0,0,10,353
org.mudebug.prapr.mutators.FieldNameMutator_2,17027506,1777,0,0,0,0,0,48,757
org.pitest.mutationtest.engine.gregor.mutators.RemoveConditionalMutator_EQUAL_ELSE,17027556,7302,0,0,0,0,0,22,137
org.mudebug.prapr.mutators.FieldAccessToMethodCallMutator_0,17027580,4635,0,0,0,1,1,1697,136
org.pitest.mutationtest.engine.gregor.mutators.RemoveConditionalMutator_EQUAL_ELSE,17029279,3675,0,0,1,1,1,4269,2354
org.mudebug.prapr.mutators.ReturningDereferenceGuardMutator_0,17033550,1132,0,0,0,0,0,0,1626
org.pitest.mutationtest.engine.gregor.mutators.InlineConstantMutator,17033552,5356,0,0,0,0,0,8,215
org.mudebug.prapr.mutators.ReturningDereferenceGuardMutator_1,17033562,6684,0,0,0,0,0,0,703
org.mudebug.prapr.mutators.MethCallResultGuard_2,17033564,6706,0,0,0,0,0,0,929
org.mudebug.prapr.mutators.RelationalOperatorReplacement_2,17033566,7199,0,0,0,0,0,1652,80
org.pitest.mutationtest.engine.gregor.mutators.BooleanFalseReturnValsMutator,17035220,3902,0,0,0,0,0,1,49
org.pitest.mutationtest.engine.gregor.mutators.NegateConditionalsMutator,17035223,7786,0,0,1,1,1,5985,278
org.pitest.mutationtest.engine.gregor.mutators.experimental.MemberVariableMutator,17041210,6684,0,0,1,1,1,740,706
org.mudebug.prapr.mutators.LocalNameMutator_0,17041952,6696,0,0,0,1,1,585,837
org.mudebug.prapr.mutators.DereferenceGuardMutator_3,17042539,6686,0,0,0,0,0,5,743
org.mudebug.prapr.mutators.LocalNameMutator_2,17042546,7058,0,0,0,0,0,0,416
org.mudebug.prapr.mutators.FieldNameMutator_2,17042548,6652,0,0,1,1,1,4706,404
org.mudebug.prapr.mutators.LocalToFieldAccessMutator_2,17047256,6732,0,0,0,0,0,1982,1618
org.mudebug.prapr.mutators.FieldAccessToMethodCallMutator_3,17049240,6652,0,0,1,1,1,5084,389
org.mudebug.prapr.mutators.MethodNameMutator_1,17054326,348,0,0,1,1,1,384,559
org.mudebug.prapr.mutators.FieldNameMutator_4,17054712,7058,0,0,0,0,0,1724,300
org.mudebug.prapr.mutators.DereferenceGuardMutator_0,17056438,5353,0,0,0,0,0,0,64
org.pitest.mutationtest.engine.gregor.mutators.NullReturnValsMutator,17056440,1106,0,0,0,0,0,0,1204
org.pitest.mutationtest.engine.gregor.mutators.RemoveConditionalMutator_ORDER_ELSE,17056442,4260,0,0,0,0,0,3,453
org.mudebug.prapr.mutators.ReturningDereferenceGuardMutator_0,17056447,557,0,0,0,0,0,0,1190
org.mudebug.prapr.mutators.DereferenceGuardMutator_0,17056449,7064,0,0,0,0,0,5,619
org.mudebug.prapr.mutators.MethodNameMutator_0,17056456,3411,0,0,0,0,0,0,44
org.mudebug.prapr.mutators.FieldNameMutator_1,17056458,1777,0,0,0,0,0,0,707
org.mudebug.prapr.mutators.ReturningDereferenceGuardMutator_1,17056460,7232,0,0,0,0,0,0,272
org.mudebug.prapr.mutators.DereferenceGuardMutator_0,17056462,1131,0,0,0,0,0,0,1619
org.mudebug.prapr.mutators.MethodNameMutator_3,17056464,5356,0,0,1,1,1,2868,80
org.mudebug.prapr.mutators.LocalNameMutator_1,17059334,1245,0,0,0,0,0,7,719
org.mudebug.prapr.mutators.LocalNameMutator_0,17059343,6931,0,0,0,0,0,780,848
org.mudebug.prapr.mutators.ReturningDereferenceGuardMutator_1,17060125,705,0,0,0,0,0,0,69
org.mudebug.prapr.mutators.RelationalOperatorReplacement_3,17060127,547,0,0,1,1,1,128,160
org.mudebug.prapr.mutators.LocalToFieldAccessMutator_4,17060257,6669,0,0,1,1,1,3030,540
org.pitest.mutationtest.engine.gregor.mutators.experimental.RemoveSwitchMutator_47,17063289,5356,0,0,0,0,0,0,117
org.pitest.mutationtest.engine.gregor.mutators.VoidMethodCallMutator,17063291,7058,0,0,0,0,0,5,471
org.pitest.mutationtest.engine.gregor.mutators.NonVoidMethodCallMutator,17063298,7058,0,0,0,0,0,15,273
org.mudebug.prapr.mutators.LocalNameMutator_0,17063315,7215,0,0,0,0,0,5,142
org.pitest.mutationtest.engine.gregor.mutators.RemoveConditionalMutator_EQUAL_ELSE,17063322,4413,0,0,1,1,1,5220,523
org.mudebug.prapr.mutators.MethCallResultGuard_2,17068544,3497,0,0,0,0,0,0,421
org.pitest.mutationtest.engine.gregor.mutators.NonVoidMethodCallMutator,17068546,1049,0,0,1,1,1,4574,368
org.mudebug.prapr.mutators.DereferenceGuardMutator_0,17073122,3417,0,0,0,0,0,0,100
org.mudebug.prapr.mutators.ReturningDereferenceGuardMutator_4,17073124,1134,0,0,0,0,0,0,1638
org.mudebug.prapr.mutators.FieldAccessToMethodCallMutator_2,17073126,1131,0,0,1,1,1,1694,1619
org.mudebug.prapr.mutators.LocalNameMutator_0,17074822,5356,0,0,1,1,1,193,523
org.mudebug.prapr.mutators.ReturningDereferenceGuardMutator_3,17075017,558,0,0,0,0,0,5,1194
org.mudebug.prapr.mutators.ReturningDereferenceGuardMutator_0,17075024,7557,0,0,0,0,0,0,76
org.pitest.mutationtest.engine.gregor.mutators.NonVoidMethodCallMutator,17075026,1833,0,0,0,1,1,4735,72
org.mudebug.prapr.mutators.DereferenceGuardMutator_0,17079763,1106,0,0,0,0,0,0,1200
org.mudebug.prapr.mutators.FieldNameMutator_2,17079765,1777,0,0,0,0,0,0,759
org.mudebug.prapr.mutators.MethCallResultGuard_0,17079767,6725,0,0,0,0,0,0,1369
org.mudebug.prapr.mutators.VoidMethodCallGuardMutator,17079769,7059,0,0,0,0,0,0,548
org.mudebug.prapr.mutators.FieldAccessToMethodCallMutator_0,17079771,1777,0,0,0,0,0,0,748
org.mudebug.prapr.mutators.VoidMethodCallGuardMutator,17079776,7059,0,0,0,0,0,0,565
org.mudebug.prapr.mutators.MethCallResultGuard_1,17079778,1046,0,0,0,0,0,0,328
org.mudebug.prapr.mutators.MethodNameMutator_7,17079780,1106,0,0,0,1,1,2981,1099
org.mudebug.prapr.mutators.ArgumentListMutator_0,17082763,245,0,0,0,0,0,0,197
org.mudebug.prapr.mutators.NonVoidMethodCallGuardMutator_0,17082765,7199,0,0,0,0,0,0,85
org.mudebug.prapr.mutators.FieldNameMutator_4,17082767,7059,0,0,0,0,0,2,546
org.mudebug.prapr.mutators.MethCallResultGuard_2,17082771,4423,0,0,0,0,0,0,614
org.mudebug.prapr.mutators.NonVoidMethodCallGuardMutator_0,17082773,1082,0,0,0,0,0,0,836
org.mudebug.prapr.mutators.LocalToFieldAccessMutator_2,17082775,6743,0,0,1,1,1,2883,1871
org.pitest.mutationtest.engine.gregor.mutators.ReturnValsMutator,17085660,4666,0,0,0,0,0,0,63
org.mudebug.prapr.mutators.FieldToLocalAccessMutator_0,17085662,6859,0,0,1,1,1,5538,71
org.mudebug.prapr.mutators.MethodNameMutator_1,17091202,1231,0,0,1,1,1,31,68
org.mudebug.prapr.mutators.LocalToFieldAccessMutator_1,17091235,6706,0,0,1,1,1,59,929
org.mudebug.prapr.mutators.FieldAccessToMethodCallMutator_0,17091296,1106,0,0,1,1,1,2980,1082
org.mudebug.prapr.mutators.MethCallResultGuard_0,17094278,1234,0,0,0,0,0,0,262
org.mudebug.prapr.mutators.ArgumentListMutator_0,17094280,5356,0,0,1,1,1,1074,425
org.mudebug.prapr.mutators.FieldAccessToMethodCallMutator_1,17095356,1777,0,0,0,0,0,0,670
org.mudebug.prapr.mutators.NonVoidMethodCallGuardMutator_0,17095358,328,0,0,0,0,0,0,278
org.pitest.mutationtest.engine.gregor.mutators.ConditionalsBoundaryMutator,17095360,7108,0,0,0,0,0,1634,1154
org.pitest.mutationtest.engine.gregor.mutators.NonVoidMethodCallMutator,17096996,242,0,0,0,0,0,11,150
org.mudebug.prapr.mutators.NonVoidMethodCallGuardMutator_0,17097009,1237,0,0,0,0,0,0,544
org.mudebug.prapr.mutators.DereferenceGuardMutator_3,17097011,1106,0,0,0,0,0,0,1135
org.pitest.mutationtest.engine.gregor.mutators.BooleanTrueReturnValsMutator,17097013,7220,0,0,0,0,0,493,177
org.mudebug.prapr.mutators.MethCallResultGuard_0,17097508,7058,0,0,0,0,0,0,425
org.mudebug.prapr.mutators.ReturningDereferenceGuardMutator_0,17097510,5219,0,0,0,0,0,0,181
org.pitest.mutationtest.engine.gregor.mutators.BooleanFalseReturnValsMutator,17097512,6867,0,0,0,0,0,32,159
org.mudebug.prapr.mutators.RelationalOperatorReplacement_2,17097546,5374,0,0,0,0,0,1,1006
org.pitest.mutationtest.engine.gregor.mutators.RemoveConditionalMutator_EQUAL_ELSE,17097549,1042,0,0,0,0,0,6,256
org.mudebug.prapr.mutators.ReturningDereferenceGuardMutator_0,17097557,6706,0,0,0,0,0,0,933
org.mudebug.prapr.mutators.MethCallResultGuard_1,17097559,7058,0,0,0,0,0,0,317
org.mudebug.prapr.mutators.MethodNameMutator_0,17097564,551,0,0,0,0,0,59,223
org.mudebug.prapr.mutators.ArgumentListMutator_0,17097625,6662,0,0,0,0,0,10,512
org.pitest.mutationtest.engine.gregor.mutators.NonVoidMethodCallMutator,17097637,7557,0,0,0,0,0,75,76
org.mudebug.prapr.mutators.ReturningDereferenceGuardMutator_1,17097714,3389,0,0,0,0,0,0,92
org.mudebug.prapr.mutators.FieldAccessToMethodCallMutator_3,17097716,1777,0,0,0,0,0,0,649
org.mudebug.prapr.mutators.FieldAccessToMethodCallMutator_4,17097718,6678,0,0,1,1,1,5985,605
org.mudebug.prapr.mutators.MethCallResultGuard_0,17103707,7058,0,0,0,0,0,0,388
org.mudebug.prapr.mutators.ArgumentListMutator_3,17103709,1044,0,0,0,1,1,4566,284
org.pitest.mutationtest.engine.gregor.mutators.NegateConditionalsMutator,17108277,5356,0,0,0,1,1,53,490
org.mudebug.prapr.mutators.ArgumentListMutator_0,17108332,1118,0,0,1,1,1,2730,1426
org.pitest.mutationtest.engine.gregor.mutators.experimental.MemberVariableMutator,17111064,1777,0,0,0,0,0,1,700
org.pitest.mutationtest.engine.gregor.mutators.experimental.RemoveSwitchMutator_87,17111067,6415,0,0,0,0,0,2,273
org.mudebug.prapr.mutators.FieldNameMutator_0,17111071,1777,0,0,0,0,0,0,672
org.mudebug.prapr.mutators.FieldAccessToMethodCallMutator_1,17111073,1777,0,0,1,1,1,2721,559
org.mudebug.prapr.mutators.LocalToFieldAccessMutator_0,17113796,7109,0,0,0,0,0,7,1173
org.mudebug.prapr.mutators.MethodNameMutator_1,17113808,7233,0,0,0,0,0,13,297
org.pitest.mutationtest.engine.gregor.mutators.VoidMethodCallMutator,17113823,7058,0,0,0,0,0,2,384
org.mudebug.prapr.mutators.NonVoidMethodCallGuardMutator_0,17113827,1248,0,0,0,0,0,0,867
org.mudebug.prapr.mutators.DereferenceGuardMutator_0,17113829,6176,0,0,0,0,0,0,577
org.mudebug.prapr.mutators.FieldNameMutator_3,17113831,7131,0,0,1,1,1,5538,71
org.mudebug.prapr.mutators.RelationalOperatorReplacement_0,17119371,5356,0,0,0,0,0,0,215
org.pitest.mutationtest.engine.gregor.mutators.experimental.MemberVariableMutator,17119373,5192,0,0,0,1,1,4734,83
org.mudebug.prapr.mutators.MethodNameMutator_6,17124109,5375,0,0,1,1,1,263,1033
org.pitest.mutationtest.engine.gregor.mutators.NonVoidMethodCallMutator,17124374,1245,0,0,0,1,1,17,804
org.mudebug.prapr.mutators.FieldNameMutator_1,17124393,1777,0,0,0,0,0,0,756
org.mudebug.prapr.mutators.LocalNameMutator_1,17124395,7058,0,0,0,0,0,4,524
org.mudebug.prapr.mutators.LocalNameMutator_2,17124401,6728,0,0,1,1,1,2802,1420
org.pitest.mutationtest.engine.gregor.mutators.RemoveConditionalMutator_EQUAL_IF,17127205,159,0,0,0,0,0,1,649
org.pitest.mutationtest.engine.gregor.mutators.ConstructorCallMutator,17127208,7058,0,0,1,1,1,5538,264
org.pitest.mutationtest.engine.gregor.mutators.NegateConditionalsMutator,17132748,3447,0,0,0,0,0,2276,1076
org.mudebug.prapr.mutators.FieldAccessToMethodCallMutator_3,17135026,6650,0,0,1,1,1,6028,370
org.pitest.mutationtest.engine.gregor.mutators.RemoveConditionalMutator_EQUAL_ELSE,17141056,247,0,0,0,0,0,0,247
org.mudebug.prapr.mutators.ArgumentListMutator_5,17141058,4152,0,0,0,0,0,5,54
org.mudebug.prapr.mutators.NonVoidMethodCallGuardMutator_0,17141065,7058,0,0,0,0,0,0,284
org.mudebug.prapr.mutators.FieldAccessToMethodCallMutator_3,17141067,1777,0,0,0,0,0,0,710
org.mudebug.prapr.mutators.DereferenceGuardMutator_0,17141069,1042,0,0,0,0,0,0,229
org.mudebug.prapr.mutators.NonVoidMethodCallGuardMutator_0,17141071,1231,0,0,0,0,0,0,98
org.pitest.mutationtest.engine.gregor.mutators.InlineConstantMutator,17141073,7058,0,0,0,0,0,0,273
org.mudebug.prapr.mutators.FieldNameMutator_4,17141075,1777,0,0,0,0,0,42,659
org.mudebug.prapr.mutators.NonVoidMethodCallGuardMutator_0,17141119,7058,0,0,0,0,0,0,453
org.mudebug.prapr.mutators.LocalNameMutator_0,17141121,7207,0,0,0,0,0,0,198
org.mudebug.prapr.mutators.MethCallResultGuard_2,17141123,3416,0,0,0,0,0,5,77
org.mudebug.prapr.mutators.MethodNameMutator_4,17141130,5356,0,0,1,1,1,1429,499
org.mudebug.prapr.mutators.RelationalOperatorReplacement_1,17142561,6713,0,0,0,1,1,2651,1147
org.mudebug.prapr.mutators.MethodNameMutator_6,17145214,7204,0,0,0,0,0,7,135
org.mudebug.prapr.mutators.NonVoidMethodCallGuardMutator_0,17145223,7233,0,0,0,0,0,5,291
org.mudebug.prapr.mutators.FieldNameMutator_5,17145230,1777,0,0,0,0,0,0,742
org.mudebug.prapr.mutators.ReturningDereferenceGuardMutator_1,17145232,1311,0,0,0,0,0,0,62
org.pitest.mutationtest.engine.gregor.mutators.BooleanFalseReturnValsMutator,17145234,7222,0,0,0,0,0,647,187
org.mudebug.prapr.mutators.MethodNameMutator_9,17145883,7247,0,0,0,0,0,138,597
org.pitest.mutationtest.engine.gregor.mutators.NonVoidMethodCallMutator,17146023,1231,0,0,0,1,1,19,69
org.mudebug.prapr.mutators.MethodNameMutator_3,17146044,1237,0,0,1,1,1,14,545
org.mudebug.prapr.mutators.MethodNameMutator_0,17146060,1048,0,0,0,0,0,1772,348
org.pitest.mutationtest.engine.gregor.mutators.NullReturnValsMutator,17147834,6728,0,0,0,1,1,1457,1413
org.mudebug.prapr.mutators.DereferenceGuardMutator_0,17149293,7232,0,0,0,0,0,0,273
org.mudebug.prapr.mutators.RelationalOperatorReplacement_2,17149295,1560,0,0,0,0,0,0,184
org.mudebug.prapr.mutators.MethCallResultGuard_0,17149301,7058,0,0,0,0,0,0,269
org.mudebug.prapr.mutators.LocalNameMutator_2,17149306,1234,0,0,1,1,1,3,309
org.mudebug.prapr.mutators.VoidMethodCallGuardMutator,17149311,7058,0,0,0,0,0,0,385
org.mudebug.prapr.mutators.MethodNameMutator_7,17149313,5356,0,0,1,1,1,572,499
org.mudebug.prapr.mutators.FieldNameMutator_4,17149887,1777,0,0,0,0,0,0,670
org.mudebug.prapr.mutators.ArgumentListMutator_1,17149889,6652,0,0,0,0,0,0,391
org.mudebug.prapr.mutators.FieldNameMutator_2,17149894,1106,0,0,0,0,0,24,1185
org.mudebug.prapr.mutators.ArithmeticOperatorDeletion_1,17149920,347,0,0,0,0,0,31,539
org.mudebug.prapr.mutators.FieldAccessToMethodCallMutator_4,17149953,1777,0,0,0,0,0,0,688
org.mudebug.prapr.mutators.NonVoidMethodCallGuardMutator_0,17149955,5356,0,0,0,0,0,0,344
org.mudebug.prapr.mutators.FieldNameMutator_0,17149957,1777,0,0,0,0,0,0,708
org.mudebug.prapr.mutators.RelationalOperatorReplacement_1,17149959,7302,0,0,0,0,0,0,98
org.pitest.mutationtest.engine.gregor.mutators.experimental.RemoveSwitchMutator_3,17149961,3564,0,0,0,0,0,4,338
org.pitest.mutationtest.engine.gregor.mutators.experimental.RemoveSwitchMutator_68,17149967,555,0,0,0,0,0,0,872
org.pitest.mutationtest.engine.gregor.mutators.InlineConstantMutator,17149969,7199,0,0,0,0,0,1648,87
org.pitest.mutationtest.engine.gregor.mutators.VoidMethodCallMutator,17151622,7202,0,0,0,0,0,612,125
org.mudebug.prapr.mutators.ReturningDereferenceGuardMutator_4,17152236,4413,0,0,0,0,0,0,524
org.mudebug.prapr.mutators.MethodNameMutator_1,17152246,5356,0,0,1,1,1,2176,84
org.pitest.mutationtest.engine.gregor.mutators.experimental.RemoveSwitchMutator_8,17154424,3558,0,0,0,0,0,3,109
org.mudebug.prapr.mutators.LocalToFieldAccessMutator_1,17154429,6743,0,0,1,1,1,2891,1870
org.mudebug.prapr.mutators.RelationalOperatorReplacement_0,17157322,7250,0,0,0,0,0,68,659
org.mudebug.prapr.mutators.FieldNameMutator_4,17157392,7058,0,0,0,0,0,2262,524
org.mudebug.prapr.mutators.MethCallResultGuard_0,17159656,347,0,0,1,1,1,1985,533
org.pitest.mutationtest.engine.gregor.mutators.ArgumentPropagationMutator,17161643,1313,0,0,0,0,0,0,84
org.pitest.mutationtest.engine.gregor.mutators.NegateConditionalsMutator,17161645,7365,0,0,0,0,0,540,229
org.mudebug.prapr.mutators.MethCallResultGuard_2,17162187,7383,0,0,0,0,0,0,455
org.mudebug.prapr.mutators.MethodNameMutator_2,17162189,7057,0,0,0,0,0,1906,232
org.mudebug.prapr.mutators.MethodNameMutator_0,17164097,4411,0,0,0,0,0,23,500
org.mudebug.prapr.mutators.RelationalOperatorReplacement_0,17164122,5356,0,0,0,0,0,0,181
org.mudebug.prapr.mutators.FieldNameMutator_1,17164124,1777,0,0,0,0,0,0,635
org.mudebug.prapr.mutators.RelationalOperatorReplacement_3,17164126,1234,0,0,0,1,1,3,302
org.mudebug.prapr.mutators.ArgumentListMutator_3,17164131,3385,0,0,1,1,1,207,47
org.mudebug.prapr.mutators.ReturningDereferenceGuardMutator_2,17164340,4257,0,0,0,0,0,0,408
org.pitest.mutationtest.engine.gregor.mutators.RemoveConditionalMutator_EQUAL_ELSE,17164342,1106,0,0,0,0,0,0,1074
org.mudebug.prapr.mutators.MethodNameMutator_6,17164344,5214,0,0,0,0,0,0,112
org.mudebug.prapr.mutators.FieldNameMutator_5,17164346,1777,0,0,0,0,0,42,659
org.mudebug.prapr.mutators.FieldNameMutator_2,17164390,1777,0,0,0,0,0,0,647
org.mudebug.prapr.mutators.RelationalOperatorReplacement_3,17164392,7476,0,0,0,1,1,29,202
org.mudebug.prapr.mutators.DereferenceGuardMutator_3,17164423,6689,0,0,0,0,0,5,782
org.mudebug.prapr.mutators.MethodNameMutator_8,17164430,7557,0,0,0,0,0,0,76
org.mudebug.prapr.mutators.MethCallResultGuard_0,17164432,6689,0,0,0,1,1,2230,781
org.mudebug.prapr.mutators.MethCallResultGuard_2,17166664,5356,0,0,0,1,1,69,499
org.mudebug.prapr.mutators.ArgumentListMutator_4,17166735,7556,0,0,1,1,1,5226,70
org.mudebug.prapr.mutators.MethodNameMutator_6,17171963,5356,0,0,1,1,1,2570,344
org.mudebug.prapr.mutators.ArgumentListMutator_5,17174535,4392,0,0,1,1,1,5221,59
org.mudebug.prapr.mutators.FieldToLocalAccessMutator_1,17179758,6652,0,0,1,1,1,4770,401
org.mudebug.prapr.mutators.FieldNameMutator_0,17184530,1038,0,0,0,0,0,0,122
org.mudebug.prapr.mutators.LocalToFieldAccessMutator_0,17184532,6695,0,0,1,1,1,5980,831
org.pitest.mutationtest.engine.gregor.mutators.NonVoidMethodCallMutator,17190514,495,0,0,1,1,1,5318,243
org.mudebug.prapr.mutators.DereferenceGuardMutator_0,17195834,4257,0,0,0,0,0,0,409
org.mudebug.prapr.mutators.LocalNameMutator_2,17195836,1234,0,0,0,0,0,0,277
org.mudebug.prapr.mutators.ArithmeticOperatorReplacement_5,17195838,4720,0,0,0,0,0,2,42
org.mudebug.prapr.mutators.DereferenceGuardMutator_0,17195842,6671,0,0,0,0,0,0,548
org.mudebug.prapr.mutators.ArgumentListMutator_4,17195844,5356,0,0,1,1,1,1074,439
org.mudebug.prapr.mutators.FieldAccessToMethodCallMutator_4,17196920,6651,0,0,0,0,0,23,375
org.mudebug.prapr.mutators.ArgumentListMutator_1,17196945,547,0,0,1,1,1,254,165
org.pitest.mutationtest.engine.gregor.mutators.experimental.MemberVariableMutator,17197204,7189,0,0,0,0,0,0,484
org.mudebug.prapr.mutators.LocalToFieldAccessMutator_1,17197206,6697,0,0,1,1,1,49,849
org.mudebug.prapr.mutators.FieldAccessToMethodCallMutator_4,17197257,6743,0,0,1,1,1,2887,1871
org.mudebug.prapr.mutators.MethodNameMutator_0,17200146,495,0,0,0,1,1,5365,119
org.mudebug.prapr.mutators.MethodNameMutator_7,17205513,4411,0,0,1,1,1,4269,474
org.mudebug.prapr.mutators.FieldToLocalAccessMutator_1,17214850,6683,0,0,0,0,0,85,686
org.mudebug.prapr.mutators.LocalToFieldAccessMutator_2,17214937,6684,0,0,1,1,1,1029,697
org.pitest.mutationtest.engine.gregor.mutators.experimental.RemoveSwitchMutator_11,17215968,495,0,0,0,0,0,8,119
org.mudebug.prapr.mutators.LocalToFieldAccessMutator_0,17215978,6728,0,0,1,1,1,2825,1407
org.pitest.mutationtest.engine.gregor.mutators.RemoveConditionalMutator_EQUAL_ELSE,17218805,551,0,0,0,1,1,2674,217
org.mudebug.prapr.mutators.ArithmeticOperatorReplacement_1,17221484,5219,0,0,1,1,1,2695,181
org.mudebug.prapr.mutators.MethCallResultGuard_1,17224181,369,0,0,0,0,0,0,807
org.mudebug.prapr.mutators.LocalToFieldAccessMutator_2,17224183,6742,0,0,1,1,1,2939,1854
org.pitest.mutationtest.engine.gregor.mutators.InlineConstantMutator,17227127,7058,0,0,0,0,0,77,249
org.mudebug.prapr.mutators.RelationalOperatorReplacement_1,17227206,5356,0,0,0,0,0,70,354
org.pitest.mutationtest.engine.gregor.mutators.InlineConstantMutator,17227278,1777,0,0,0,0,0,0,692
org.pitest.mutationtest.engine.gregor.mutators.InlineConstantMutator,17227280,7058,0,0,1,1,1,5538,453
org.mudebug.prapr.mutators.DereferenceGuardMutator_4,17232820,7303,0,0,0,0,0,0,160
org.mudebug.prapr.mutators.FieldAccessToMethodCallMutator_4,17232822,1777,0,0,0,0,0,0,687
org.mudebug.prapr.mutators.MethodNameMutator_1,17232824,1234,0,0,0,1,1,3,310
org.mudebug.prapr.mutators.MethodNameMutator_0,17232829,6694,0,0,1,1,1,4808,824
org.mudebug.prapr.mutators.ArgumentListMutator_2,17237639,6706,0,0,0,1,1,9,932
org.mudebug.prapr.mutators.MethodNameMutator_4,17237650,1234,0,0,0,1,1,33,260
org.mudebug.prapr.mutators.FieldAccessToMethodCallMutator_0,17237685,1086,0,0,0,0,0,5,871
org.pitest.mutationtest.engine.gregor.mutators.NegateConditionalsMutator,17237692,4411,0,0,0,0,0,29,476
org.mudebug.prapr.mutators.FieldNameMutator_4,17237723,7058,0,0,0,0,0,2251,364
org.mudebug.prapr.mutators.ReturningDereferenceGuardMutator_2,17239976,7063,0,0,0,0,0,5,602
org.mudebug.prapr.mutators.MethCallResultGuard_0,17239983,3245,0,0,0,0,0,5,81
org.mudebug.prapr.mutators.MethodNameMutator_2,17239990,517,0,0,0,0,0,5,92
org.pitest.mutationtest.engine.gregor.mutators.NegateConditionalsMutator,17239997,5209,0,0,1,1,1,4578,288
org.mudebug.prapr.mutators.LocalToFieldAccessMutator_3,17244577,6744,0,0,1,1,1,1245,1889
org.pitest.mutationtest.engine.gregor.mutators.NegateConditionalsMutator,17245824,7302,0,0,0,0,0,1979,110
org.pitest.mutationtest.engine.gregor.mutators.ReturnValsMutator,17247805,7106,0,0,0,0,0,1740,1128
org.mudebug.prapr.mutators.FieldNameMutator_5,17249547,1777,0,0,0,0,0,83,653
org.mudebug.prapr.mutators.FieldToLocalAccessMutator_1,17249632,6678,0,0,1,1,1,5985,603
org.pitest.mutationtest.engine.gregor.mutators.experimental.NakedReceiverMutator,17255619,1119,0,0,0,0,0,0,1435
org.mudebug.prapr.mutators.LocalToFieldAccessMutator_0,17255621,6672,0,0,1,1,1,5884,552
org.pitest.mutationtest.engine.gregor.mutators.NonVoidMethodCallMutator,17261509,7058,0,0,0,0,0,57,464
org.mudebug.prapr.mutators.FieldAccessToMethodCallMutator_2,17261568,1777,0,0,0,0,0,0,686
org.mudebug.prapr.mutators.FieldNameMutator_0,17261570,7058,0,0,1,1,1,5226,444
org.pitest.mutationtest.engine.gregor.mutators.InlineConstantMutator,17266798,517,0,0,1,1,1,5288,92
org.mudebug.prapr.mutators.DereferenceGuardMutator_0,17272088,6686,0,0,0,0,0,0,741
org.mudebug.prapr.mutators.LocalNameMutator_0,17272090,6728,0,0,0,0,0,23,1407
org.mudebug.prapr.mutators.MethodNameMutator_0,17272115,3710,0,0,0,0,0,0,67
org.mudebug.prapr.mutators.MethodNameMutator_0,17272117,1561,0,0,0,0,0,8,200
org.mudebug.prapr.mutators.MethodNameMutator_5,17272127,1106,0,0,0,0,0,220,1099
org.pitest.mutationtest.engine.gregor.mutators.experimental.SwitchMutator,17272349,3636,0,0,1,1,1,2571,1649
org.pitest.mutationtest.engine.gregor.mutators.VoidMethodCallMutator,17274922,1234,0,0,1,1,1,3,309
org.pitest.mutationtest.engine.gregor.mutators.ConstructorCallMutator,17274927,1082,0,0,1,1,1,5191,839
org.mudebug.prapr.mutators.ArgumentListMutator_0,17280120,4413,0,0,0,0,0,0,523
org.mudebug.prapr.mutators.FieldAccessToMethodCallMutator_4,17280122,6728,0,0,0,1,1,2559,1420
org.mudebug.prapr.mutators.MethodNameMutator_2,17282683,3563,0,0,0,1,1,85,293
org.mudebug.prapr.mutators.FieldNameMutator_5,17282770,7059,0,0,0,0,0,81,547
org.mudebug.prapr.mutators.FieldNameMutator_2,17282853,1777,0,0,0,0,0,0,688
org.mudebug.prapr.mutators.NonVoidMethodCallGuardMutator_0,17282855,547,0,0,0,0,0,0,167
org.mudebug.prapr.mutators.LocalToFieldAccessMutator_3,17282857,6696,0,0,0,1,1,580,837
org.mudebug.prapr.mutators.FieldNameMutator_5,17283442,1777,0,0,0,0,0,48,757
org.mudebug.prapr.mutators.FieldNameMutator_0,17283492,1129,0,0,1,1,1,5303,1604
org.mudebug.prapr.mutators.ArithmeticOperatorReplacement_0,17288797,6713,0,0,0,1,1,105,1152
org.mudebug.prapr.mutators.FieldToLocalAccessMutator_0,17288904,6706,0,0,0,1,1,0,1020
org.mudebug.prapr.mutators.FieldAccessToMethodCallMutator_4,17288906,1777,0,0,0,0,0,0,677
org.pitest.mutationtest.engine.gregor.mutators.experimental.RemoveSwitchMutator_7,17288908,3587,0,0,0,0,0,25,1015
org.mudebug.prapr.mutators.FieldNameMutator_3,17288935,5356,0,0,0,0,0,4,351
org.pitest.mutationtest.engine.gregor.mutators.NonVoidMethodCallMutator,17288941,5356,0,0,0,0,0,19,435
org.pitest.mutationtest.engine.gregor.mutators.InlineConstantMutator,17288962,3388,0,0,0,0,0,2,75
org.pitest.mutationtest.engine.gregor.mutators.InlineConstantMutator,17288966,1777,0,0,0,0,0,0,689
org.mudebug.prapr.mutators.FieldToLocalAccessMutator_0,17288968,1042,0,0,0,0,0,98,262
org.mudebug.prapr.mutators.MethCallResultGuard_2,17289068,7764,0,0,0,0,0,0,482
org.mudebug.prapr.mutators.LocalToFieldAccessMutator_1,17289070,6737,0,0,1,1,1,2668,1783
org.mudebug.prapr.mutators.ArgumentListMutator_0,17291740,7059,0,0,1,1,1,5538,546
org.mudebug.prapr.mutators.RelationalOperatorReplacement_0,17297280,5356,0,0,0,0,0,5,344
org.mudebug.prapr.mutators.RelationalOperatorReplacement_3,17297287,5213,0,0,0,0,0,25,91
org.mudebug.prapr.mutators.LocalToFieldAccessMutator_2,17297314,6684,0,0,0,0,0,108,712
org.pitest.mutationtest.engine.gregor.mutators.NullReturnValsMutator,17297424,7086,0,0,0,0,0,2385,893
org.mudebug.prapr.mutators.FieldNameMutator_0,17299811,4392,0,0,1,1,1,5220,59
org.pitest.mutationtest.engine.gregor.mutators.experimental.RemoveSwitchMutator_18,17305033,5356,0,0,0,0,0,0,117
org.pitest.mutationtest.engine.gregor.mutators.NonVoidMethodCallMutator,17305035,5187,0,0,0,0,0,0,239
org.mudebug.prapr.mutators.MethodNameMutator_2,17305037,329,0,0,0,0,0,6,296
org.mudebug.prapr.mutators.LocalNameMutator_0,17305045,6706,0,0,0,0,0,0,963
org.pitest.mutationtest.engine.gregor.mutators.NegateConditionalsMutator,17305047,6683,0,0,0,0,0,122,686
org.mudebug.prapr.mutators.MethodNameMutator_2,17305171,159,0,0,0,0,0,0,649
org.mudebug.prapr.mutators.MethCallResultGuard_1,17305173,1313,0,0,0,0,0,0,84
org.mudebug.prapr.mutators.DereferenceGuardMutator_4,17305177,6674,0,0,0,0,0,5,560
org.mudebug.prapr.mutators.LocalNameMutator_1,17305184,7501,0,0,1,1,1,5538,424
org.mudebug.prapr.mutators.LocalToFieldAccessMutator_0,17310724,6691,0,0,0,0,0,495,800
org.mudebug.prapr.mutators.DereferenceGuardMutator_1,17311221,6674,0,0,0,0,0,0,564
org.pitest.mutationtest.engine.gregor.mutators.NegateConditionalsMutator,17311223,3902,0,0,0,0,0,1,49
org.mudebug.prapr.mutators.MethCallResultGuard_1,17311226,504,0,0,0,0,0,0,77
org.mudebug.prapr.mutators.DereferenceGuardMutator_2,17311228,6689,0,0,0,0,0,0,782
org.mudebug.prapr.mutators.FieldAccessToMethodCallMutator_1,17311230,4626,0,0,0,1,1,4735,80
org.pitest.mutationtest.engine.gregor.mutators.NonVoidMethodCallMutator,17315967,6728,0,0,0,1,1,2803,1407
org.pitest.mutationtest.engine.gregor.mutators.experimental.MemberVariableMutator,17318772,5212,0,0,0,0,0,28,64
org.mudebug.prapr.mutators.MethCallResultGuard_1,17318802,7200,0,0,0,0,0,0,107
org.mudebug.prapr.mutators.MethCallResultGuard_0,17318804,370,0,0,0,0,0,0,814
org.mudebug.prapr.mutators.MethCallResultGuard_1,17318806,7058,0,0,0,0,0,0,453
org.mudebug.prapr.mutators.RelationalOperatorReplacement_3,17318808,5358,0,0,0,0,0,0,718
org.pitest.mutationtest.engine.gregor.mutators.ConstructorCallMutator,17318810,4152,0,0,1,1,1,4578,51
org.pitest.mutationtest.engine.gregor.mutators.RemoveConditionalMutator_EQUAL_ELSE,17323390,7382,0,0,0,0,0,328,410
org.pitest.mutationtest.engine.gregor.mutators.NegateConditionalsMutator,17323720,6737,0,0,1,1,1,2668,1782
org.mudebug.prapr.mutators.MethodNameMutator_0,17326390,1087,0,0,0,0,0,866,878
org.mudebug.prapr.mutators.ReturningDereferenceGuardMutator_3,17327258,705,0,0,0,0,0,0,65
org.mudebug.prapr.mutators.RelationalOperatorReplacement_3,17327260,7064,0,0,0,0,0,7,614
org.pitest.mutationtest.engine.gregor.mutators.ConstructorCallMutator,17327269,1244,0,0,1,1,1,12,645
org.mudebug.prapr.mutators.LocalToFieldAccessMutator_2,17327283,6743,0,0,1,1,1,2635,1867
org.mudebug.prapr.mutators.MethCallResultGuard_2,17329920,7764,0,0,0,0,0,0,469
org.mudebug.prapr.mutators.MethodNameMutator_1,17329922,7061,0,0,1,1,1,5538,576
org.mudebug.prapr.mutators.MethCallResultGuard_0,17335462,7233,0,0,0,0,0,0,291
org.mudebug.prapr.mutators.MethodNameMutator_1,17335464,244,0,0,0,0,0,19,187
org.mudebug.prapr.mutators.LocalToFieldAccessMutator_3,17335485,6744,0,0,1,1,1,905,1894
org.mudebug.prapr.mutators.MethodNameMutator_0,17336392,1564,0,0,0,0,0,90,262
org.mudebug.prapr.mutators.DereferenceGuardMutator_0,17336484,6689,0,0,0,0,0,0,778
org.mudebug.prapr.mutators.FieldAccessToMethodCallMutator_1,17336486,1777,0,0,0,0,0,0,649
org.mudebug.prapr.mutators.LocalToFieldAccessMutator_1,17336488,6732,0,0,0,0,0,1986,1596
org.pitest.mutationtest.engine.gregor.mutators.InlineConstantMutator,17338476,547,0,0,0,1,1,112,160
org.mudebug.prapr.mutators.FieldAccessToMethodCallMutator_3,17338590,1777,0,0,0,0,0,0,669
org.mudebug.prapr.mutators.LocalNameMutator_2,17338592,7058,0,0,0,0,0,33,515
org.mudebug.prapr.mutators.FieldNameMutator_0,17338627,6652,0,0,1,1,1,3747,401
org.mudebug.prapr.mutators.FieldNameMutator_5,17342376,1777,0,0,0,0,0,0,668
org.pitest.mutationtest.engine.gregor.mutators.NonVoidMethodCallMutator,17342378,7199,0,0,1,1,1,5538,85
org.mudebug.prapr.mutators.MethodNameMutator_2,17347921,6728,0,0,0,1,1,2804,1407
org.mudebug.prapr.mutators.FieldNameMutator_2,17350727,1777,0,0,0,0,0,84,654
org.mudebug.prapr.mutators.MethCallResultGuard_1,17350813,5354,0,0,0,0,0,0,68
org.pitest.mutationtest.engine.gregor.mutators.NonVoidMethodCallMutator,17350817,7058,0,0,0,0,0,9,425
org.pitest.mutationtest.engine.gregor.mutators.NegateConditionalsMutator,17350831,5356,0,0,0,0,0,0,344
org.pitest.mutationtest.engine.gregor.mutators.experimental.RemoveSwitchMutator_71,17350833,495,0,0,0,0,0,0,119
org.mudebug.prapr.mutators.RelationalOperatorReplacement_1,17350835,6706,0,0,0,0,0,0,971
org.pitest.mutationtest.engine.gregor.mutators.experimental.RemoveSwitchMutator_0,17350837,3563,0,0,0,0,0,0,293
org.mudebug.prapr.mutators.MethodNameMutator_5,17350839,7302,0,0,0,0,0,7,127
org.mudebug.prapr.mutators.FieldNameMutator_1,17350848,4635,0,0,0,1,1,4736,136
org.mudebug.prapr.mutators.LocalToFieldAccessMutator_0,17355589,6688,0,0,0,1,1,8,765
org.pitest.mutationtest.engine.gregor.mutators.NullReturnValsMutator,17355599,6689,0,0,0,0,0,1,779
org.pitest.mutationtest.engine.gregor.mutators.NonVoidMethodCallMutator,17355602,5356,0,0,0,0,0,8,215
org.pitest.mutationtest.engine.gregor.mutators.experimental.MemberVariableMutator,17355612,6678,0,0,1,1,1,4565,607
org.pitest.mutationtest.engine.gregor.mutators.NonVoidMethodCallMutator,17360179,7058,0,0,0,0,0,5,310
org.mudebug.prapr.mutators.NonVoidMethodCallGuardMutator_0,17360186,7063,0,0,0,0,0,0,602
org.mudebug.prapr.mutators.FieldNameMutator_2,17360188,1777,0,0,0,0,0,0,664
org.pitest.mutationtest.engine.gregor.mutators.NegateConditionalsMutator,17360193,3417,0,1,1,1,1,2513,96
org.mudebug.prapr.mutators.RelationalOperatorReplacement_2,17362707,1248,0,0,0,0,0,4,878
org.pitest.mutationtest.engine.gregor.mutators.experimental.MemberVariableMutator,17362713,4410,0,0,0,0,0,291,463
org.mudebug.prapr.mutators.MethCallResultGuard_1,17363006,7058,0,0,0,0,0,0,307
org.mudebug.prapr.mutators.FieldNameMutator_2,17363008,7059,0,0,0,0,0,1,563
org.mudebug.prapr.mutators.FieldAccessToMethodCallMutator_1,17363011,1777,0,0,0,0,0,0,712
org.mudebug.prapr.mutators.FieldAccessToMethodCallMutator_2,17363013,1777,0,0,0,0,0,0,708
org.mudebug.prapr.mutators.MethCallResultGuard_0,17363015,1234,0,0,0,1,1,10,272
org.pitest.mutationtest.engine.gregor.mutators.ReturnValsMutator,17363027,7503,0,0,0,0,0,2039,453
org.mudebug.prapr.mutators.DereferenceGuardMutator_3,17365068,6689,0,0,0,0,0,0,778
org.pitest.mutationtest.engine.gregor.mutators.experimental.RemoveSwitchMutator_10,17365070,555,0,0,0,0,0,10,872
org.mudebug.prapr.mutators.ArgumentListMutator_3,17365082,6706,0,0,0,1,1,0,1020
org.mudebug.prapr.mutators.LocalNameMutator_0,17365084,705,0,0,0,0,0,0,65
org.mudebug.prapr.mutators.FieldNameMutator_2,17365086,7058,0,0,1,1,1,5538,238
org.mudebug.prapr.mutators.MethodNameMutator_2,17370626,7302,0,0,0,0,0,1,98
org.mudebug.prapr.mutators.MethCallResultGuard_2,17370629,347,0,0,0,0,0,0,512
org.pitest.mutationtest.engine.gregor.mutators.InlineConstantMutator,17370631,7088,0,0,1,1,1,5159,914
org.mudebug.prapr.mutators.MethodNameMutator_0,17375792,5212,0,0,0,0,0,0,60
org.mudebug.prapr.mutators.DereferenceGuardMutator_0,17375794,7627,0,0,0,0,0,0,159
org.pitest.mutationtest.engine.gregor.mutators.experimental.MemberVariableMutator,17375796,1038,0,0,0,0,0,0,78
org.mudebug.prapr.mutators.FieldNameMutator_0,17375798,1777,0,0,0,0,0,0,717
org.pitest.mutationtest.engine.gregor.mutators.experimental.MemberVariableMutator,17375800,6678,0,0,1,1,1,4775,604
org.mudebug.prapr.mutators.MethodNameMutator_4,17380577,6710,0,0,1,1,1,36,1070
org.pitest.mutationtest.engine.gregor.mutators.ReturnValsMutator,17380615,334,0,0,1,1,1,5148,382
org.pitest.mutationtest.engine.gregor.mutators.InvertNegsMutator,17385765,2459,0,0,1,1,1,5291,62
org.pitest.mutationtest.engine.gregor.mutators.RemoveConditionalMutator_EQUAL_ELSE,17391058,5362,0,0,0,0,0,1,816
org.mudebug.prapr.mutators.LocalToFieldAccessMutator_1,17391061,6669,0,0,1,1,1,3686,540
org.mudebug.prapr.mutators.DereferenceGuardMutator_0,17394752,5213,0,0,0,0,0,0,91
org.mudebug.prapr.mutators.ArgumentListMutator_1,17394754,4413,0,0,0,0,0,0,523
org.mudebug.prapr.mutators.ArgumentListMutator_2,17394756,2458,0,0,1,1,1,4520,52
org.pitest.mutationtest.engine.gregor.mutators.NonVoidMethodCallMutator,17399278,3589,0,0,0,1,1,357,1062
org.mudebug.prapr.mutators.MethCallResultGuard_2,17399637,6974,0,0,0,0,0,5,76
org.mudebug.prapr.mutators.LocalToFieldAccessMutator_0,17399644,6737,0,0,0,0,0,43,1784
org.mudebug.prapr.mutators.MethCallResultGuard_1,17399689,7059,0,0,0,0,0,0,559
org.mudebug.prapr.mutators.MethodNameMutator_0,17399691,6651,0,0,0,0,0,0,375
org.mudebug.prapr.mutators.RelationalOperatorReplacement_1,17399693,551,0,0,0,0,0,0,212
org.mudebug.prapr.mutators.LocalToFieldAccessMutator_3,17399695,6673,0,0,1,1,1,5271,556
org.mudebug.prapr.mutators.FieldNameMutator_2,17404968,5351,0,0,0,0,0,0,48
org.mudebug.prapr.mutators.MethodNameMutator_2,17404970,4411,0,0,1,1,1,4269,474
org.mudebug.prapr.mutators.ReturningDereferenceGuardMutator_4,17409241,1106,0,0,0,0,0,0,1096
org.mudebug.prapr.mutators.FieldAccessToMethodCallMutator_2,17409243,6674,0,0,1,1,1,2709,563
org.mudebug.prapr.mutators.MethCallResultGuard_0,17411954,7382,0,0,0,0,0,0,429
org.mudebug.prapr.mutators.RelationalOperatorReplacement_0,17411956,7302,0,0,0,0,0,25,127
org.mudebug.prapr.mutators.FieldAccessToMethodCallMutator_0,17411983,1777,0,0,0,0,0,0,664
org.pitest.mutationtest.engine.gregor.mutators.experimental.RemoveSwitchMutator_88,17411985,6415,0,0,0,0,0,0,273
org.pitest.mutationtest.engine.gregor.mutators.experimental.RemoveSwitchMutator_21,17411987,3636,0,0,0,0,0,0,1649
org.pitest.mutationtest.engine.gregor.mutators.NonVoidMethodCallMutator,17411989,6705,0,0,0,1,1,15,918
org.mudebug.prapr.mutators.FieldToLocalAccessMutator_1,17412006,6684,0,0,1,1,1,1026,713
org.mudebug.prapr.mutators.NonVoidMethodCallGuardMutator_0,17413034,1237,0,0,0,0,0,0,545
org.mudebug.prapr.mutators.LocalToFieldAccessMutator_0,17413036,6694,0,0,0,1,1,0,824
org.pitest.mutationtest.engine.gregor.mutators.BooleanFalseReturnValsMutator,17413038,4706,0,0,0,0,0,0,757
org.mudebug.prapr.mutators.DereferenceGuardMutator_0,17413040,1106,0,0,0,0,0,0,1083
org.mudebug.prapr.mutators.FieldAccessToMethodCallMutator_2,17413042,6742,0,0,1,1,1,2939,1852
org.mudebug.prapr.mutators.FieldAccessToMethodCallMutator_0,17415983,6718,0,0,1,1,1,4921,1267
org.mudebug.prapr.mutators.ReturningDereferenceGuardMutator_1,17420906,6706,0,0,0,0,0,0,929
org.pitest.mutationtest.engine.gregor.mutators.experimental.RemoveSwitchMutator_75,17420908,3584,0,0,0,0,0,0,901
org.mudebug.prapr.mutators.ReturningDereferenceGuardMutator_0,17420910,1788,0,0,0,0,0,0,856
org.mudebug.prapr.mutators.LocalNameMutator_1,17420912,4411,0,0,1,1,1,4261,500
org.mudebug.prapr.mutators.NonVoidMethodCallGuardMutator_0,17425175,5356,0,0,0,0,0,0,80
org.pitest.mutationtest.engine.gregor.mutators.experimental.MemberVariableMutator,17425177,6168,0,0,0,0,0,0,485
org.mudebug.prapr.mutators.DereferenceGuardMutator_0,17425179,5193,0,0,0,0,0,0,90
org.mudebug.prapr.mutators.MethCallResultGuard_1,17425181,6690,0,0,0,0,0,0,792
org.mudebug.prapr.mutators.LocalToFieldAccessMutator_0,17425185,6706,0,0,1,1,1,50,932
org.mudebug.prapr.mutators.DereferenceGuardMutator_0,17425237,7241,0,0,0,0,0,0,435
org.mudebug.prapr.mutators.VoidMethodCallGuardMutator,17425239,347,0,0,0,0,0,0,522
org.mudebug.prapr.mutators.FieldToLocalAccessMutator_2,17425241,6684,0,0,0,0,0,72,713
org.pitest.mutationtest.engine.gregor.mutators.experimental.RemoveSwitchMutator_77,17425315,5356,0,0,0,0,0,0,117
org.mudebug.prapr.mutators.RelationalOperatorReplacement_2,17425317,5356,0,0,0,1,1,53,490
org.mudebug.prapr.mutators.FieldToLocalAccessMutator_1,17425372,6743,0,0,0,0,0,2006,1871
org.mudebug.prapr.mutators.ReturningDereferenceGuardMutator_0,17427380,4260,0,0,0,0,0,0,453
org.mudebug.prapr.mutators.LocalNameMutator_1,17427382,5356,0,0,1,1,1,2868,115
org.mudebug.prapr.mutators.MethodNameMutator_9,17430252,6973,0,0,0,0,0,5,71
org.pitest.mutationtest.engine.gregor.mutators.BooleanTrueReturnValsMutator,17430259,6866,0,0,0,0,0,882,155
org.mudebug.prapr.mutators.ReturningDereferenceGuardMutator_3,17431143,1106,0,0,0,0,0,0,1185
org.mudebug.prapr.mutators.MethodNameMutator_0,17431145,1541,0,0,1,1,1,2713,62
org.mudebug.prapr.mutators.FieldNameMutator_1,17433860,1777,0,0,0,0,0,48,757
org.mudebug.prapr.mutators.FieldNameMutator_1,17433910,1777,0,0,0,0,0,0,641
org.pitest.mutationtest.engine.gregor.mutators.InlineConstantMutator,17433912,7058,0,0,1,1,1,5538,470
org.mudebug.prapr.mutators.ReturningDereferenceGuardMutator_3,17439452,7358,0,0,0,0,0,0,153
org.mudebug.prapr.mutators.MethodNameMutator_1,17439454,347,0,0,0,0,0,0,525
org.pitest.mutationtest.engine.gregor.mutators.RemoveConditionalMutator_EQUAL_IF,17439456,5356,0,0,0,0,0,12,103
org.mudebug.prapr.mutators.ReturningDereferenceGuardMutator_0,17439470,517,0,0,0,0,0,0,98
org.mudebug.prapr.mutators.FieldNameMutator_4,17439472,7059,0,0,0,0,0,76,547
org.pitest.mutationtest.engine.gregor.mutators.NonVoidMethodCallMutator,17439550,1083,0,0,0,0,0,0,843
org.mudebug.prapr.mutators.RelationalOperatorReplacement_0,17439552,4411,0,0,0,0,0,23,471
org.mudebug.prapr.mutators.DereferenceGuardMutator_3,17439577,1086,0,0,0,0,0,0,871
org.mudebug.prapr.mutators.MethodNameMutator_1,17439579,7233,0,0,0,0,0,0,291
org.mudebug.prapr.mutators.NonVoidMethodCallGuardMutator_0,17439585,1106,0,0,0,0,0,0,1173
org.mudebug.prapr.mutators.MethCallResultGuard_1,17439587,247,0,0,0,0,0,0,243
org.mudebug.prapr.mutators.MethodNameMutator_2,17439589,6696,0,0,0,0,0,9,835
org.mudebug.prapr.mutators.DereferenceGuardMutator_4,17439600,7057,0,0,0,0,0,0,228
org.mudebug.prapr.mutators.FieldNameMutator_1,17439602,1106,0,0,1,1,1,2974,1199
org.pitest.mutationtest.engine.gregor.mutators.experimental.RemoveSwitchMutator_77,17442578,555,0,0,0,0,0,0,872
org.mudebug.prapr.mutators.DereferenceGuardMutator_0,17442580,1087,0,0,0,0,0,0,878
org.pitest.mutationtest.engine.gregor.mutators.RemoveConditionalMutator_EQUAL_ELSE,17442582,5356,0,0,0,0,0,1,490
org.mudebug.prapr.mutators.ReturningDereferenceGuardMutator_0,17442585,6697,0,0,0,0,0,0,844
org.pitest.mutationtest.engine.gregor.mutators.InlineConstantMutator,17442587,3611,0,0,0,0,0,636,1338
org.mudebug.prapr.mutators.ReturningDereferenceGuardMutator_2,17443225,6684,0,0,0,0,0,0,697
org.mudebug.prapr.mutators.FieldNameMutator_0,17443227,1046,0,0,1,1,1,4574,313
org.pitest.mutationtest.engine.gregor.mutators.NegateConditionalsMutator,17447803,6899,0,0,1,1,1,5538,324
org.mudebug.prapr.mutators.FieldToLocalAccessMutator_0,17453343,7131,0,0,0,0,0,1998,71
org.mudebug.prapr.mutators.MethCallResultGuard_1,17455343,517,0,0,0,0,0,0,106
org.pitest.mutationtest.engine.gregor.mutators.NegateConditionalsMutator,17455348,6899,0,0,0,0,0,2149,331
org.mudebug.prapr.mutators.ArgumentListMutator_3,17457499,6697,0,0,0,1,1,0,854
org.pitest.mutationtest.engine.gregor.mutators.NegateConditionalsMutator,17457501,7302,0,0,1,1,1,5538,111
org.mudebug.prapr.mutators.ArgumentListMutator_1,17463041,244,0,0,0,0,0,0,176
org.pitest.mutationtest.engine.gregor.mutators.RemoveConditionalMutator_ORDER_ELSE,17463043,3651,0,0,0,0,0,2,1953
org.mudebug.prapr.mutators.FieldToLocalAccessMutator_0,17463047,4663,0,0,0,0,0,0,42
org.pitest.mutationtest.engine.gregor.mutators.ReturnValsMutator,17463049,7045,0,0,1,1,1,5538,96
org.mudebug.prapr.mutators.NonVoidMethodCallGuardMutator_0,17468589,6972,0,0,0,0,0,0,66
org.pitest.mutationtest.engine.gregor.mutators.NonVoidMethodCallMutator,17468591,6725,0,0,1,1,1,1,1369
org.pitest.mutationtest.engine.gregor.mutators.NegateConditionalsMutator,17468594,7259,0,0,1,1,1,5538,823
org.mudebug.prapr.mutators.ArgumentListMutator_3,17474134,6706,0,0,0,1,1,9,931
org.pitest.mutationtest.engine.gregor.mutators.experimental.MemberVariableMutator,17474145,7052,0,0,0,0,0,27,200
org.mudebug.prapr.mutators.ArithmeticOperatorReplacement_1,17474174,347,0,0,0,0,0,8,520
org.pitest.mutationtest.engine.gregor.mutators.experimental.RemoveSwitchMutator_83,17474184,3636,0,0,0,0,0,0,1649
org.mudebug.prapr.mutators.NonVoidMethodCallGuardMutator_0,17474186,1313,0,0,0,0,0,0,86
org.mudebug.prapr.mutators.FieldNameMutator_0,17474188,7303,0,0,0,0,0,30,158
org.mudebug.prapr.mutators.FieldNameMutator_2,17474220,7064,0,0,0,0,0,7,615
org.pitest.mutationtest.engine.gregor.mutators.experimental.MemberVariableMutator,17474229,7355,0,0,0,0,0,2332,111
org.mudebug.prapr.mutators.MethodNameMutator_3,17476563,1245,0,0,0,0,0,11,713
org.mudebug.prapr.mutators.MethodNameMutator_6,17476576,1245,0,0,1,1,1,20,713
org.pitest.mutationtest.engine.gregor.mutators.NonVoidMethodCallMutator,17476598,5356,0,0,1,1,1,2868,80
org.mudebug.prapr.mutators.LocalNameMutator_0,17479468,4411,0,0,1,1,1,4269,474
org.mudebug.prapr.mutators.FieldNameMutator_1,17483739,1777,0,0,0,0,0,0,704
org.mudebug.prapr.mutators.LocalToFieldAccessMutator_2,17483741,6694,0,0,1,1,1,5384,824
org.mudebug.prapr.mutators.LocalToFieldAccessMutator_1,17489127,6678,0,0,1,1,1,5985,602
org.mudebug.prapr.mutators.ArgumentListMutator_1,17495114,6725,0,0,0,1,1,0,1369
org.mudebug.prapr.mutators.MethCallResultGuard_2,17495116,7064,0,0,0,0,0,0,622
org.mudebug.prapr.mutators.MethodNameMutator_0,17495118,7302,0,0,0,0,0,14,134
org.mudebug.prapr.mutators.LocalNameMutator_2,17495134,6728,0,0,0,1,1,1476,1421
org.mudebug.prapr.mutators.DereferenceGuardMutator_2,17496612,6683,0,0,0,0,0,0,686
org.pitest.mutationtest.engine.gregor.mutators.InlineConstantMutator,17496614,7220,0,0,0,0,0,259,177
org.mudebug.prapr.mutators.LocalNameMutator_2,17496875,347,0,0,1,1,1,4283,550
org.pitest.mutationtest.engine.gregor.mutators.NonVoidMethodCallMutator,17501160,7064,0,0,0,0,0,1,622
org.mudebug.prapr.mutators.MethodNameMutator_6,17501163,6988,0,0,0,0,0,3,167
org.mudebug.prapr.mutators.ArithmeticOperatorReplacement_5,17501168,2459,0,0,1,1,1,5269,62
org.mudebug.prapr.mutators.MethCallResultGuard_0,17506439,7088,0,0,0,0,0,0,914
org.mudebug.prapr.mutators.MethodNameMutator_1,17506441,247,0,0,1,1,1,4214,239
org.mudebug.prapr.mutators.MethCallResultGuard_1,17510657,495,0,0,0,0,0,2,216
org.pitest.mutationtest.engine.gregor.mutators.experimental.RemoveSwitchMutator_38,17510661,5356,0,0,0,0,0,277,117
org.mudebug.prapr.mutators.ReturningDereferenceGuardMutator_4,17510940,6743,0,0,0,0,0,0,1871
org.pitest.mutationtest.engine.gregor.mutators.NullReturnValsMutator,17510942,7093,0,0,1,1,1,5538,965
org.pitest.mutationtest.engine.gregor.mutators.ReturnValsMutator,17516482,6727,0,0,0,0,0,63,1396
org.mudebug.prapr.mutators.MethCallResultGuard_0,17516547,7059,0,0,0,0,0,0,564
org.pitest.mutationtest.engine.gregor.mutators.VoidMethodCallMutator,17516549,5356,0,0,0,1,1,39,511
org.mudebug.prapr.mutators.ArgumentListMutator_5,17516590,6697,0,0,1,1,1,49,854
org.mudebug.prapr.mutators.LocalToFieldAccessMutator_3,17516641,6708,0,0,1,1,1,44,1049
org.mudebug.prapr.mutators.DereferenceGuardMutator_0,17516687,6176,0,0,0,0,0,0,577
org.pitest.mutationtest.engine.gregor.mutators.NullReturnValsMutator,17516689,353,0,0,1,1,1,5318,617
org.mudebug.prapr.mutators.LocalToFieldAccessMutator_3,17522009,6728,0,0,1,1,1,2745,1420
org.pitest.mutationtest.engine.gregor.mutators.NullReturnValsMutator,17524756,7081,0,0,1,1,1,5231,813
org.mudebug.prapr.mutators.DereferenceGuardMutator_0,17529989,7627,0,0,0,0,0,0,159
org.mudebug.prapr.mutators.MethodNameMutator_0,17529991,5356,0,0,0,1,1,222,350
org.mudebug.prapr.mutators.MethCallResultGuard_0,17530215,6706,0,0,0,0,0,0,978
org.pitest.mutationtest.engine.gregor.mutators.BooleanTrueReturnValsMutator,17530217,6883,0,0,0,0,0,2165,234
org.mudebug.prapr.mutators.FieldAccessToMethodCallMutator_1,17532384,6678,0,0,1,1,1,5445,602
org.mudebug.prapr.mutators.LocalToFieldAccessMutator_3,17537831,6728,0,0,0,1,1,4,1413
org.pitest.mutationtest.engine.gregor.mutators.experimental.MemberVariableMutator,17537837,3489,0,0,0,0,0,0,251
org.mudebug.prapr.mutators.MethodNameMutator_9,17537839,1560,0,0,1,1,1,2761,182
org.pitest.mutationtest.engine.gregor.mutators.NonVoidMethodCallMutator,17540602,347,0,0,0,0,0,34,542
org.pitest.mutationtest.engine.gregor.mutators.ConstructorCallMutator,17540638,1127,0,0,1,1,1,5190,1581
org.mudebug.prapr.mutators.DereferenceGuardMutator_0,17545830,1554,0,0,0,0,0,0,143
org.mudebug.prapr.mutators.ArithmeticOperatorReplacement_7,17545832,5356,0,0,0,0,0,8,110
org.mudebug.prapr.mutators.FieldNameMutator_4,17545842,1777,0,0,0,0,0,0,742
org.mudebug.prapr.mutators.MethodNameMutator_3,17545844,547,0,0,0,1,1,110,160
org.mudebug.prapr.mutators.LocalToFieldAccessMutator_2,17545956,6728,0,0,0,1,1,2687,1409
org.mudebug.prapr.mutators.FieldNameMutator_1,17548645,6684,0,0,1,1,1,741,706
org.mudebug.prapr.mutators.FieldNameMutator_2,17549388,504,0,0,0,0,0,1,83
org.mudebug.prapr.mutators.RelationalOperatorReplacement_1,17549391,3592,0,0,0,0,0,563,1084
org.mudebug.prapr.mutators.DereferenceGuardMutator_3,17549956,6728,0,0,0,0,0,0,1420
org.mudebug.prapr.mutators.DereferenceGuardMutator_0,17549958,3417,0,0,0,0,0,0,105
org.mudebug.prapr.mutators.RelationalOperatorReplacement_3,17549960,4415,0,0,0,0,0,3889,546
org.mudebug.prapr.mutators.FieldNameMutator_2,17553851,7058,0,0,1,1,1,5231,444
org.mudebug.prapr.mutators.FieldNameMutator_4,17559086,1777,0,0,0,0,0,0,712
org.pitest.mutationtest.engine.gregor.mutators.ConstructorCallMutator,17559088,7764,0,0,1,1,1,5426,481
org.pitest.mutationtest.engine.gregor.mutators.InlineConstantMutator,17564516,1560,0,0,0,0,0,5,189
org.mudebug.prapr.mutators.NonVoidMethodCallGuardMutator_0,17564523,4720,0,0,0,0,0,0,42
org.mudebug.prapr.mutators.RelationalOperatorReplacement_0,17564525,3626,0,0,0,0,0,6,1516
org.mudebug.prapr.mutators.MethCallResultGuard_1,17564533,6728,0,0,0,0,0,5,1407
org.mudebug.prapr.mutators.MethCallResultGuard_2,17564540,348,0,0,1,1,1,384,559
org.pitest.mutationtest.engine.gregor.mutators.BooleanFalseReturnValsMutator,17564926,6726,0,0,0,0,0,1321,1383
org.mudebug.prapr.mutators.ArgumentListMutator_5,17566252,1237,0,0,0,0,0,0,544
org.mudebug.prapr.mutators.ArgumentListMutator_1,17566254,7052,0,0,1,1,1,5538,132
org.pitest.mutationtest.engine.gregor.mutators.NullReturnValsMutator,17571794,495,0,0,1,1,1,5318,243
org.pitest.mutationtest.engine.gregor.mutators.InlineConstantMutator,17577114,6168,0,0,0,1,1,140,479
org.mudebug.prapr.mutators.LocalToFieldAccessMutator_0,17577256,6744,0,0,1,1,1,1245,1892
org.mudebug.prapr.mutators.FieldNameMutator_4,17578503,1777,0,0,0,0,0,0,688
org.mudebug.prapr.mutators.MethodNameMutator_0,17578505,3592,0,0,0,0,0,47,1084
org.mudebug.prapr.mutators.LocalToFieldAccessMutator_1,17578554,1082,0,0,0,0,0,0,839
org.mudebug.prapr.mutators.MethodNameMutator_6,17578556,7247,0,0,1,1,1,5538,597
org.mudebug.prapr.mutators.FieldNameMutator_4,17584096,1777,0,0,0,0,0,0,720
org.mudebug.prapr.mutators.MethCallResultGuard_1,17584098,6708,0,0,0,0,0,0,1050
org.mudebug.prapr.mutators.DereferenceGuardMutator_1,17584100,6743,0,0,0,0,0,0,1870
org.mudebug.prapr.mutators.MethCallResultGuard_2,17584102,4415,0,0,0,0,0,5,549
org.mudebug.prapr.mutators.FieldNameMutator_5,17584109,7059,0,0,0,0,0,146,545
org.mudebug.prapr.mutators.MethCallResultGuard_2,17584257,1119,0,0,0,0,0,0,1441
org.mudebug.prapr.mutators.VoidMethodCallGuardMutator,17584259,328,0,0,0,0,0,2,280
org.mudebug.prapr.mutators.FieldNameMutator_4,17584263,7058,0,0,0,0,0,2251,385
org.mudebug.prapr.mutators.MethCallResultGuard_0,17586519,1311,0,0,0,0,0,0,62
org.mudebug.prapr.mutators.FieldNameMutator_1,17586523,1777,0,0,0,0,0,0,658
org.mudebug.prapr.mutators.RelationalOperatorReplacement_2,17586525,3675,0,0,0,0,0,0,2362
org.mudebug.prapr.mutators.MethodNameMutator_3,17586527,6711,0,0,0,0,0,8,1129
org.mudebug.prapr.mutators.ArithmeticOperatorDeletion_1,17586537,347,0,0,0,0,0,26,520
org.pitest.mutationtest.engine.gregor.mutators.experimental.RemoveSwitchMutator_18,17586565,3636,0,0,0,0,0,5,1649
org.mudebug.prapr.mutators.LocalNameMutator_0,17586572,3392,0,0,0,1,1,4455,303
org.mudebug.prapr.mutators.FieldAccessToMethodCallMutator_3,17591029,1777,0,0,0,0,0,0,719
org.mudebug.prapr.mutators.LocalToFieldAccessMutator_3,17591031,6728,0,0,1,1,1,2810,1407
org.pitest.mutationtest.engine.gregor.mutators.NonVoidMethodCallMutator,17593843,7088,0,0,1,1,1,5159,914
org.mudebug.prapr.mutators.RelationalOperatorReplacement_1,17599004,5358,0,0,0,0,0,24,766
org.mudebug.prapr.mutators.MethCallResultGuard_0,17599030,1236,1,0,0,0,0,0,522
org.pitest.mutationtest.engine.gregor.mutators.experimental.MemberVariableMutator,17599032,4667,0,0,0,1,1,2583,68
org.mudebug.prapr.mutators.FieldNameMutator_0,17601617,7613,0,0,0,0,0,0,54
org.pitest.mutationtest.engine.gregor.mutators.experimental.RemoveSwitchMutator_79,17601619,555,0,0,0,0,0,0,872
org.mudebug.prapr.mutators.ReturningDereferenceGuardMutator_0,17601621,1041,0,0,0,0,0,5,219
org.mudebug.prapr.mutators.FieldAccessToMethodCallMutator_1,17601628,6684,0,0,1,1,1,1029,704
org.mudebug.prapr.mutators.ReturningDereferenceGuardMutator_3,17602659,4159,0,0,0,0,0,0,103
org.mudebug.prapr.mutators.ArgumentListMutator_0,17602661,5212,0,0,0,0,0,28,65
org.mudebug.prapr.mutators.LocalToFieldAccessMutator_3,17602691,6706,0,0,1,1,1,36,933
org.mudebug.prapr.mutators.LocalNameMutator_1,17602729,5356,0,0,0,0,0,28,696
org.pitest.mutationtest.engine.gregor.mutators.RemoveConditionalMutator_EQUAL_ELSE,17602759,1788,0,0,1,1,1,4520,856
org.mudebug.prapr.mutators.MethCallResultGuard_1,17607281,1234,0,0,0,0,0,0,310
org.mudebug.prapr.mutators.MethodNameMutator_9,17607283,7204,0,0,0,0,0,7,135
org.mudebug.prapr.mutators.MethCallResultGuard_2,17607292,7556,0,0,0,0,0,0,70
org.mudebug.prapr.mutators.FieldNameMutator_3,17607294,5356,0,0,0,0,0,3,505
org.mudebug.prapr.mutators.FieldNameMutator_5,17607299,1777,0,0,0,0,0,0,688
org.pitest.mutationtest.engine.gregor.mutators.VoidMethodCallMutator,17607301,242,0,0,0,0,0,4,152
org.pitest.mutationtest.engine.gregor.mutators.NonVoidMethodCallMutator,17607307,7058,0,0,0,0,0,97,458
org.mudebug.prapr.mutators.MethCallResultGuard_1,17607406,6706,0,0,0,0,0,0,976
org.mudebug.prapr.mutators.NonVoidMethodCallGuardMutator_0,17607408,6743,0,0,0,0,0,0,1867
org.mudebug.prapr.mutators.ReturningDereferenceGuardMutator_0,17607410,6176,0,0,0,0,0,0,571
org.mudebug.prapr.mutators.FieldToLocalAccessMutator_0,17607412,6671,0,0,1,1,1,5591,548
org.pitest.mutationtest.engine.gregor.mutators.NonVoidMethodCallMutator,17613005,545,0,0,1,1,1,5365,129
org.mudebug.prapr.mutators.VoidMethodCallGuardMutator,17618372,545,0,0,0,0,0,0,139
org.mudebug.prapr.mutators.NonVoidMethodCallGuardMutator_0,17618378,245,0,0,0,0,0,23,198
org.mudebug.prapr.mutators.FieldNameMutator_4,17618403,1777,0,0,0,0,0,84,654
org.mudebug.prapr.mutators.MethodNameMutator_3,17618489,6725,0,0,0,1,1,0,1369
org.mudebug.prapr.mutators.NonVoidMethodCallGuardMutator_0,17618491,5356,0,0,0,0,0,0,76
org.mudebug.prapr.mutators.MethCallResultGuard_1,17618493,1048,0,0,0,0,0,0,346
org.pitest.mutationtest.engine.gregor.mutators.experimental.RemoveSwitchMutator_17,17618495,555,0,0,0,0,0,38,872
org.mudebug.prapr.mutators.LocalNameMutator_0,17618535,547,0,0,0,0,0,127,166
org.mudebug.prapr.mutators.MethodNameMutator_0,17618664,5357,0,0,0,0,0,2,703
org.mudebug.prapr.mutators.FieldNameMutator_0,17618668,1777,0,0,0,0,0,0,629
org.mudebug.prapr.mutators.RelationalOperatorReplacement_3,17618670,7302,0,0,0,0,0,25,127
org.mudebug.prapr.mutators.MethodNameMutator_7,17618697,3626,0,0,1,1,1,4269,1516
org.mudebug.prapr.mutators.FieldNameMutator_0,17622968,3711,0,0,0,0,0,1,72
org.mudebug.prapr.mutators.LocalToFieldAccessMutator_0,17622971,6678,0,0,1,1,1,5985,606
org.mudebug.prapr.mutators.MethodNameMutator_1,17628958,5356,0,0,0,0,0,0,215
org.pitest.mutationtest.engine.gregor.mutators.RemoveConditionalMutator_EQUAL_ELSE,17628960,4411,0,0,1,1,1,4269,500
org.mudebug.prapr.mutators.FieldAccessToMethodCallMutator_1,17633231,6684,0,0,1,1,1,757,706
org.mudebug.prapr.mutators.FieldNameMutator_5,17633990,7058,0,0,1,1,1,5538,281
org.pitest.mutationtest.engine.gregor.mutators.ReturnValsMutator,17639530,6884,0,0,0,0,0,682,238
org.pitest.mutationtest.engine.gregor.mutators.RemoveConditionalMutator_EQUAL_ELSE,17640214,7265,0,0,0,0,0,5,867
org.mudebug.prapr.mutators.ReturningDereferenceGuardMutator_0,17640221,7257,0,0,0,0,0,0,811
org.mudebug.prapr.mutators.FieldNameMutator_5,17640223,7058,0,0,1,1,1,5538,238
org.mudebug.prapr.mutators.FieldNameMutator_1,17645763,7058,0,0,0,0,0,2252,395
org.mudebug.prapr.mutators.FieldToLocalAccessMutator_0,17648017,6747,0,0,0,0,0,2416,1923
org.mudebug.prapr.mutators.MethodNameMutator_1,17650435,1231,0,0,0,1,1,17,69
org.mudebug.prapr.mutators.ReturningDereferenceGuardMutator_3,17650454,1132,0,0,0,0,0,0,1626
org.mudebug.prapr.mutators.DereferenceGuardMutator_3,17650456,7200,0,0,0,0,0,0,105
org.mudebug.prapr.mutators.ReturningDereferenceGuardMutator_0,17650458,7241,0,0,0,0,0,0,435
org.mudebug.prapr.mutators.FieldToLocalAccessMutator_1,17650460,503,0,0,0,0,0,77,65
org.pitest.mutationtest.engine.gregor.mutators.VoidMethodCallMutator,17650539,7058,0,0,1,1,1,5538,368
org.mudebug.prapr.mutators.LocalNameMutator_0,17656079,1245,0,0,1,1,1,20,719
org.mudebug.prapr.mutators.ArithmeticOperatorReplacement_2,17656101,553,0,0,0,0,0,37,267
org.mudebug.prapr.mutators.VoidMethodCallGuardMutator,17656140,5363,0,0,0,0,0,0,828
org.mudebug.prapr.mutators.RelationalOperatorReplacement_0,17656142,4392,0,0,1,1,1,5218,206
org.mudebug.prapr.mutators.RelationalOperatorReplacement_3,17661362,1554,0,0,0,0,0,4,139
org.mudebug.prapr.mutators.MethCallResultGuard_2,17661368,1119,0,0,0,0,0,0,1434
org.pitest.mutationtest.engine.gregor.mutators.experimental.RemoveSwitchMutator_80,17661370,3584,0,0,0,0,0,0,901
org.mudebug.prapr.mutators.RelationalOperatorReplacement_3,17661372,6706,0,0,0,1,1,8,963
org.mudebug.prapr.mutators.MethodNameMutator_1,17661382,7379,0,0,1,1,1,5538,390
org.pitest.mutationtest.engine.gregor.mutators.experimental.RemoveSwitchMutator_64,17666922,6415,0,0,0,0,0,1,273
org.mudebug.prapr.mutators.RelationalOperatorReplacement_3,17666925,5356,0,0,0,0,0,136,368
org.mudebug.prapr.mutators.ArithmeticOperatorDeletion_1,17667063,5219,0,0,1,1,1,2695,181
org.pitest.mutationtest.engine.gregor.mutators.NegateConditionalsMutator,17669760,1053,0,0,0,1,1,4574,441
org.mudebug.prapr.mutators.MethCallResultGuard_0,17674336,6420,0,0,0,0,0,0,400
org.mudebug.prapr.mutators.MethodNameMutator_0,17674338,244,0,0,1,1,1,2712,176
org.mudebug.prapr.mutators.NonVoidMethodCallGuardMutator_0,17677052,7060,0,0,0,0,0,0,569
org.pitest.mutationtest.engine.gregor.mutators.NullReturnValsMutator,17677054,6748,0,0,0,0,0,6,1927
org.mudebug.prapr.mutators.ArithmeticOperatorReplacement_0,17677062,346,0,0,0,0,0,26,496
org.mudebug.prapr.mutators.MethodNameMutator_6,17677090,6743,0,0,0,1,1,2864,1867
org.mudebug.prapr.mutators.RelationalOperatorReplacement_0,17679956,7557,0,0,0,0,0,0,76
org.pitest.mutationtest.engine.gregor.mutators.experimental.MemberVariableMutator,17679958,6652,0,0,0,0,0,2620,402
org.pitest.mutationtest.engine.gregor.mutators.RemoveConditionalMutator_EQUAL_ELSE,17687646,5356,0,0,0,0,0,0,344
org.mudebug.prapr.mutators.LocalNameMutator_0,17687648,517,0,0,0,1,1,4525,106
org.pitest.mutationtest.engine.gregor.mutators.PrimitiveReturnsMutator,17692175,555,0,0,1,1,1,2569,950
org.mudebug.prapr.mutators.RelationalOperatorReplacement_1,17694746,5358,0,0,0,1,1,33,759
org.mudebug.prapr.mutators.LocalToFieldAccessMutator_2,17694781,6743,0,0,0,0,0,1630,1867
org.mudebug.prapr.mutators.LocalToFieldAccessMutator_2,17696413,6689,0,0,0,1,1,0,781
org.mudebug.prapr.mutators.FieldAccessToMethodCallMutator_4,17696415,1777,0,0,0,0,0,0,740
org.pitest.mutationtest.engine.gregor.mutators.NonVoidMethodCallMutator,17696417,6860,0,0,1,1,1,5538,110
org.mudebug.prapr.mutators.ReturningDereferenceGuardMutator_3,17701957,5214,0,0,0,0,0,0,112
org.pitest.mutationtest.engine.gregor.mutators.EmptyObjectReturnValsMutator,17701959,6977,0,0,0,0,0,397,97
org.mudebug.prapr.mutators.MethCallResultGuard_0,17702361,1106,0,0,0,0,0,0,1136
org.mudebug.prapr.mutators.FieldAccessToMethodCallMutator_0,17702363,1777,0,0,0,0,0,0,750
org.pitest.mutationtest.engine.gregor.mutators.RemoveConditionalMutator_EQUAL_IF,17702365,6725,0,0,1,1,1,2798,1368
org.mudebug.prapr.mutators.NonVoidMethodCallGuardMutator_0,17705165,1236,1,0,0,0,0,0,520
org.pitest.mutationtest.engine.gregor.mutators.InlineConstantMutator,17705167,1046,0,0,0,0,0,1,314
org.mudebug.prapr.mutators.VoidMethodCallGuardMutator,17705170,1234,0,0,0,0,0,0,314
org.mudebug.prapr.mutators.LocalNameMutator_0,17705172,7785,0,0,1,1,1,5993,360
org.mudebug.prapr.mutators.ArgumentListMutator_1,17711170,7058,0,0,1,1,1,5538,522
org.mudebug.prapr.mutators.DereferenceGuardMutator_0,17716710,5209,0,0,0,0,0,5,288
org.mudebug.prapr.mutators.ReturningDereferenceGuardMutator_0,17716720,6686,0,0,0,0,0,5,742
org.mudebug.prapr.mutators.LocalToFieldAccessMutator_0,17716727,7204,0,0,1,1,1,5538,135
org.mudebug.prapr.mutators.ArgumentListMutator_4,17722267,7058,0,0,0,0,0,0,494
org.mudebug.prapr.mutators.LocalNameMutator_2,17722269,5356,0,0,0,0,0,1,358
org.mudebug.prapr.mutators.MethodNameMutator_2,17722272,7263,0,0,0,0,0,13,853
org.mudebug.prapr.mutators.MethodNameMutator_1,17722287,3564,0,0,0,0,0,16,338
org.mudebug.prapr.mutators.RelationalOperatorReplacement_3,17722305,504,0,0,0,0,0,5,81
org.mudebug.prapr.mutators.LocalToFieldAccessMutator_2,17722312,6678,0,0,1,1,1,5985,604
org.mudebug.prapr.mutators.MethCallResultGuard_2,17728302,7058,0,0,0,0,0,0,307
org.mudebug.prapr.mutators.FieldNameMutator_3,17728304,1777,0,0,0,0,0,0,661
org.pitest.mutationtest.engine.gregor.mutators.ReturnValsMutator,17728306,6415,0,0,0,1,1,21,407
org.mudebug.prapr.mutators.MethodNameMutator_2,17728329,1234,0,0,0,0,0,7,283
org.pitest.mutationtest.engine.gregor.mutators.NonVoidMethodCallMutator,17728338,7382,0,0,0,0,0,2,442
org.mudebug.prapr.mutators.MethCallResultGuard_0,17728342,5218,0,0,0,0,0,0,176
org.mudebug.prapr.mutators.NonVoidMethodCallGuardMutator_0,17728344,7058,0,0,0,0,0,5,307
org.mudebug.prapr.mutators.LocalToFieldAccessMutator_0,17728351,1042,0,0,0,0,0,5,246
org.pitest.mutationtest.engine.gregor.mutators.experimental.RemoveSwitchMutator_2,17728358,6415,0,0,0,0,0,1,273
org.mudebug.prapr.mutators.MethodNameMutator_8,17728361,7302,0,0,0,0,0,14,127
org.mudebug.prapr.mutators.DereferenceGuardMutator_3,17728377,1554,0,0,0,0,0,0,143
org.pitest.mutationtest.engine.gregor.mutators.NonVoidMethodCallMutator,17728379,1248,0,0,1,1,1,59,867
org.pitest.mutationtest.engine.gregor.mutators.NonVoidMethodCallMutator,17728440,3489,0,0,0,0,0,0,253
org.pitest.mutationtest.engine.gregor.mutators.NonVoidMethodCallMutator,17728442,346,0,0,0,1,1,26,497
org.mudebug.prapr.mutators.FieldNameMutator_0,17728470,1777,0,0,0,0,0,0,684
org.pitest.mutationtest.engine.gregor.mutators.RemoveConditionalMutator_EQUAL_IF,17728472,3489,0,0,0,0,0,0,268
org.mudebug.prapr.mutators.FieldNameMutator_2,17728477,1777,0,0,0,0,0,0,676
org.pitest.mutationtest.engine.gregor.mutators.experimental.RemoveSwitchMutator_0,17728479,6649,0,0,0,0,0,0,175
org.mudebug.prapr.mutators.FieldNameMutator_0,17728484,2308,0,0,0,0,0,5,92
org.pitest.mutationtest.engine.gregor.mutators.InlineConstantMutator,17728491,6651,0,0,1,1,1,4611,377
org.mudebug.prapr.mutators.MethodNameMutator_1,17733104,347,0,0,0,0,0,47,539
org.pitest.mutationtest.engine.gregor.mutators.VoidMethodCallMutator,17733153,6678,0,0,0,0,0,0,603
org.mudebug.prapr.mutators.NonVoidMethodCallGuardMutator_0,17733155,7232,0,0,0,0,0,0,273
org.mudebug.prapr.mutators.MethCallResultGuard_0,17733157,2858,0,0,0,0,0,0,45
org.mudebug.prapr.mutators.DereferenceGuardMutator_0,17733159,6686,0,0,0,0,0,0,742
org.pitest.mutationtest.engine.gregor.mutators.VoidMethodCallMutator,17733161,7058,0,0,0,0,0,16,519
org.mudebug.prapr.mutators.ReturningDereferenceGuardMutator_2,17733179,6674,0,0,0,0,0,0,560
org.pitest.mutationtest.engine.gregor.mutators.RemoveConditionalMutator_EQUAL_IF,17733181,6689,0,0,0,1,1,2235,778
org.mudebug.prapr.mutators.MethodNameMutator_8,17735418,1560,0,0,0,1,1,226,182
org.pitest.mutationtest.engine.gregor.mutators.RemoveConditionalMutator_EQUAL_ELSE,17735646,5356,0,0,0,0,0,3,505
org.mudebug.prapr.mutators.VoidMethodCallGuardMutator,17735651,7058,0,0,0,0,0,0,258
org.mudebug.prapr.mutators.NonVoidMethodCallGuardMutator_0,17735653,7058,0,0,0,0,0,0,527
org.mudebug.prapr.mutators.DereferenceGuardMutator_3,17735655,1106,0,0,0,0,0,0,1185
org.mudebug.prapr.mutators.MethodNameMutator_0,17735657,7241,0,0,0,0,0,1,435
org.mudebug.prapr.mutators.MethodNameMutator_1,17735660,5356,0,0,0,1,1,39,512
org.mudebug.prapr.mutators.VoidMethodCallGuardMutator,17735701,3390,0,0,0,0,0,0,99
org.mudebug.prapr.mutators.MethCallResultGuard_1,17735703,562,0,0,0,0,0,0,1210
org.mudebug.prapr.mutators.VoidMethodCallGuardMutator,17735705,7058,0,0,0,0,0,0,399
org.mudebug.prapr.mutators.RelationalOperatorReplacement_1,17735707,6686,0,0,0,0,0,2480,742
org.pitest.mutationtest.engine.gregor.mutators.NegateConditionalsMutator,17738189,550,0,0,1,1,1,5365,194
org.mudebug.prapr.mutators.FieldNameMutator_2,17743556,7058,0,0,0,0,0,237,455
org.mudebug.prapr.mutators.LocalToFieldAccessMutator_1,17743795,6706,0,0,1,1,1,49,1030
org.mudebug.prapr.mutators.ReturningDereferenceGuardMutator_1,17743846,5213,0,0,0,0,0,0,91
org.mudebug.prapr.mutators.FieldAccessToMethodCallMutator_0,17743848,7557,0,0,0,0,0,0,76
org.mudebug.prapr.mutators.MethodNameMutator_0,17743850,6986,0,0,0,0,0,44,145
org.mudebug.prapr.mutators.FieldAccessToMethodCallMutator_4,17743896,1777,0,0,0,0,0,0,692
org.mudebug.prapr.mutators.FieldAccessToMethodCallMutator_2,17743898,1777,0,0,0,0,0,0,678
org.mudebug.prapr.mutators.DereferenceGuardMutator_3,17743900,7305,0,0,0,0,0,0,206
org.pitest.mutationtest.engine.gregor.mutators.NegateConditionalsMutator,17743902,3664,0,0,0,1,1,186,2190
org.mudebug.prapr.mutators.DereferenceGuardMutator_0,17744090,7204,0,0,0,0,0,0,134
org.mudebug.prapr.mutators.RelationalOperatorReplacement_2,17744092,5356,0,0,0,0,0,0,215
org.pitest.mutationtest.engine.gregor.mutators.experimental.MemberVariableMutator,17744094,1777,0,0,0,0,0,0,82
org.mudebug.prapr.mutators.FieldAccessToMethodCallMutator_0,17744102,7263,0,0,1,1,1,5538,851
org.mudebug.prapr.mutators.MethodNameMutator_2,17749642,7200,0,0,0,0,0,9,105
org.mudebug.prapr.mutators.LocalToFieldAccessMutator_3,17749653,6706,0,0,1,1,1,50,932
org.mudebug.prapr.mutators.ArgumentListMutator_4,17749705,6652,0,0,0,0,0,0,389
org.mudebug.prapr.mutators.MethodNameMutator_1,17749707,5362,0,0,1,1,1,2246,816
org.mudebug.prapr.mutators.LocalNameMutator_2,17751955,4411,0,0,1,1,1,4269,494
org.mudebug.prapr.mutators.FieldNameMutator_0,17756226,4627,0,0,0,1,1,4455,94
org.pitest.mutationtest.engine.gregor.mutators.InlineConstantMutator,17760686,6704,0,0,0,0,0,0,908
org.pitest.mutationtest.engine.gregor.mutators.experimental.RemoveSwitchMutator_94,17760688,3584,0,0,0,0,0,83,901
org.mudebug.prapr.mutators.LocalNameMutator_0,17760780,7785,0,0,1,1,1,5993,363
org.mudebug.prapr.mutators.MethCallResultGuard_0,17766775,1245,0,0,0,0,0,0,673
org.mudebug.prapr.mutators.RelationalOperatorReplacement_1,17766777,7064,0,0,0,0,0,0,614
org.mudebug.prapr.mutators.LocalNameMutator_0,17766779,5356,0,0,1,1,1,1316,219
org.pitest.mutationtest.engine.gregor.mutators.NegateConditionalsMutator,17768097,6727,0,0,0,0,0,10,1393
org.pitest.mutationtest.engine.gregor.mutators.RemoveConditionalMutator_EQUAL_ELSE,17768112,5356,0,0,0,0,0,2,103
org.mudebug.prapr.mutators.FieldNameMutator_3,17768116,1777,0,0,0,0,0,0,721
org.pitest.mutationtest.engine.gregor.mutators.RemoveConditionalMutator_EQUAL_ELSE,17768118,1234,0,0,0,0,0,3,302
org.pitest.mutationtest.engine.gregor.mutators.EmptyObjectReturnValsMutator,17768123,6708,0,0,0,1,1,8,1050
org.pitest.mutationtest.engine.gregor.mutators.NonVoidMethodCallMutator,17768133,7233,0,0,0,0,0,13,297
org.mudebug.prapr.mutators.MethCallResultGuard_0,17768148,7058,0,0,0,0,0,0,439
org.mudebug.prapr.mutators.FieldNameMutator_5,17773219,7058,0,0,1,1,1,5538,389
org.mudebug.prapr.mutators.FieldAccessToMethodCallMutator_3,17778759,1777,0,0,0,0,0,0,675
org.mudebug.prapr.mutators.FieldAccessToMethodCallMutator_1,17778761,6718,0,0,1,1,1,4520,1267
org.mudebug.prapr.mutators.ReturningDereferenceGuardMutator_1,17783283,6688,0,0,0,0,0,0,764
org.mudebug.prapr.mutators.MethCallResultGuard_2,17783285,4410,0,0,0,0,0,0,441
org.pitest.mutationtest.engine.gregor.mutators.experimental.RemoveSwitchMutator_77,17783287,495,0,0,0,0,0,92,119
org.pitest.mutationtest.engine.gregor.mutators.RemoveConditionalMutator_EQUAL_ELSE,17783381,7233,0,0,0,0,0,0,291
org.pitest.mutationtest.engine.gregor.mutators.RemoveConditionalMutator_EQUAL_ELSE,17783383,553,0,0,0,0,0,0,263
org.pitest.mutationtest.engine.gregor.mutators.ReturnValsMutator,17783385,3675,0,0,1,1,1,2760,2367
org.mudebug.prapr.mutators.FieldAccessToMethodCallMutator_0,17786147,1777,0,0,0,0,0,0,736
org.mudebug.prapr.mutators.LocalToFieldAccessMutator_1,17786149,7108,0,0,0,0,0,49,1155
org.mudebug.prapr.mutators.MethCallResultGuard_1,17786200,6710,0,0,0,0,0,0,1068
org.mudebug.prapr.mutators.FieldNameMutator_0,17786202,7058,0,0,1,1,1,5068,484
org.mudebug.prapr.mutators.FieldNameMutator_1,17791272,7209,0,0,0,0,0,21,51
org.mudebug.prapr.mutators.MethCallResultGuard_1,17791295,7058,0,0,0,0,0,0,280
org.pitest.mutationtest.engine.gregor.mutators.RemoveConditionalMutator_EQUAL_IF,17791297,7557,0,0,0,0,0,0,76
org.pitest.mutationtest.engine.gregor.mutators.RemoveConditionalMutator_EQUAL_ELSE,17791299,6899,0,0,0,0,0,0,324
org.mudebug.prapr.mutators.DereferenceGuardMutator_3,17791301,6689,0,0,0,0,0,0,783
org.pitest.mutationtest.engine.gregor.mutators.NonVoidMethodCallMutator,17791303,5356,0,0,1,1,1,193,522
org.mudebug.prapr.mutators.DereferenceGuardMutator_1,17791498,1106,0,0,0,0,0,0,1106
org.pitest.mutationtest.engine.gregor.mutators.ReturnValsMutator,17791500,6691,0,0,0,1,1,2258,800
org.mudebug.prapr.mutators.MethodNameMutator_1,17793760,7057,0,0,1,1,1,5538,229
org.pitest.mutationtest.engine.gregor.mutators.ConstructorCallMutator,17799303,4392,0,0,1,1,1,5220,68
org.mudebug.prapr.mutators.RelationalOperatorReplacement_1,17804525,3497,0,0,0,0,0,0,425
org.mudebug.prapr.mutators.ArithmeticOperatorReplacement_3,17804527,6715,0,0,0,0,0,72,1176
org.pitest.mutationtest.engine.gregor.mutators.ConstructorCallMutator,17804601,1038,0,0,0,0,0,2188,140
org.mudebug.prapr.mutators.FieldNameMutator_0,17806791,1777,0,0,0,0,0,0,738
org.pitest.mutationtest.engine.gregor.mutators.InlineConstantMutator,17806793,3651,0,0,0,0,0,76,1951
org.mudebug.prapr.mutators.ReturningDereferenceGuardMutator_0,17806871,1038,0,0,0,0,0,0,191
org.pitest.mutationtest.engine.gregor.mutators.experimental.RemoveSwitchMutator_6,17806873,495,0,0,0,0,0,5,119
org.mudebug.prapr.mutators.FieldToLocalAccessMutator_0,17806880,4630,0,0,1,1,1,5209,110
org.mudebug.prapr.mutators.NonVoidMethodCallGuardMutator_0,17812091,347,0,0,0,0,0,0,504
org.mudebug.prapr.mutators.ReturningDereferenceGuardMutator_3,17812093,5353,0,0,0,0,0,0,64
org.mudebug.prapr.mutators.LocalToFieldAccessMutator_0,17812095,551,0,0,1,1,1,4299,215
org.pitest.mutationtest.engine.gregor.mutators.experimental.MemberVariableMutator,17816396,3489,0,0,0,0,0,0,253
org.mudebug.prapr.mutators.MethCallResultGuard_2,17816398,7064,0,0,0,0,0,5,622
org.pitest.mutationtest.engine.gregor.mutators.InlineConstantMutator,17816405,6651,0,0,1,1,1,4611,375
org.mudebug.prapr.mutators.ReturningDereferenceGuardMutator_2,17821020,5356,0,0,0,0,0,0,365
org.mudebug.prapr.mutators.MethodNameMutator_5,17821022,7302,0,0,0,0,0,76,98
org.pitest.mutationtest.engine.gregor.mutators.BooleanFalseReturnValsMutator,17821100,3589,0,0,0,1,1,358,1062
org.pitest.mutationtest.engine.gregor.mutators.NegateConditionalsMutator,17821460,7215,0,0,1,1,1,5538,132
org.mudebug.prapr.mutators.RelationalOperatorReplacement_0,17827000,5356,0,0,0,0,0,2,358
org.mudebug.prapr.mutators.LocalNameMutator_0,17827004,7058,0,0,0,0,0,28,466
org.mudebug.prapr.mutators.LocalNameMutator_0,17827034,6652,0,0,1,1,1,4827,400
org.pitest.mutationtest.engine.gregor.mutators.RemoveConditionalMutator_EQUAL_ELSE,17831863,7790,0,0,0,1,1,2652,315
org.mudebug.prapr.mutators.VoidMethodCallGuardMutator,17834517,7059,0,0,0,0,0,0,551
org.pitest.mutationtest.engine.gregor.mutators.ReturnValsMutator,17834519,6975,0,0,1,1,1,5538,81
org.mudebug.prapr.mutators.NonVoidMethodCallGuardMutator_0,17840059,362,0,0,0,0,0,0,707
org.mudebug.prapr.mutators.LocalNameMutator_1,17840061,4410,0,0,0,0,0,3475,457
org.pitest.mutationtest.engine.gregor.mutators.RemoveConditionalMutator_EQUAL_ELSE,17843538,6706,0,0,0,0,0,2,933
org.mudebug.prapr.mutators.DereferenceGuardMutator_4,17843542,1101,0,0,0,0,0,0,1020
org.mudebug.prapr.mutators.LocalToFieldAccessMutator_0,17843544,6706,0,0,1,1,1,45,959
org.mudebug.prapr.mutators.MethodNameMutator_7,17843591,1245,0,0,1,1,1,20,718
org.mudebug.prapr.mutators.LocalToFieldAccessMutator_0,17843613,6743,0,0,0,0,0,1090,1869
org.mudebug.prapr.mutators.LocalToFieldAccessMutator_0,17844705,6684,0,0,1,1,1,761,705
org.pitest.mutationtest.engine.gregor.mutators.NegateConditionalsMutator,17845468,1245,0,0,0,1,1,71,801
org.mudebug.prapr.mutators.RelationalOperatorReplacement_0,17845541,7064,0,0,0,0,0,758,623
org.pitest.mutationtest.engine.gregor.mutators.RemoveConditionalMutator_EQUAL_IF,17846301,7265,0,0,1,1,1,5538,867
org.mudebug.prapr.mutators.MethCallResultGuard_0,17851841,495,0,0,0,0,0,0,237
org.mudebug.prapr.mutators.MethCallResultGuard_0,17851843,7059,0,0,0,0,0,0,557
org.mudebug.prapr.mutators.MethCallResultGuard_1,17851845,3249,0,0,0,0,0,0,103
org.mudebug.prapr.mutators.MethodNameMutator_0,17851847,2306,0,0,0,0,0,2,41
org.mudebug.prapr.mutators.FieldNameMutator_2,17851851,1777,0,0,0,0,0,0,754
org.mudebug.prapr.mutators.FieldAccessToMethodCallMutator_4,17851853,1777,0,0,0,0,0,0,675
org.mudebug.prapr.mutators.ArgumentListMutator_4,17851855,1040,0,0,0,0,0,0,209
org.mudebug.prapr.mutators.FieldNameMutator_0,17851857,7613,0,0,0,0,0,0,61
org.mudebug.prapr.mutators.DereferenceGuardMutator_3,17851859,6689,0,0,0,0,0,0,781
org.pitest.mutationtest.engine.gregor.mutators.VoidMethodCallMutator,17851861,7058,0,0,1,1,1,5538,327
org.mudebug.prapr.mutators.RelationalOperatorReplacement_2,17857401,6977,0,0,0,0,0,1,96
org.mudebug.prapr.mutators.NonVoidMethodCallGuardMutator_0,17857404,6867,0,0,0,0,0,0,159
org.pitest.mutationtest.engine.gregor.mutators.InlineConstantMutator,17857406,7058,0,0,0,0,0,19,494
org.mudebug.prapr.mutators.DereferenceGuardMutator_4,17857427,1133,0,0,0,0,0,0,1633
org.mudebug.prapr.mutators.FieldAccessToMethodCallMutator_0,17857429,4411,0,0,1,1,1,4269,484
org.pitest.mutationtest.engine.gregor.mutators.experimental.RemoveSwitchMutator_41,17861700,6649,0,0,0,0,0,0,175
org.pitest.mutationtest.engine.gregor.mutators.VoidMethodCallMutator,17861702,1046,0,0,0,0,0,2,307
org.mudebug.prapr.mutators.FieldNameMutator_3,17861706,7058,0,0,1,1,1,5226,433
org.mudebug.prapr.mutators.MethCallResultGuard_0,17866934,7058,0,0,0,0,0,0,458
org.mudebug.prapr.mutators.MethCallResultGuard_0,17866936,7112,0,0,0,0,0,0,1216
org.mudebug.prapr.mutators.LocalNameMutator_1,17866938,6743,0,0,1,1,1,2798,1876
org.pitest.mutationtest.engine.gregor.mutators.InlineConstantMutator,17869738,1271,0,0,0,0,0,91,35
org.pitest.mutationtest.engine.gregor.mutators.NegateConditionalsMutator,17869831,1106,0,0,0,1,1,0,1185
org.mudebug.prapr.mutators.MethCallResultGuard_0,17869833,7059,0,0,0,0,0,5,560
org.mudebug.prapr.mutators.NonVoidMethodCallGuardMutator_0,17869840,6743,0,0,0,0,0,5,1867
org.mudebug.prapr.mutators.MethCallResultGuard_0,17869847,7058,0,0,0,0,0,0,532
org.mudebug.prapr.mutators.LocalNameMutator_0,17869849,1043,0,0,0,1,1,2879,270
org.mudebug.prapr.mutators.LocalToFieldAccessMutator_2,17872730,6706,0,0,0,0,0,30,933
org.mudebug.prapr.mutators.FieldNameMutator_0,17872762,1777,0,0,0,0,0,0,648
org.mudebug.prapr.mutators.MethodNameMutator_9,17872764,6867,0,0,1,1,1,5538,159
org.mudebug.prapr.mutators.LocalToFieldAccessMutator_3,17878304,6743,0,0,0,0,0,2081,1874
org.pitest.mutationtest.engine.gregor.mutators.InlineConstantMutator,17880387,6652,0,0,0,0,0,0,395
org.mudebug.prapr.mutators.LocalToFieldAccessMutator_3,17880389,6728,0,0,1,1,1,2658,1419
org.pitest.mutationtest.engine.gregor.mutators.NonVoidMethodCallMutator,17883049,1049,0,0,0,0,0,0,368
org.mudebug.prapr.mutators.LocalToFieldAccessMutator_0,17883051,6899,0,0,0,0,0,5,324
org.mudebug.prapr.mutators.FieldToLocalAccessMutator_1,17883058,6652,0,0,0,0,0,5,403
org.mudebug.prapr.mutators.ReturningDereferenceGuardMutator_0,17883065,1106,0,0,0,0,0,0,1083
org.mudebug.prapr.mutators.MethCallResultGuard_0,17883067,1052,0,0,0,0,0,5,403
org.mudebug.prapr.mutators.LocalNameMutator_1,17883074,6684,0,0,0,0,0,112,711
org.mudebug.prapr.mutators.ArgumentListMutator_3,17883188,7052,0,0,0,0,0,5,136
org.pitest.mutationtest.engine.gregor.mutators.experimental.RemoveSwitchMutator_4,17883195,1231,0,0,0,0,0,1,59
org.mudebug.prapr.mutators.LocalToFieldAccessMutator_0,17883198,4410,0,0,0,0,0,1547,457
org.pitest.mutationtest.engine.gregor.mutators.EmptyObjectReturnValsMutator,17884747,3636,0,0,1,1,1,90,1653
org.pitest.mutationtest.engine.gregor.mutators.NullReturnValsMutator,17884839,557,0,0,1,1,1,3433,1190
org.pitest.mutationtest.engine.gregor.mutators.InlineConstantMutator,17888274,1038,0,0,0,0,0,34,122
org.pitest.mutationtest.engine.gregor.mutators.RemoveConditionalMutator_EQUAL_ELSE,17888310,7304,0,0,0,0,0,2160,188
org.mudebug.prapr.mutators.DereferenceGuardMutator_2,17890472,6651,0,0,0,0,0,23,377
org.mudebug.prapr.mutators.FieldNameMutator_4,17890500,1777,0,0,0,0,0,0,687
org.pitest.mutationtest.engine.gregor.mutators.experimental.RemoveSwitchMutator_4,17890502,6415,0,0,0,0,0,0,273
org.pitest.mutationtest.engine.gregor.mutators.VoidMethodCallMutator,17890504,4395,0,0,1,1,1,5220,248
org.pitest.mutationtest.engine.gregor.mutators.NonVoidMethodCallMutator,17895726,6972,0,0,1,1,1,5538,66
org.mudebug.prapr.mutators.ArgumentListMutator_0,17901266,6706,0,0,0,1,1,9,931
org.pitest.mutationtest.engine.gregor.mutators.RemoveConditionalMutator_EQUAL_IF,17901277,1106,0,0,0,0,0,0,1166
org.mudebug.prapr.mutators.ReturningDereferenceGuardMutator_3,17901279,1042,0,0,0,0,0,0,230
org.mudebug.prapr.mutators.LocalToFieldAccessMutator_1,17901281,547,0,0,0,0,0,0,167
org.pitest.mutationtest.engine.gregor.mutators.NonVoidMethodCallMutator,17901283,3489,0,0,1,1,1,5204,265
org.mudebug.prapr.mutators.NonVoidMethodCallGuardMutator_0,17906491,7302,0,0,0,0,0,0,137
org.mudebug.prapr.mutators.FieldAccessToMethodCallMutator_0,17906493,6650,0,0,1,1,1,6028,370
org.mudebug.prapr.mutators.LocalToFieldAccessMutator_0,17912523,6694,0,0,1,1,1,5296,826
org.pitest.mutationtest.engine.gregor.mutators.EmptyObjectReturnValsMutator,17917821,7764,0,0,1,1,1,5419,482
org.mudebug.prapr.mutators.ReturningDereferenceGuardMutator_4,17923242,1106,0,0,0,0,0,0,1085
org.pitest.mutationtest.engine.gregor.mutators.NonVoidMethodCallMutator,17923244,244,0,0,0,0,0,3,187
org.mudebug.prapr.mutators.MethodNameMutator_5,17923249,1562,0,0,0,0,0,3,229
org.pitest.mutationtest.engine.gregor.mutators.NullReturnValsMutator,17923254,6974,0,0,0,0,0,511,76
org.mudebug.prapr.mutators.RelationalOperatorReplacement_1,17923767,1234,0,0,0,1,1,4,302
org.mudebug.prapr.mutators.ArgumentListMutator_3,17923773,7061,0,0,0,0,0,2,576
org.mudebug.prapr.mutators.MethodNameMutator_1,17923777,7086,0,0,0,0,0,0,892
org.pitest.mutationtest.engine.gregor.mutators.NonVoidMethodCallMutator,17923779,7497,0,0,0,0,0,1,377
org.pitest.mutationtest.engine.gregor.mutators.NegateConditionalsMutator,17923782,6388,0,0,1,1,1,1317,265
org.mudebug.prapr.mutators.FieldAccessToMethodCallMutator_1,17925101,1777,0,0,0,0,0,0,727
org.mudebug.prapr.mutators.FieldNameMutator_1,17925103,1555,0,0,0,0,0,101,154
org.pitest.mutationtest.engine.gregor.mutators.NegateConditionalsMutator,17925206,5356,0,0,0,1,1,39,526
org.mudebug.prapr.mutators.FieldNameMutator_2,17925247,1777,0,0,0,0,0,76,655
org.mudebug.prapr.mutators.MethodNameMutator_7,17925325,7250,0,0,0,0,0,31,659
org.mudebug.prapr.mutators.ArgumentListMutator_1,17925358,7098,0,0,1,1,1,5538,1022
org.pitest.mutationtest.engine.gregor.mutators.NonVoidMethodCallMutator,17930898,5356,0,0,0,0,0,10,92
org.mudebug.prapr.mutators.RelationalOperatorReplacement_1,17930910,7497,0,0,0,0,0,0,377
org.pitest.mutationtest.engine.gregor.mutators.RemoveConditionalMutator_EQUAL_IF,17930912,244,0,0,0,1,1,54,181
org.mudebug.prapr.mutators.DereferenceGuardMutator_0,17930968,5358,0,0,0,0,0,0,741
org.mudebug.prapr.mutators.LocalToFieldAccessMutator_0,17930973,1049,0,0,0,0,0,23,368
org.mudebug.prapr.mutators.ReturningDereferenceGuardMutator_3,17930998,6723,0,0,0,0,0,0,1346
org.mudebug.prapr.mutators.ArgumentListMutator_5,17931000,6725,0,0,0,1,1,0,1369
org.mudebug.prapr.mutators.RelationalOperatorReplacement_1,17931002,329,0,0,1,1,1,1400,298
org.mudebug.prapr.mutators.RelationalOperatorReplacement_3,17932404,244,0,0,0,0,0,24,181
org.mudebug.prapr.mutators.FieldToLocalAccessMutator_0,17932430,6678,0,0,1,1,1,5985,605
org.mudebug.prapr.mutators.ReturningDereferenceGuardMutator_0,17938420,6706,0,0,0,0,0,0,1016
org.mudebug.prapr.mutators.MethodNameMutator_6,17938422,7302,0,0,0,0,0,21,127
org.mudebug.prapr.mutators.DereferenceGuardMutator_2,17938445,6684,0,0,0,0,0,4,703
org.mudebug.prapr.mutators.ReturningDereferenceGuardMutator_0,17938451,7304,0,0,0,0,0,0,192
org.mudebug.prapr.mutators.FieldToLocalAccessMutator_0,17938453,6859,0,0,1,1,1,5538,103
org.mudebug.prapr.mutators.LocalNameMutator_1,17943993,3388,0,0,1,1,1,213,71
org.mudebug.prapr.mutators.ReturningDereferenceGuardMutator_0,17944208,1106,0,0,0,0,0,5,1085
org.mudebug.prapr.mutators.MethodNameMutator_0,17944215,4408,0,0,1,1,1,5220,422
org.mudebug.prapr.mutators.FieldNameMutator_1,17949437,7613,0,0,0,0,0,0,62
org.mudebug.prapr.mutators.DereferenceGuardMutator_3,17949439,3417,0,0,0,0,0,0,96
org.mudebug.prapr.mutators.MethodNameMutator_2,17949441,4411,0,0,1,1,1,4269,500
org.mudebug.prapr.mutators.LocalToFieldAccessMutator_0,17953712,1562,0,0,0,0,0,3,228
org.pitest.mutationtest.engine.gregor.mutators.experimental.RemoveSwitchMutator_4,17953717,3587,0,0,0,0,0,0,1015
org.mudebug.prapr.mutators.MethodNameMutator_1,17953719,1143,0,0,0,0,0,0,1727
org.mudebug.prapr.mutators.NonVoidMethodCallGuardMutator_0,17953721,7302,0,0,0,0,0,5,127
org.mudebug.prapr.mutators.FieldAccessToMethodCallMutator_0,17953728,5192,0,0,0,0,0,0,54
org.mudebug.prapr.mutators.DereferenceGuardMutator_0,17953730,6668,0,0,0,0,0,0,536
org.pitest.mutationtest.engine.gregor.mutators.ConstructorCallMutator,17953732,7307,0,0,0,0,0,20,70
org.mudebug.prapr.mutators.FieldNameMutator_0,17953754,7613,0,0,0,0,0,0,60
org.mudebug.prapr.mutators.FieldAccessToMethodCallMutator_0,17953756,6652,0,0,1,1,1,4795,400
org.mudebug.prapr.mutators.NonVoidMethodCallGuardMutator_0,17958553,1082,0,0,0,0,0,0,834
org.mudebug.prapr.mutators.MethodNameMutator_6,17958555,1236,1,0,1,1,1,29,522
org.mudebug.prapr.mutators.LocalNameMutator_0,17958586,4410,0,0,1,1,1,5216,458
org.mudebug.prapr.mutators.DereferenceGuardMutator_3,17963804,6975,0,0,0,0,0,0,81
org.mudebug.prapr.mutators.MethodNameMutator_1,17963808,348,0,0,1,1,1,440,557
org.mudebug.prapr.mutators.LocalToFieldAccessMutator_2,17964250,6728,0,0,0,1,1,2550,1421
org.mudebug.prapr.mutators.ArgumentListMutator_3,17966802,4392,0,0,1,1,1,5221,59
org.mudebug.prapr.mutators.FieldAccessToMethodCallMutator_0,17972025,6711,0,0,1,1,1,5280,1133
org.mudebug.prapr.mutators.DereferenceGuardMutator_3,17977307,4413,0,0,0,0,0,0,523
org.pitest.mutationtest.engine.gregor.mutators.RemoveConditionalMutator_EQUAL_IF,17977309,6931,0,0,0,0,0,780,852
org.pitest.mutationtest.engine.gregor.mutators.RemoveConditionalMutator_EQUAL_IF,17978100,1143,0,0,0,0,0,0,1727
org.mudebug.prapr.mutators.ArithmeticOperatorReplacement_1,17978102,7207,0,0,0,0,0,0,198
org.mudebug.prapr.mutators.NonVoidMethodCallGuardMutator_0,17978104,7058,0,0,0,0,0,0,429
org.mudebug.prapr.mutators.MethodNameMutator_1,17978106,347,0,0,0,0,0,11,539
org.pitest.mutationtest.engine.gregor.mutators.ConditionalsBoundaryMutator,17978119,6706,0,0,1,1,1,49,973
org.mudebug.prapr.mutators.MethCallResultGuard_1,17978170,1082,0,0,0,0,0,0,834
org.pitest.mutationtest.engine.gregor.mutators.experimental.RemoveSwitchMutator_17,17978172,6649,0,0,0,0,0,0,175
org.mudebug.prapr.mutators.DereferenceGuardMutator_0,17978174,6176,0,0,0,0,0,0,571
org.mudebug.prapr.mutators.ReturningDereferenceGuardMutator_4,17978176,1047,0,0,0,0,0,0,339
org.mudebug.prapr.mutators.MethodNameMutator_1,17978178,7064,0,0,0,0,0,0,614
org.mudebug.prapr.mutators.FieldToLocalAccessMutator_1,17978180,6652,0,0,1,1,1,5084,398
org.mudebug.prapr.mutators.ReturningDereferenceGuardMutator_3,17983266,1101,0,0,0,0,0,0,1020
org.pitest.mutationtest.engine.gregor.mutators.InlineConstantMutator,17983268,6987,0,0,0,0,0,577,158
org.mudebug.prapr.mutators.ReturningDereferenceGuardMutator_1,17983847,7232,0,0,0,0,0,5,273
org.mudebug.prapr.mutators.MethCallResultGuard_2,17983854,348,0,0,0,0,0,0,556
org.mudebug.prapr.mutators.FieldAccessToMethodCallMutator_2,17983856,6652,0,0,0,0,0,5,393
org.mudebug.prapr.mutators.FieldAccessToMethodCallMutator_2,17983863,6744,0,0,0,1,1,4,1894
org.mudebug.prapr.mutators.FieldAccessToMethodCallMutator_1,17983869,6683,0,0,1,1,1,2718,688
org.pitest.mutationtest.engine.gregor.mutators.NegateConditionalsMutator,17986589,7505,0,0,1,1,1,5538,467
org.mudebug.prapr.mutators.LocalNameMutator_0,17992129,6899,0,0,0,0,0,0,324
org.mudebug.prapr.mutators.MethodNameMutator_1,17992131,3626,0,0,0,0,0,499,1516
org.mudebug.prapr.mutators.MethodNameMutator_6,17992632,7382,0,0,0,0,0,0,442
org.mudebug.prapr.mutators.FieldNameMutator_1,17992634,6737,0,0,0,0,0,162,1782
org.mudebug.prapr.mutators.ReturningDereferenceGuardMutator_1,17992798,5354,0,0,0,0,0,0,68
org.mudebug.prapr.mutators.ArithmeticOperatorDeletion_0,17992800,346,0,0,0,0,0,3,496
org.mudebug.prapr.mutators.LocalToFieldAccessMutator_2,17992805,6713,0,0,0,1,1,112,1152
org.mudebug.prapr.mutators.MethodNameMutator_3,17992919,347,0,0,1,1,1,2880,544
org.pitest.mutationtest.engine.gregor.mutators.ReturnValsMutator,17995801,1246,0,0,0,0,0,3,826
org.mudebug.prapr.mutators.ArgumentListMutator_1,17995806,6708,0,0,1,1,1,44,1048
org.mudebug.prapr.mutators.MethodNameMutator_4,17995852,4410,0,0,1,1,1,5218,453
org.mudebug.prapr.mutators.FieldAccessToMethodCallMutator_1,18001072,1777,0,0,0,0,0,0,721
org.mudebug.prapr.mutators.MethCallResultGuard_1,18001074,7059,0,0,0,0,0,0,548
org.mudebug.prapr.mutators.LocalToFieldAccessMutator_1,18001076,551,0,0,0,1,1,2674,222
org.pitest.mutationtest.engine.gregor.mutators.RemoveConditionalMutator_EQUAL_ELSE,18003752,7505,0,0,0,0,0,1,467
org.mudebug.prapr.mutators.DereferenceGuardMutator_0,18003755,7378,0,0,0,0,0,0,380
org.mudebug.prapr.mutators.MethodNameMutator_4,18003757,7204,0,0,1,1,1,5538,134
org.mudebug.prapr.mutators.VoidMethodCallGuardMutator,18009297,7059,0,0,0,0,0,0,549
org.mudebug.prapr.mutators.MethodNameMutator_6,18009299,1231,0,0,1,1,1,68,72
org.mudebug.prapr.mutators.DereferenceGuardMutator_0,18009369,1787,0,0,0,0,0,0,849
org.mudebug.prapr.mutators.DereferenceGuardMutator_3,18009371,7057,0,0,0,0,0,5,227
org.mudebug.prapr.mutators.RelationalOperatorReplacement_2,18009378,5362,0,0,0,1,1,175,816
org.mudebug.prapr.mutators.MethodNameMutator_1,18009555,551,0,0,0,0,0,18,214
org.mudebug.prapr.mutators.MethCallResultGuard_0,18009575,7058,0,0,0,0,0,0,470
org.mudebug.prapr.mutators.LocalToFieldAccessMutator_3,18009577,6738,0,0,1,1,1,253,1794
org.mudebug.prapr.mutators.ArgumentListMutator_3,18009832,517,0,0,0,0,0,1441,103
org.mudebug.prapr.mutators.ReturningDereferenceGuardMutator_2,18011275,6652,0,0,0,0,0,0,395
org.pitest.mutationtest.engine.gregor.mutators.InlineConstantMutator,18011277,6715,0,0,0,0,0,81,1176
org.mudebug.prapr.mutators.MethCallResultGuard_0,18011360,4411,0,0,0,0,0,0,493
org.mudebug.prapr.mutators.ReturningDereferenceGuardMutator_4,18011362,1106,0,0,0,0,0,5,1070
org.pitest.mutationtest.engine.gregor.mutators.experimental.RemoveSwitchMutator_54,18011369,6415,0,0,0,0,0,0,273
org.pitest.mutationtest.engine.gregor.mutators.RemoveConditionalMutator_EQUAL_IF,18011371,551,0,0,0,0,0,28,217
org.pitest.mutationtest.engine.gregor.mutators.ConstructorCallMutator,18011401,2911,0,0,0,0,0,37,57
org.mudebug.prapr.mutators.LocalToFieldAccessMutator_2,18011440,6683,0,0,1,1,1,1083,688
org.mudebug.prapr.mutators.VoidMethodCallGuardMutator,18012525,3387,0,0,0,0,0,0,58
org.mudebug.prapr.mutators.RelationalOperatorReplacement_2,18012527,551,0,0,0,0,0,12,212
org.mudebug.prapr.mutators.FieldToLocalAccessMutator_0,18012541,6407,0,0,1,1,1,4,2236
org.mudebug.prapr.mutators.MethodNameMutator_1,18012547,517,0,0,1,1,1,5288,92
org.mudebug.prapr.mutators.RelationalOperatorReplacement_2,18017837,5357,0,0,0,0,0,70,703
org.pitest.mutationtest.engine.gregor.mutators.NegateConditionalsMutator,18017909,6706,0,0,1,1,1,49,1030
org.mudebug.prapr.mutators.FieldAccessToMethodCallMutator_4,18017960,6652,0,0,0,0,0,5,393
org.mudebug.prapr.mutators.MethCallResultGuard_1,18017967,7556,0,0,0,0,0,0,70
org.mudebug.prapr.mutators.LocalNameMutator_1,18017969,7058,0,0,0,0,0,17,399
org.mudebug.prapr.mutators.ArgumentListMutator_3,18017988,6725,0,0,0,1,1,0,1369
org.pitest.mutationtest.engine.gregor.mutators.InlineConstantMutator,18017990,7302,0,0,0,0,0,11,105
org.mudebug.prapr.mutators.LocalNameMutator_0,18018003,7090,0,0,0,0,0,1992,931
org.mudebug.prapr.mutators.MethCallResultGuard_1,18019997,7058,0,0,0,0,0,0,277
org.mudebug.prapr.mutators.DereferenceGuardMutator_3,18019999,6697,0,0,0,0,0,0,844
org.pitest.mutationtest.engine.gregor.mutators.RemoveConditionalMutator_EQUAL_IF,18020001,6674,0,0,1,1,1,2709,564
org.pitest.mutationtest.engine.gregor.mutators.NonVoidMethodCallMutator,18022712,7355,0,0,1,1,1,5232,110
org.mudebug.prapr.mutators.DereferenceGuardMutator_3,18027946,5209,0,0,0,0,0,5,288
org.mudebug.prapr.mutators.MethCallResultGuard_0,18027953,6707,0,0,0,0,0,0,1043
org.mudebug.prapr.mutators.MethodNameMutator_4,18027955,7232,0,0,0,0,0,8,273
org.pitest.mutationtest.engine.gregor.mutators.RemoveConditionalMutator_EQUAL_IF,18027965,6721,0,0,0,0,0,18,1331
org.mudebug.prapr.mutators.RelationalOperatorReplacement_0,18027985,6696,0,0,0,0,0,1,836
org.mudebug.prapr.mutators.ArgumentListMutator_3,18027988,1234,0,0,1,1,1,3,310
org.mudebug.prapr.mutators.FieldAccessToMethodCallMutator_0,18027993,6652,0,0,1,1,1,5082,404
org.mudebug.prapr.mutators.DereferenceGuardMutator_3,18033077,4410,0,0,0,0,0,5,445
org.mudebug.prapr.mutators.MethodNameMutator_5,18033084,333,0,1,1,1,1,3197,364
org.mudebug.prapr.mutators.LocalToFieldAccessMutator_1,18036282,6723,0,0,1,1,1,5148,1346
org.mudebug.prapr.mutators.LocalNameMutator_0,18041432,247,0,0,1,1,1,2849,247
org.mudebug.prapr.mutators.LocalToFieldAccessMutator_1,18044283,6732,0,0,0,0,0,1980,1618
org.mudebug.prapr.mutators.FieldNameMutator_4,18046265,1777,0,0,0,0,0,0,703
org.pitest.mutationtest.engine.gregor.mutators.experimental.MemberVariableMutator,18046267,838,0,0,0,0,0,0,746
org.mudebug.prapr.mutators.LocalToFieldAccessMutator_2,18046269,6697,0,0,1,1,1,49,849
org.pitest.mutationtest.engine.gregor.mutators.NegateConditionalsMutator,18046320,5356,0,0,0,0,0,0,344
org.pitest.mutationtest.engine.gregor.mutators.InlineConstantMutator,18046322,5358,0,0,0,0,0,0,725
org.mudebug.prapr.mutators.RelationalOperatorReplacement_1,18046324,5356,0,0,0,1,1,123,490
org.mudebug.prapr.mutators.DereferenceGuardMutator_4,18046449,7627,0,0,0,0,0,0,159
org.pitest.mutationtest.engine.gregor.mutators.experimental.MemberVariableMutator,18046451,1271,0,0,0,0,0,97,43
org.mudebug.prapr.mutators.LocalToFieldAccessMutator_2,18046550,1049,0,0,1,1,1,4574,368
org.pitest.mutationtest.engine.gregor.mutators.ArgumentPropagationMutator,18051126,1231,0,0,0,0,0,4,72
org.mudebug.prapr.mutators.ArgumentListMutator_4,18051132,5356,0,0,0,0,0,0,499
org.pitest.mutationtest.engine.gregor.mutators.NonVoidMethodCallMutator,18051134,5358,0,0,0,0,0,3,741
org.pitest.mutationtest.engine.gregor.mutators.ReturnValsMutator,18051139,1243,0,0,0,1,1,10,637
org.pitest.mutationtest.engine.gregor.mutators.RemoveConditionalMutator_EQUAL_ELSE,18051151,7302,0,0,0,0,0,21,111
org.pitest.mutationtest.engine.gregor.mutators.ReturnValsMutator,18051174,7497,0,0,0,0,0,540,377
org.mudebug.prapr.mutators.DereferenceGuardMutator_0,18051716,7503,0,0,0,0,0,5,453
org.pitest.mutationtest.engine.gregor.mutators.EmptyObjectReturnValsMutator,18051723,6415,0,0,0,1,1,21,407
org.mudebug.prapr.mutators.ArgumentListMutator_0,18051746,7058,0,0,1,1,1,5538,458
org.pitest.mutationtest.engine.gregor.mutators.NegateConditionalsMutator,18057286,7303,0,0,0,0,0,1988,170
org.mudebug.prapr.mutators.MethodNameMutator_1,18059276,7058,0,0,1,1,1,5538,340
org.mudebug.prapr.mutators.MethodNameMutator_2,18064816,551,0,0,0,0,0,12,212
org.mudebug.prapr.mutators.MethodNameMutator_2,18064830,7302,0,0,0,0,0,4,102
org.mudebug.prapr.mutators.FieldNameMutator_2,18064836,7058,0,0,1,1,1,5538,379
org.mudebug.prapr.mutators.MethodNameMutator_3,18070376,1143,0,0,0,0,0,1,1727
org.mudebug.prapr.mutators.MethCallResultGuard_1,18070379,1563,0,0,0,0,0,0,254
org.mudebug.prapr.mutators.FieldToLocalAccessMutator_0,18070381,6684,0,0,1,1,1,761,705
org.mudebug.prapr.mutators.MethodNameMutator_7,18071144,1563,0,0,0,0,0,1,245
org.mudebug.prapr.mutators.FieldNameMutator_0,18071147,7263,0,0,1,1,1,5538,851
org.pitest.mutationtest.engine.gregor.mutators.experimental.RemoveSwitchMutator_41,18076687,3584,0,0,0,0,0,28,901
org.mudebug.prapr.mutators.MethCallResultGuard_2,18076717,7059,0,0,0,0,0,0,558
org.mudebug.prapr.mutators.FieldAccessToMethodCallMutator_3,18076719,6678,0,0,1,1,1,5985,604
org.pitest.mutationtest.engine.gregor.mutators.experimental.MemberVariableMutator,18082720,6170,0,0,0,0,0,1,509
org.mudebug.prapr.mutators.ArgumentListMutator_0,18082723,7202,0,0,0,0,0,0,123
org.pitest.mutationtest.engine.gregor.mutators.NonVoidMethodCallMutator,18082725,6706,0,0,0,1,1,9,932
org.mudebug.prapr.mutators.FieldNameMutator_3,18082736,7058,0,0,0,0,0,2257,385
org.mudebug.prapr.mutators.FieldAccessToMethodCallMutator_2,18084995,1777,0,0,0,0,0,0,739
org.mudebug.prapr.mutators.MethodNameMutator_0,18084997,5356,0,0,0,0,0,64,354
org.mudebug.prapr.mutators.ReturningDereferenceGuardMutator_0,18085063,6728,0,0,0,0,0,0,1418
org.mudebug.prapr.mutators.FieldNameMutator_0,18085065,6674,0,0,1,1,1,2709,564
org.mudebug.prapr.mutators.LocalNameMutator_2,18087776,1234,0,0,1,1,1,12,276
org.mudebug.prapr.mutators.MethCallResultGuard_2,18087790,4411,0,0,0,0,0,2102,500
org.mudebug.prapr.mutators.RelationalOperatorReplacement_1,18089894,5213,0,0,0,0,0,0,91
org.pitest.mutationtest.engine.gregor.mutators.ReturnValsMutator,18089896,7289,0,0,0,0,0,106,75
org.pitest.mutationtest.engine.gregor.mutators.InlineConstantMutator,18090004,4665,0,0,0,0,0,5,52
org.pitest.mutationtest.engine.gregor.mutators.NonVoidMethodCallMutator,18090011,1234,0,0,0,1,1,0,267
org.mudebug.prapr.mutators.MethCallResultGuard_0,18090013,1135,0,0,0,0,0,0,1644
org.pitest.mutationtest.engine.gregor.mutators.ReturnValsMutator,18090015,1234,0,0,0,0,0,0,316
org.pitest.mutationtest.engine.gregor.mutators.IncrementsMutator,18090017,3651,0,0,1,1,1,2719,1953
org.pitest.mutationtest.engine.gregor.mutators.ConditionalsBoundaryMutator,18092738,7302,0,0,0,0,0,0,117
org.mudebug.prapr.mutators.MethodNameMutator_3,18092740,1237,0,0,1,1,1,17,544
org.pitest.mutationtest.engine.gregor.mutators.InlineConstantMutator,18092759,6732,0,0,0,0,0,0,1624
org.pitest.mutationtest.engine.gregor.mutators.RemoveConditionalMutator_EQUAL_ELSE,18092761,1560,0,0,0,0,0,90,189
org.mudebug.prapr.mutators.ReturningDereferenceGuardMutator_3,18092853,7503,0,0,0,0,0,0,453
org.mudebug.prapr.mutators.NonVoidMethodCallGuardMutator_0,18092855,245,0,0,0,0,0,0,197
org.mudebug.prapr.mutators.FieldAccessToMethodCallMutator_4,18092857,6684,0,0,1,1,1,1029,704
org.mudebug.prapr.mutators.LocalToFieldAccessMutator_2,18093888,6665,0,0,1,1,1,5134,524
org.mudebug.prapr.mutators.LocalNameMutator_0,18099024,6738,0,0,1,1,1,252,1796
org.mudebug.prapr.mutators.MethodNameMutator_8,18099278,245,0,0,0,0,0,2,198
org.mudebug.prapr.mutators.FieldAccessToMethodCallMutator_4,18099282,1777,0,0,0,0,0,0,648
org.mudebug.prapr.mutators.LocalNameMutator_2,18099284,7058,0,0,0,0,0,8,404
org.mudebug.prapr.mutators.MethodNameMutator_1,18099294,159,0,0,0,0,0,0,649
org.mudebug.prapr.mutators.MethCallResultGuard_0,18099296,7058,0,0,0,0,0,0,330
org.mudebug.prapr.mutators.FieldToLocalAccessMutator_0,18099298,5351,0,0,0,0,0,0,48
org.mudebug.prapr.mutators.ReturningDereferenceGuardMutator_1,18099300,6737,0,0,0,0,0,0,1783
org.mudebug.prapr.mutators.MethodNameMutator_4,18099302,7365,0,0,0,0,0,20,229
org.mudebug.prapr.mutators.NonVoidMethodCallGuardMutator_0,18099324,159,0,0,0,0,0,0,649
org.mudebug.prapr.mutators.RelationalOperatorReplacement_1,18099326,7503,0,0,0,0,0,0,446
org.pitest.mutationtest.engine.gregor.mutators.InlineConstantMutator,18099328,1248,0,0,1,1,1,59,867
org.mudebug.prapr.mutators.RelationalOperatorReplacement_1,18099389,1564,0,0,0,0,0,0,262
org.mudebug.prapr.mutators.MethodNameMutator_8,18099391,1118,0,0,0,0,0,8,1425
org.mudebug.prapr.mutators.FieldNameMutator_2,18099401,1133,0,0,0,0,0,5,1633
org.mudebug.prapr.mutators.RelationalOperatorReplacement_0,18099408,5359,0,0,0,0,0,0,777
org.mudebug.prapr.mutators.MethCallResultGuard_0,18099410,4411,0,0,0,0,0,0,474
org.mudebug.prapr.mutators.MethCallResultGuard_2,18099412,6706,0,0,0,0,0,0,929
org.mudebug.prapr.mutators.MethodNameMutator_3,18099414,1562,0,0,0,0,0,0,213
org.pitest.mutationtest.engine.gregor.mutators.NegateConditionalsMutator,18099416,7108,0,0,0,0,0,57,1155
org.mudebug.prapr.mutators.ReturningDereferenceGuardMutator_4,18099478,4410,0,0,0,0,0,0,445
org.mudebug.prapr.mutators.MethCallResultGuard_0,18099482,495,0,0,0,0,0,0,266
org.mudebug.prapr.mutators.ArgumentListMutator_1,18099484,1082,0,0,1,1,1,5191,834
org.pitest.mutationtest.engine.gregor.mutators.VoidMethodCallMutator,18104677,7059,0,0,0,0,0,2,558
org.pitest.mutationtest.engine.gregor.mutators.experimental.RemoveSwitchMutator_8,18104681,3636,0,0,0,0,0,3,1649
org.mudebug.prapr.mutators.MethodNameMutator_1,18104686,4413,0,0,0,0,0,12,525
org.pitest.mutationtest.engine.gregor.mutators.BooleanFalseReturnValsMutator,18104700,6899,0,0,0,0,0,2137,331
org.mudebug.prapr.mutators.ReturningDereferenceGuardMutator_3,18106839,6718,0,0,0,0,0,0,1267
org.mudebug.prapr.mutators.FieldAccessToMethodCallMutator_1,18106841,3243,0,0,0,0,0,385,73
org.mudebug.prapr.mutators.MethCallResultGuard_2,18107228,7764,0,0,0,0,0,0,462
org.pitest.mutationtest.engine.gregor.mutators.InlineConstantMutator,18107230,5359,0,0,0,1,1,9,794
org.mudebug.prapr.mutators.DereferenceGuardMutator_4,18107241,1106,0,0,0,0,0,5,1074
org.pitest.mutationtest.engine.gregor.mutators.NonVoidMethodCallMutator,18107248,350,0,0,1,1,1,957,584
org.mudebug.prapr.mutators.FieldAccessToMethodCallMutator_2,18108207,1777,0,0,0,0,0,0,750
org.mudebug.prapr.mutators.ReturningDereferenceGuardMutator_0,18108209,1119,0,0,0,0,0,0,1437
org.mudebug.prapr.mutators.MethodNameMutator_5,18108211,7302,0,0,0,0,0,184,102
org.mudebug.prapr.mutators.MethodNameMutator_1,18113463,1245,0,0,0,0,0,12,675
org.pitest.mutationtest.engine.gregor.mutators.NonVoidMethodCallMutator,18113477,6711,0,0,0,0,0,8,1129
org.mudebug.prapr.mutators.RelationalOperatorReplacement_3,18113487,7379,0,0,1,1,1,5538,390
org.mudebug.prapr.mutators.RelationalOperatorReplacement_1,18119027,4410,0,0,0,0,0,216,440
org.pitest.mutationtest.engine.gregor.mutators.experimental.RemoveSwitchMutator_98,18119245,555,0,0,0,0,0,56,872
org.mudebug.prapr.mutators.FieldAccessToMethodCallMutator_0,18119303,4626,0,0,0,1,1,4735,80
org.pitest.mutationtest.engine.gregor.mutators.ReturnValsMutator,18124040,517,0,1,1,1,1,2591,118
org.pitest.mutationtest.engine.gregor.mutators.NonVoidMethodCallMutator,18126632,5356,0,0,0,0,0,54,219
org.mudebug.prapr.mutators.RelationalOperatorReplacement_1,18126688,2967,0,0,0,0,0,0,614
org.mudebug.prapr.mutators.RelationalOperatorReplacement_3,18126690,7247,0,0,0,0,0,5,597
org.mudebug.prapr.mutators.MethCallResultGuard_2,18126697,7059,0,0,0,0,0,0,560
org.mudebug.prapr.mutators.FieldAccessToMethodCallMutator_3,18126699,1777,0,0,0,0,0,0,742
org.mudebug.prapr.mutators.FieldAccessToMethodCallMutator_1,18126701,6674,0,0,1,1,1,2709,563
org.mudebug.prapr.mutators.DereferenceGuardMutator_0,18129412,7063,0,0,0,0,0,0,602
org.mudebug.prapr.mutators.FieldNameMutator_5,18129414,1777,0,0,0,0,0,0,679
org.mudebug.prapr.mutators.FieldNameMutator_2,18129416,1777,0,0,0,0,0,0,725
org.pitest.mutationtest.engine.gregor.mutators.ReturnValsMutator,18129418,1799,0,0,0,0,0,0,931
org.mudebug.prapr.mutators.RelationalOperatorReplacement_1,18129420,5358,0,0,0,0,0,39,724
org.mudebug.prapr.mutators.MethCallResultGuard_2,18129461,7058,0,0,0,0,0,0,284
org.pitest.mutationtest.engine.gregor.mutators.VoidMethodCallMutator,18129463,514,0,0,0,0,0,0,52
org.pitest.mutationtest.engine.gregor.mutators.ReturnValsMutator,18129465,1086,0,0,1,1,1,4748,871
org.pitest.mutationtest.engine.gregor.mutators.experimental.RemoveSwitchMutator_39,18134215,5356,0,0,0,0,0,91,117
org.pitest.mutationtest.engine.gregor.mutators.InlineConstantMutator,18134308,159,0,0,0,0,0,0,649
org.pitest.mutationtest.engine.gregor.mutators.InlineConstantMutator,18134310,1038,0,0,0,0,0,0,125
org.mudebug.prapr.mutators.DereferenceGuardMutator_0,18134312,1788,0,0,0,0,0,0,856
org.mudebug.prapr.mutators.RelationalOperatorReplacement_2,18134314,7200,0,0,0,0,0,1664,95
org.pitest.mutationtest.engine.gregor.mutators.NonVoidMethodCallMutator,18135980,7107,0,0,0,0,0,32,1137
org.mudebug.prapr.mutators.LocalNameMutator_0,18136014,7058,0,0,0,0,0,23,484
org.mudebug.prapr.mutators.LocalNameMutator_2,18136039,3388,0,0,0,0,0,12,74
org.mudebug.prapr.mutators.ReturningDereferenceGuardMutator_2,18136053,4413,0,0,0,0,0,0,523
org.mudebug.prapr.mutators.RelationalOperatorReplacement_1,18136055,7303,0,0,0,0,0,0,158
org.mudebug.prapr.mutators.FieldNameMutator_0,18136057,5356,0,0,0,1,1,172,339
org.mudebug.prapr.mutators.LocalToFieldAccessMutator_0,18136231,3651,0,0,1,1,1,2717,1952
org.mudebug.prapr.mutators.MethCallResultGuard_1,18138950,1248,0,0,0,0,0,0,870
org.mudebug.prapr.mutators.RelationalOperatorReplacement_0,18138952,5356,0,0,0,1,1,39,526
org.mudebug.prapr.mutators.LocalToFieldAccessMutator_1,18138993,1042,0,0,1,1,1,5291,262
org.pitest.mutationtest.engine.gregor.mutators.RemoveConditionalMutator_ORDER_IF,18144286,3651,0,0,0,0,0,76,1955
org.mudebug.prapr.mutators.FieldNameMutator_2,18144364,6684,0,0,0,0,0,112,711
org.pitest.mutationtest.engine.gregor.mutators.NegateConditionalsMutator,18144478,5213,0,0,0,0,0,25,91
org.mudebug.prapr.mutators.FieldAccessToMethodCallMutator_4,18144505,1777,0,0,0,0,0,0,646
org.mudebug.prapr.mutators.RelationalOperatorReplacement_3,18144507,5357,0,0,0,0,0,2,703
org.pitest.mutationtest.engine.gregor.mutators.RemoveConditionalMutator_EQUAL_ELSE,18144511,7303,0,0,0,0,0,23,160
org.pitest.mutationtest.engine.gregor.mutators.experimental.RemoveSwitchMutator_76,18144536,555,0,0,0,0,0,0,872
org.mudebug.prapr.mutators.FieldNameMutator_0,18144538,1777,0,0,0,0,0,0,702
org.mudebug.prapr.mutators.ArgumentListMutator_0,18144540,7059,0,0,1,1,1,5538,543
org.pitest.mutationtest.engine.gregor.mutators.InlineConstantMutator,18150080,7058,0,0,0,0,0,1,488
org.mudebug.prapr.mutators.NonVoidMethodCallGuardMutator_0,18150083,6725,0,0,0,0,0,0,1369
org.mudebug.prapr.mutators.LocalToFieldAccessMutator_0,18150085,1053,0,0,0,0,0,2144,442
org.pitest.mutationtest.engine.gregor.mutators.VoidMethodCallMutator,18152231,7058,0,0,0,0,0,8,373
org.mudebug.prapr.mutators.FieldAccessToMethodCallMutator_4,18152241,1777,0,0,0,0,0,0,739
org.mudebug.prapr.mutators.LocalToFieldAccessMutator_3,18152243,6737,0,0,1,1,1,2668,1783
org.mudebug.prapr.mutators.LocalNameMutator_0,18154913,3664,0,0,0,0,0,66,2185
org.mudebug.prapr.mutators.LocalNameMutator_0,18154981,5356,0,0,1,1,1,2620,182
org.mudebug.prapr.mutators.ReturningDereferenceGuardMutator_0,18157603,6743,0,0,0,0,0,0,1873
org.pitest.mutationtest.engine.gregor.mutators.InlineConstantMutator,18157605,662,0,0,1,1,1,5252,284
org.mudebug.prapr.mutators.ArgumentListMutator_0,18162859,7355,0,0,1,1,1,5538,110
org.mudebug.prapr.mutators.LocalNameMutator_0,18168399,1562,0,0,0,0,0,0,209
org.mudebug.prapr.mutators.FieldNameMutator_4,18168401,1777,0,0,0,0,0,0,737
org.mudebug.prapr.mutators.MethCallResultGuard_0,18168403,6706,0,0,0,0,0,0,932
org.mudebug.prapr.mutators.FieldNameMutator_5,18168405,1777,0,0,0,0,0,84,654
org.pitest.mutationtest.engine.gregor.mutators.NegateConditionalsMutator,18168491,6174,0,0,1,1,1,2763,548
org.mudebug.prapr.mutators.LocalToFieldAccessMutator_0,18171256,4410,0,0,0,0,0,2665,456
org.mudebug.prapr.mutators.NonVoidMethodCallGuardMutator_0,18173923,1106,0,0,0,0,0,5,1137
org.mudebug.prapr.mutators.FieldNameMutator_3,18173930,1777,0,0,0,0,0,0,675
org.mudebug.prapr.mutators.FieldToLocalAccessMutator_0,18173932,5351,0,0,1,1,1,2868,47
org.pitest.mutationtest.engine.gregor.mutators.RemoveConditionalMutator_EQUAL_IF,18176802,6976,0,0,0,0,0,57,88
org.pitest.mutationtest.engine.gregor.mutators.ConstructorCallMutator,18176861,1038,0,0,1,1,1,5200,1597
org.mudebug.prapr.mutators.MethCallResultGuard_0,18182063,495,0,0,0,0,0,5,233
org.mudebug.prapr.mutators.FieldAccessToMethodCallMutator_1,18182070,6652,0,0,1,1,1,4808,393
org.mudebug.prapr.mutators.MethodNameMutator_8,18186880,3664,0,0,1,1,1,874,2189
org.mudebug.prapr.mutators.MethCallResultGuard_1,18187756,7556,0,0,0,0,0,0,70
org.mudebug.prapr.mutators.DereferenceGuardMutator_3,18187765,1106,0,0,0,0,0,0,1070
org.pitest.mutationtest.engine.gregor.mutators.InlineConstantMutator,18187767,1537,0,0,0,0,0,0,31
org.mudebug.prapr.mutators.FieldToLocalAccessMutator_0,18187769,1271,0,0,0,0,0,88,35
org.mudebug.prapr.mutators.DereferenceGuardMutator_4,18187859,6671,0,0,0,0,0,0,548
org.pitest.mutationtest.engine.gregor.mutators.VoidMethodCallMutator,18187863,7059,0,0,0,0,0,2,557
org.pitest.mutationtest.engine.gregor.mutators.NonVoidMethodCallMutator,18187867,347,0,0,1,1,1,4299,548
org.pitest.mutationtest.engine.gregor.mutators.RemoveConditionalMutator_EQUAL_IF,18192168,245,0,0,0,0,0,23,197
org.mudebug.prapr.mutators.DereferenceGuardMutator_3,18192193,1053,0,0,0,0,0,0,442
org.mudebug.prapr.mutators.FieldNameMutator_1,18192195,1777,0,0,0,0,0,0,645
org.pitest.mutationtest.engine.gregor.mutators.experimental.MemberVariableMutator,18192197,1777,0,0,0,0,0,0,632
org.mudebug.prapr.mutators.MethCallResultGuard_0,18192199,6728,0,0,0,0,0,599,1421
org.mudebug.prapr.mutators.LocalToFieldAccessMutator_4,18192800,6706,0,0,0,1,1,2,977
org.mudebug.prapr.mutators.MethodNameMutator_0,18192804,551,0,0,0,0,0,18,214
org.pitest.mutationtest.engine.gregor.mutators.NegateConditionalsMutator,18192826,6652,0,0,1,1,1,5084,391
org.pitest.mutationtest.engine.gregor.mutators.NonVoidMethodCallMutator,18197912,346,0,0,1,1,1,3106,492
org.mudebug.prapr.mutators.ReturningDereferenceGuardMutator_0,18201020,1106,0,0,0,0,0,0,1097
org.mudebug.prapr.mutators.ArgumentListMutator_2,18201022,7305,0,0,1,1,1,5538,206
org.mudebug.prapr.mutators.LocalToFieldAccessMutator_3,18206562,6728,0,0,1,1,1,2813,1421
org.mudebug.prapr.mutators.LocalNameMutator_0,18209377,5375,0,0,0,0,0,1,1036
org.pitest.mutationtest.engine.gregor.mutators.experimental.RemoveSwitchMutator_0,18209380,495,0,0,0,0,0,1294,119
org.mudebug.prapr.mutators.LocalToFieldAccessMutator_3,18210676,6683,0,0,0,0,0,38,686
org.mudebug.prapr.mutators.MethodNameMutator_0,18210716,7358,0,0,0,0,0,129,153
org.mudebug.prapr.mutators.MethCallResultGuard_2,18210847,1237,0,0,0,0,0,0,545
org.pitest.mutationtest.engine.gregor.mutators.NonVoidMethodCallMutator,18210849,4423,0,0,0,0,0,216,614
org.pitest.mutationtest.engine.gregor.mutators.NegateConditionalsMutator,18211067,7233,0,0,0,0,0,18,297
org.pitest.mutationtest.engine.gregor.mutators.experimental.MemberVariableMutator,18211087,1777,0,0,0,0,0,0,669
org.mudebug.prapr.mutators.MethodNameMutator_9,18211089,5214,0,0,0,0,0,33,112
org.mudebug.prapr.mutators.MethodNameMutator_1,18211124,6987,0,0,0,0,0,42,154
org.pitest.mutationtest.engine.gregor.mutators.VoidMethodCallMutator,18211168,1560,0,0,0,0,0,93,182
org.mudebug.prapr.mutators.RelationalOperatorReplacement_2,18211263,6706,0,0,1,1,1,48,941
org.mudebug.prapr.mutators.LocalNameMutator_0,18211313,503,0,0,0,0,0,15,66
org.mudebug.prapr.mutators.MethodNameMutator_3,18211330,242,0,0,0,0,0,6,150
org.mudebug.prapr.mutators.LocalToFieldAccessMutator_1,18211338,6690,0,0,1,1,1,5427,792
org.pitest.mutationtest.engine.gregor.mutators.NullReturnValsMutator,18216767,6173,0,0,0,0,0,45,541
org.mudebug.prapr.mutators.ArithmeticOperatorReplacement_1,18216814,4720,0,0,0,0,0,1,42
org.mudebug.prapr.mutators.MethodNameMutator_1,18216817,5375,0,0,0,1,1,51,1032
org.mudebug.prapr.mutators.ReturningDereferenceGuardMutator_4,18216870,5209,0,0,0,0,0,0,288
org.mudebug.prapr.mutators.FieldToLocalAccessMutator_0,18216888,1042,0,0,1,1,1,5290,228
org.pitest.mutationtest.engine.gregor.mutators.NonVoidMethodCallMutator,18222180,6867,0,0,0,0,0,13,159
org.mudebug.prapr.mutators.FieldNameMutator_2,18222195,6678,0,0,1,1,1,4775,605
org.mudebug.prapr.mutators.FieldNameMutator_1,18226974,6723,0,0,1,1,1,4868,1346
org.mudebug.prapr.mutators.ReturningDereferenceGuardMutator_0,18231844,7358,0,0,0,0,0,0,153
org.mudebug.prapr.mutators.LocalToFieldAccessMutator_1,18231846,558,0,0,1,1,1,4272,1194
org.mudebug.prapr.mutators.MethCallResultGuard_1,18236120,1231,0,0,0,0,0,0,68
org.mudebug.prapr.mutators.MethodNameMutator_0,18236122,6652,0,0,0,0,0,5,393
org.mudebug.prapr.mutators.ReturningDereferenceGuardMutator_3,18236129,6743,0,0,0,0,0,0,1871
org.mudebug.prapr.mutators.ArgumentListMutator_3,18236131,5356,0,0,1,1,1,1504,498
org.mudebug.prapr.mutators.ArgumentListMutator_4,18237637,7052,0,0,1,1,1,5538,136
org.mudebug.prapr.mutators.MethodNameMutator_4,18243177,1245,0,0,1,1,1,20,718
org.pitest.mutationtest.engine.gregor.mutators.NegateConditionalsMutator,18243199,7063,0,0,1,1,1,5538,600
org.mudebug.prapr.mutators.MethodNameMutator_2,18248739,1231,0,0,0,0,0,4,72
org.mudebug.prapr.mutators.FieldAccessToMethodCallMutator_3,18248745,6684,0,0,1,1,1,757,706
org.mudebug.prapr.mutators.DereferenceGuardMutator_4,18249504,7627,0,0,0,0,0,0,159
org.mudebug.prapr.mutators.LocalToFieldAccessMutator_3,18249506,6711,0,0,0,1,1,106,1133
org.mudebug.prapr.mutators.RelationalOperatorReplacement_2,18249614,1106,0,0,0,0,0,0,1085
org.mudebug.prapr.mutators.LocalNameMutator_0,18249616,3417,0,0,0,1,1,2218,88
org.pitest.mutationtest.engine.gregor.mutators.RemoveConditionalMutator_ORDER_IF,18251836,7198,0,0,1,1,1,5538,67
org.mudebug.prapr.mutators.MethodNameMutator_1,18257376,6710,0,0,0,1,1,8,1068
org.mudebug.prapr.mutators.LocalNameMutator_0,18257386,4410,0,0,1,1,1,5218,453
org.mudebug.prapr.mutators.LocalNameMutator_1,18262606,347,0,0,0,0,0,1,549
org.mudebug.prapr.mutators.LocalNameMutator_0,18262609,5356,0,0,1,1,1,2861,351
org.mudebug.prapr.mutators.FieldNameMutator_0,18265472,1777,0,0,0,0,0,0,668
org.mudebug.prapr.mutators.ArgumentListMutator_0,18265474,2458,0,0,1,1,1,4520,52
org.pitest.mutationtest.engine.gregor.mutators.RemoveConditionalMutator_EQUAL_IF,18269996,1106,0,0,0,0,0,0,1070
org.mudebug.prapr.mutators.ArgumentListMutator_2,18269998,6705,0,0,1,1,1,62,916
org.pitest.mutationtest.engine.gregor.mutators.experimental.RemoveSwitchMutator_81,18270062,3584,0,0,0,0,0,28,901
org.pitest.mutationtest.engine.gregor.mutators.RemoveConditionalMutator_EQUAL_ELSE,18270092,6988,0,0,0,0,0,3,167
org.mudebug.prapr.mutators.MethCallResultGuard_2,18270097,1245,0,0,0,0,0,0,800
org.mudebug.prapr.mutators.FieldNameMutator_2,18270099,1777,0,0,0,0,0,31,656
org.mudebug.prapr.mutators.LocalNameMutator_1,18270132,5356,0,0,0,0,0,4,181
org.mudebug.prapr.mutators.DereferenceGuardMutator_2,18270138,6684,0,0,0,0,0,0,705
org.mudebug.prapr.mutators.MethodNameMutator_1,18270140,1553,0,0,0,0,0,93,135
org.mudebug.prapr.mutators.ArgumentListMutator_4,18270235,5358,0,0,1,1,1,301,762
org.mudebug.prapr.mutators.ReturningDereferenceGuardMutator_0,18270538,3249,0,0,0,0,0,0,97
org.mudebug.prapr.mutators.LocalNameMutator_2,18270540,6743,0,0,1,1,1,2670,1876
org.mudebug.prapr.mutators.MethCallResultGuard_1,18273212,1245,0,0,0,0,0,0,800
org.mudebug.prapr.mutators.RelationalOperatorReplacement_1,18273214,5358,0,0,0,0,0,0,718
org.mudebug.prapr.mutators.NonVoidMethodCallGuardMutator_0,18273216,6707,0,0,0,0,0,0,1043
org.mudebug.prapr.mutators.FieldNameMutator_2,18273218,6723,0,0,1,1,1,5019,1346
org.mudebug.prapr.mutators.DereferenceGuardMutator_0,18278239,7220,0,0,0,0,0,0,177
org.mudebug.prapr.mutators.MethodNameMutator_0,18278241,3589,0,0,0,1,1,357,1062
org.mudebug.prapr.mutators.ReturningDereferenceGuardMutator_3,18278600,5356,0,0,0,0,0,5,365
org.mudebug.prapr.mutators.MethodNameMutator_2,18278607,558,0,0,0,0,0,0,1194
org.mudebug.prapr.mutators.MethCallResultGuard_1,18278609,1052,0,0,1,1,1,4574,413
org.mudebug.prapr.mutators.VoidMethodCallGuardMutator,18283185,7058,0,0,0,0,0,0,389
org.mudebug.prapr.mutators.RelationalOperatorReplacement_2,18283187,4415,0,0,1,1,1,5220,546
org.mudebug.prapr.mutators.MethCallResultGuard_2,18288409,6705,0,0,0,0,0,0,918
org.pitest.mutationtest.engine.gregor.mutators.InlineConstantMutator,18288411,7058,0,0,1,1,1,5538,330
org.pitest.mutationtest.engine.gregor.mutators.ReturnValsMutator,18293951,6725,0,1,1,1,1,1,1369
org.pitest.mutationtest.engine.gregor.mutators.NegateConditionalsMutator,18293953,705,0,0,1,1,1,5190,64
org.mudebug.prapr.mutators.LocalNameMutator_0,18299145,6728,0,0,0,1,1,2802,1421
org.mudebug.prapr.mutators.LocalToFieldAccessMutator_1,18301949,6678,0,0,1,1,1,4839,611
org.mudebug.prapr.mutators.FieldAccessToMethodCallMutator_0,18306801,7381,0,0,1,1,1,5543,405
org.mudebug.prapr.mutators.LocalToFieldAccessMutator_1,18312346,6689,0,0,0,1,1,0,781
org.mudebug.prapr.mutators.MethodNameMutator_4,18312348,4415,0,0,0,0,0,2103,549
org.pitest.mutationtest.engine.gregor.mutators.RemoveConditionalMutator_EQUAL_IF,18314453,4411,0,0,0,0,0,2,479
org.mudebug.prapr.mutators.RelationalOperatorReplacement_1,18314457,5356,0,0,1,1,1,1074,425
org.mudebug.prapr.mutators.MethodNameMutator_2,18315533,6684,0,0,1,1,1,1029,701
org.mudebug.prapr.mutators.LocalNameMutator_1,18316564,7058,0,0,0,0,0,1604,307
org.pitest.mutationtest.engine.gregor.mutators.NegateConditionalsMutator,18318170,1106,0,0,0,0,0,5,1070
org.mudebug.prapr.mutators.LocalToFieldAccessMutator_0,18318177,7064,0,0,0,0,0,7,619
org.mudebug.prapr.mutators.LocalToFieldAccessMutator_3,18318186,6678,0,0,1,1,1,4878,607
org.pitest.mutationtest.engine.gregor.mutators.experimental.RemoveSwitchMutator_6,18323066,3587,0,0,0,0,0,0,1015
org.mudebug.prapr.mutators.MethCallResultGuard_2,18323068,7058,0,0,0,0,0,5,429
org.mudebug.prapr.mutators.MethCallResultGuard_1,18323075,6706,0,0,0,0,0,0,1025
org.mudebug.prapr.mutators.MethodNameMutator_2,18323077,5358,0,0,1,1,1,364,718
org.pitest.mutationtest.engine.gregor.mutators.VoidMethodCallMutator,18323443,4395,0,0,0,1,1,4035,249
org.mudebug.prapr.mutators.RelationalOperatorReplacement_2,18327480,5356,0,0,0,0,0,0,344
org.mudebug.prapr.mutators.ArgumentListMutator_5,18327482,5212,0,0,0,0,0,0,60
org.mudebug.prapr.mutators.ReturningDereferenceGuardMutator_0,18327484,1135,0,0,0,0,0,0,1647
org.mudebug.prapr.mutators.FieldAccessToMethodCallMutator_3,18327486,1777,0,0,0,0,0,0,748
org.mudebug.prapr.mutators.MethodNameMutator_1,18327488,5375,0,0,0,0,0,2,1034
org.mudebug.prapr.mutators.ArgumentListMutator_5,18327492,6706,0,0,0,1,1,8,967
org.mudebug.prapr.mutators.FieldAccessToMethodCallMutator_3,18327502,1777,0,0,0,0,0,0,682
org.mudebug.prapr.mutators.ReturningDereferenceGuardMutator_3,18327504,7057,0,0,0,0,0,0,230
org.mudebug.prapr.mutators.NonVoidMethodCallGuardMutator_0,18327506,1248,0,0,0,0,0,0,870
org.mudebug.prapr.mutators.FieldNameMutator_1,18327508,1106,0,0,1,1,1,2980,1095
org.mudebug.prapr.mutators.RelationalOperatorReplacement_2,18330490,6686,0,0,1,1,1,5139,742
org.pitest.mutationtest.engine.gregor.mutators.InlineConstantMutator,18335631,4667,0,0,0,0,0,0,70
org.pitest.mutationtest.engine.gregor.mutators.NegateConditionalsMutator,18335633,245,0,0,0,0,0,7,198
org.pitest.mutationtest.engine.gregor.mutators.RemoveConditionalMutator_EQUAL_IF,18335642,5214,0,0,0,0,0,4,112
org.mudebug.prapr.mutators.LocalToFieldAccessMutator_1,18335648,551,0,0,0,0,0,33,217
org.pitest.mutationtest.engine.gregor.mutators.experimental.MemberVariableMutator,18335683,1788,0,0,0,0,0,79,857
org.mudebug.prapr.mutators.LocalNameMutator_1,18335764,7501,0,0,0,0,0,1847,424
org.mudebug.prapr.mutators.ArithmeticOperatorReplacement_8,18337613,7108,0,0,0,0,0,11,1153
org.pitest.mutationtest.engine.gregor.mutators.VoidMethodCallMutator,18337626,5356,0,0,0,0,0,25,115
org.mudebug.prapr.mutators.FieldNameMutator_2,18337653,7059,0,0,0,0,0,0,559
org.mudebug.prapr.mutators.FieldNameMutator_4,18337655,1777,0,0,0,0,0,0,642
org.mudebug.prapr.mutators.MethodNameMutator_7,18337657,7302,0,0,0,0,0,15,127
org.mudebug.prapr.mutators.VoidMethodCallGuardMutator,18337674,1127,0,0,0,0,0,0,1582
org.mudebug.prapr.mutators.FieldNameMutator_0,18337676,1777,0,0,0,0,0,5,652
org.mudebug.prapr.mutators.FieldNameMutator_4,18337683,7058,0,0,1,1,1,5538,389
org.pitest.mutationtest.engine.gregor.mutators.RemoveConditionalMutator_EQUAL_IF,18343223,1109,0,0,0,0,0,10,1223
org.pitest.mutationtest.engine.gregor.mutators.RemoveConditionalMutator_EQUAL_ELSE,18343235,4411,0,0,0,0,0,5,476
org.pitest.mutationtest.engine.gregor.mutators.NullReturnValsMutator,18343242,7617,0,0,1,1,1,5538,91
org.mudebug.prapr.mutators.ArgumentListMutator_0,18348782,5360,0,0,0,0,0,28,808
org.mudebug.prapr.mutators.RelationalOperatorReplacement_2,18348812,5356,0,0,0,0,0,0,76
org.mudebug.prapr.mutators.ArgumentListMutator_1,18348814,4411,0,0,0,0,0,23,471
org.mudebug.prapr.mutators.FieldAccessToMethodCallMutator_1,18348839,6678,0,0,1,1,1,5985,607
org.pitest.mutationtest.engine.gregor.mutators.NegateConditionalsMutator,18354826,3497,0,0,0,0,0,0,425
org.pitest.mutationtest.engine.gregor.mutators.experimental.RemoveSwitchMutator_8,18354828,6415,0,0,0,0,0,0,273
org.mudebug.prapr.mutators.FieldNameMutator_2,18354830,1777,0,0,0,0,0,0,687
org.mudebug.prapr.mutators.LocalNameMutator_0,18354832,1106,0,0,0,0,0,2,1166
org.mudebug.prapr.mutators.MethCallResultGuard_0,18354836,7058,0,0,0,0,0,0,439
org.mudebug.prapr.mutators.MethCallResultGuard_0,18354838,1132,0,0,0,0,0,2188,1626
org.mudebug.prapr.mutators.FieldNameMutator_0,18357028,7131,0,0,0,0,0,5,74
org.mudebug.prapr.mutators.FieldNameMutator_0,18357035,1119,0,0,0,0,0,16,1435
org.mudebug.prapr.mutators.DereferenceGuardMutator_3,18357053,1313,0,0,0,0,0,0,84
org.mudebug.prapr.mutators.MethCallResultGuard_1,18357058,7058,0,0,0,0,0,0,494
org.mudebug.prapr.mutators.DereferenceGuardMutator_0,18357060,6737,0,0,0,0,0,5,1783
org.mudebug.prapr.mutators.RelationalOperatorReplacement_2,18357067,4411,0,0,0,0,0,76,487
org.pitest.mutationtest.engine.gregor.mutators.RemoveConditionalMutator_EQUAL_ELSE,18357145,347,0,0,1,1,1,1986,506
org.mudebug.prapr.mutators.LocalNameMutator_0,18359133,1246,0,0,0,0,0,1,819
org.mudebug.prapr.mutators.LocalNameMutator_1,18359136,1234,0,0,1,1,1,3,310
org.mudebug.prapr.mutators.RelationalOperatorReplacement_0,18359141,6715,0,0,0,0,0,1696,1173
org.pitest.mutationtest.engine.gregor.mutators.EmptyObjectReturnValsMutator,18360839,4169,0,1,1,1,1,2595,193
org.mudebug.prapr.mutators.FieldAccessToMethodCallMutator_1,18363435,1777,0,0,0,0,0,0,708
org.mudebug.prapr.mutators.FieldAccessToMethodCallMutator_3,18363437,7505,0,0,0,0,0,6,467
org.pitest.mutationtest.engine.gregor.mutators.experimental.NakedReceiverMutator,18363445,5356,0,0,1,1,1,193,522
org.mudebug.prapr.mutators.RelationalOperatorReplacement_2,18363640,5356,0,0,0,0,0,0,575
org.mudebug.prapr.mutators.NonVoidMethodCallGuardMutator_0,18363642,7501,0,0,0,0,0,5,423
org.pitest.mutationtest.engine.gregor.mutators.NonVoidMethodCallMutator,18363649,495,0,0,1,1,1,4754,202
org.pitest.mutationtest.engine.gregor.mutators.RemoveConditionalMutator_EQUAL_ELSE,18368405,5356,0,0,1,1,1,2243,575
org.mudebug.prapr.mutators.LocalToFieldAccessMutator_1,18370650,6743,0,0,1,1,1,2872,1871
org.mudebug.prapr.mutators.FieldNameMutator_0,18373524,6170,0,0,0,0,0,6,509
org.mudebug.prapr.mutators.ReturningDereferenceGuardMutator_4,18373532,5356,0,0,0,0,0,0,94
org.mudebug.prapr.mutators.FieldNameMutator_0,18373534,1106,0,0,1,1,1,2933,1199
org.pitest.mutationtest.engine.gregor.mutators.experimental.RemoveSwitchMutator_15,18376469,5356,0,0,0,0,0,0,117
org.pitest.mutationtest.engine.gregor.mutators.ReturnValsMutator,18376471,6690,0,0,0,1,1,2579,796
org.mudebug.prapr.mutators.LocalToFieldAccessMutator_1,18379052,6672,0,0,1,1,1,5883,552
org.pitest.mutationtest.engine.gregor.mutators.NegateConditionalsMutator,18384940,1564,0,0,0,0,0,205,262
org.pitest.mutationtest.engine.gregor.mutators.InlineConstantMutator,18385147,3626,0,0,0,0,0,474,1516
org.mudebug.prapr.mutators.FieldToLocalAccessMutator_0,18385623,1245,0,0,0,0,0,5,728
org.mudebug.prapr.mutators.DereferenceGuardMutator_3,18385630,705,0,0,0,0,0,0,65
org.mudebug.prapr.mutators.LocalNameMutator_1,18385632,6652,0,0,0,0,0,0,395
org.pitest.mutationtest.engine.gregor.mutators.RemoveConditionalMutator_EQUAL_ELSE,18385634,6711,0,0,0,1,1,2701,1130
org.mudebug.prapr.mutators.FieldNameMutator_4,18388337,1777,0,0,0,0,0,0,646
org.pitest.mutationtest.engine.gregor.mutators.RemoveConditionalMutator_EQUAL_ELSE,18388339,7215,0,0,0,0,0,110,137
org.mudebug.prapr.mutators.FieldAccessToMethodCallMutator_1,18388451,6743,0,0,0,0,0,0,1870
org.mudebug.prapr.mutators.MethodNameMutator_1,18388453,347,0,0,0,0,0,5,537
org.mudebug.prapr.mutators.NonVoidMethodCallGuardMutator_0,18388460,4679,0,0,0,0,0,0,115
org.pitest.mutationtest.engine.gregor.mutators.RemoveConditionalMutator_EQUAL_IF,18388462,495,0,0,0,0,0,0,173
org.mudebug.prapr.mutators.MethCallResultGuard_0,18388464,3249,0,0,0,0,0,0,103
org.mudebug.prapr.mutators.FieldNameMutator_2,18388466,7058,0,0,1,1,1,5538,358
org.mudebug.prapr.mutators.LocalToFieldAccessMutator_3,18394006,6694,0,0,0,1,1,0,824
org.mudebug.prapr.mutators.MethCallResultGuard_1,18394008,6743,0,0,0,0,0,0,1868
org.mudebug.prapr.mutators.LocalNameMutator_1,18394010,5356,0,0,0,0,0,13,103
org.mudebug.prapr.mutators.ReturningDereferenceGuardMutator_0,18394027,705,0,0,0,0,0,0,69
org.mudebug.prapr.mutators.MethCallResultGuard_2,18394029,6744,0,0,0,1,1,733,1892
org.mudebug.prapr.mutators.LocalNameMutator_0,18394764,4410,0,0,1,1,1,5200,441
org.mudebug.prapr.mutators.LocalToFieldAccessMutator_1,18399966,1048,0,0,1,1,1,4574,347
org.mudebug.prapr.mutators.RelationalOperatorReplacement_1,18404542,6732,0,0,0,0,0,0,1624
org.mudebug.prapr.mutators.LocalToFieldAccessMutator_3,18404544,6684,0,0,1,1,1,1021,697
org.pitest.mutationtest.engine.gregor.mutators.InlineConstantMutator,18405567,7058,0,0,0,0,0,2,251
org.pitest.mutationtest.engine.gregor.mutators.BooleanFalseReturnValsMutator,18405571,6973,0,0,0,0,0,82,71
org.pitest.mutationtest.engine.gregor.mutators.NegateConditionalsMutator,18405655,6732,0,0,0,0,0,7,1618
org.pitest.mutationtest.engine.gregor.mutators.ReturnValsMutator,18405664,343,0,0,1,1,1,4754,465
org.pitest.mutationtest.engine.gregor.mutators.experimental.RemoveSwitchMutator_96,18410420,6415,0,0,0,0,0,0,273
org.mudebug.prapr.mutators.FieldAccessToMethodCallMutator_2,18410422,1777,0,0,0,0,0,0,684
org.mudebug.prapr.mutators.RelationalOperatorReplacement_3,18410424,1106,0,0,0,0,0,0,1178
org.pitest.mutationtest.engine.gregor.mutators.NegateConditionalsMutator,18410426,6696,0,0,0,1,1,580,836
org.pitest.mutationtest.engine.gregor.mutators.NegateConditionalsMutator,18411008,7503,0,0,1,1,1,5538,446
org.mudebug.prapr.mutators.ArithmeticOperatorReplacement_0,18416548,7108,0,0,1,1,1,5538,1153
org.pitest.mutationtest.engine.gregor.mutators.ArgumentPropagationMutator,18422088,3711,0,0,0,0,0,0,72
org.mudebug.prapr.mutators.DereferenceGuardMutator_0,18422092,1038,0,0,0,0,0,0,191
org.mudebug.prapr.mutators.FieldNameMutator_1,18422094,7058,0,0,0,0,0,2257,405
org.mudebug.prapr.mutators.DereferenceGuardMutator_0,18424353,5209,0,0,0,0,0,0,288
org.mudebug.prapr.mutators.FieldToLocalAccessMutator_0,18424355,3711,0,0,0,0,0,60,71
org.mudebug.prapr.mutators.NonVoidMethodCallGuardMutator_0,18424417,1234,0,0,0,0,0,0,271
org.pitest.mutationtest.engine.gregor.mutators.experimental.RemoveSwitchMutator_65,18424419,555,0,0,0,0,0,0,872
org.mudebug.prapr.mutators.ReturningDereferenceGuardMutator_3,18424421,7684,0,0,0,0,0,0,83
org.pitest.mutationtest.engine.gregor.mutators.NegateConditionalsMutator,18424423,7382,0,0,0,0,0,1924,410
org.mudebug.prapr.mutators.FieldNameMutator_4,18426349,7058,0,0,1,1,1,5226,455
org.pitest.mutationtest.engine.gregor.mutators.experimental.RemoveSwitchMutator_68,18431577,3584,0,0,0,0,0,5,901
org.pitest.mutationtest.engine.gregor.mutators.ReturnValsMutator,18431584,3569,0,0,1,1,1,214,496
org.mudebug.prapr.mutators.LocalToFieldAccessMutator_3,18431800,6750,0,0,1,1,1,5373,1968
org.mudebug.prapr.mutators.FieldAccessToMethodCallMutator_0,18437175,1777,0,0,0,0,0,0,672
org.mudebug.prapr.mutators.ArithmeticOperatorReplacement_0,18437177,5219,0,0,1,1,1,2695,181
org.mudebug.prapr.mutators.DereferenceGuardMutator_4,18439874,7503,0,0,0,0,0,0,444
org.mudebug.prapr.mutators.DereferenceGuardMutator_4,18444942,7385,0,0,0,0,0,0,501
org.mudebug.prapr.mutators.LocalToFieldAccessMutator_0,18444944,6678,0,0,1,1,1,5950,610
org.pitest.mutationtest.engine.gregor.mutators.experimental.RemoveSwitchMutator_45,18450896,3636,0,0,0,0,0,0,1649
org.mudebug.prapr.mutators.MethodNameMutator_2,18450898,1042,0,0,0,0,0,2,243
org.mudebug.prapr.mutators.RelationalOperatorReplacement_0,18450902,7302,0,0,0,0,0,0,110
org.pitest.mutationtest.engine.gregor.mutators.NegateConditionalsMutator,18450904,6706,0,0,1,1,1,48,941
org.mudebug.prapr.mutators.LocalToFieldAccessMutator_1,18450954,6728,0,0,1,1,1,2560,1420
org.mudebug.prapr.mutators.RelationalOperatorReplacement_0,18453516,7382,0,0,0,0,0,1849,410
org.mudebug.prapr.mutators.LocalToFieldAccessMutator_1,18455367,7365,0,0,0,0,0,22,232
org.mudebug.prapr.mutators.LocalToFieldAccessMutator_0,18455391,6706,0,0,1,1,1,49,964
org.mudebug.prapr.mutators.FieldAccessToMethodCallMutator_4,18455442,1777,0,0,0,0,0,0,726
org.pitest.mutationtest.engine.gregor.mutators.NegateConditionalsMutator,18455444,7198,0,0,0,0,0,553,67
org.mudebug.prapr.mutators.NonVoidMethodCallGuardMutator_0,18455999,558,0,0,0,0,0,0,1194
org.pitest.mutationtest.engine.gregor.mutators.NegateConditionalsMutator,18456001,5219,0,0,1,1,1,2714,181
org.mudebug.prapr.mutators.MethCallResultGuard_0,18458717,562,0,0,0,0,0,0,1210
org.mudebug.prapr.mutators.ArgumentListMutator_4,18458719,7059,0,0,1,1,1,5538,553
org.mudebug.prapr.mutators.MethodNameMutator_6,18464259,247,0,0,0,0,0,2088,240
org.mudebug.prapr.mutators.RelationalOperatorReplacement_2,18466349,5213,0,0,1,1,1,2700,91
org.pitest.mutationtest.engine.gregor.mutators.NonVoidMethodCallMutator,18469053,1234,0,0,1,1,1,12,276
org.mudebug.prapr.mutators.FieldNameMutator_3,18469067,1777,0,0,0,0,0,5,652
org.mudebug.prapr.mutators.FieldAccessToMethodCallMutator_1,18469074,1777,0,0,0,0,0,0,702
org.pitest.mutationtest.engine.gregor.mutators.RemoveConditionalMutator_ORDER_IF,18469076,1049,0,0,0,0,0,23,368
org.mudebug.prapr.mutators.ReturningDereferenceGuardMutator_0,18469101,348,0,0,0,0,0,0,557
org.mudebug.prapr.mutators.RelationalOperatorReplacement_3,18469103,6931,0,0,0,0,0,922,848
org.pitest.mutationtest.engine.gregor.mutators.experimental.RemoveSwitchMutator_45,18470027,555,0,0,0,0,0,156,872
org.mudebug.prapr.mutators.FieldNameMutator_3,18470185,1777,0,0,0,0,0,0,736
org.mudebug.prapr.mutators.NonVoidMethodCallGuardMutator_0,18470187,1234,0,0,0,0,0,0,260
org.mudebug.prapr.mutators.FieldAccessToMethodCallMutator_4,18470189,1777,0,0,0,0,0,0,728
org.mudebug.prapr.mutators.LocalToFieldAccessMutator_1,18470191,1044,0,0,1,1,1,4566,280
org.mudebug.prapr.mutators.LocalNameMutator_0,18474759,1234,0,0,0,0,0,7,283
org.mudebug.prapr.mutators.MethCallResultGuard_2,18474771,1053,0,0,0,0,0,0,432
org.pitest.mutationtest.engine.gregor.mutators.ConditionalsBoundaryMutator,18474773,6713,0,0,0,1,1,2702,1147
org.pitest.mutationtest.engine.gregor.mutators.PrimitiveReturnsMutator,18477477,6723,0,0,1,1,1,5016,1349
org.mudebug.prapr.mutators.RelationalOperatorReplacement_3,18482495,5356,0,0,0,0,0,117,181
org.mudebug.prapr.mutators.MethCallResultGuard_1,18482614,7058,0,0,0,0,0,0,293
org.pitest.mutationtest.engine.gregor.mutators.RemoveConditionalMutator_EQUAL_IF,18482616,247,0,0,1,1,1,4269,241
org.mudebug.prapr.mutators.LocalToFieldAccessMutator_3,18486887,1049,0,0,1,1,1,4574,368
org.mudebug.prapr.mutators.ReturningDereferenceGuardMutator_0,18491463,7380,0,0,0,0,0,0,397
org.pitest.mutationtest.engine.gregor.mutators.experimental.RemoveSwitchMutator_92,18491465,5356,0,0,0,0,0,0,117
org.mudebug.prapr.mutators.ArgumentListMutator_0,18491467,5356,0,0,0,0,0,0,428
org.mudebug.prapr.mutators.FieldNameMutator_4,18491469,7058,0,0,0,0,0,2251,345
org.pitest.mutationtest.engine.gregor.mutators.experimental.NakedReceiverMutator,18493722,1245,0,0,1,1,1,24,673
org.pitest.mutationtest.engine.gregor.mutators.RemoveConditionalMutator_EQUAL_ELSE,18493748,333,0,0,0,0,0,4,364
org.mudebug.prapr.mutators.ReturningDereferenceGuardMutator_2,18493754,7057,0,0,0,0,0,0,227
org.mudebug.prapr.mutators.LocalNameMutator_0,18493756,6743,0,0,1,1,1,2782,1871
org.mudebug.prapr.mutators.ReturningDereferenceGuardMutator_1,18496540,347,0,0,0,0,0,0,544
org.pitest.mutationtest.engine.gregor.mutators.ConstructorCallMutator,18496542,6665,0,0,1,1,1,5981,524
org.mudebug.prapr.mutators.FieldNameMutator_3,18502525,1777,0,0,0,0,0,0,632
org.mudebug.prapr.mutators.MethodNameMutator_3,18502527,332,0,0,1,1,1,5360,346
org.mudebug.prapr.mutators.LocalToFieldAccessMutator_1,18507889,6687,0,0,1,1,1,5365,758
org.pitest.mutationtest.engine.gregor.mutators.RemoveConditionalMutator_EQUAL_ELSE,18513256,7382,0,0,0,0,0,26,431
org.mudebug.prapr.mutators.ArgumentListMutator_0,18513284,7052,0,0,0,0,0,5,107
org.mudebug.prapr.mutators.ArgumentListMutator_1,18513291,1082,0,0,0,0,0,0,834
org.pitest.mutationtest.engine.gregor.mutators.NullReturnValsMutator,18513293,3675,0,0,0,0,0,1,2367
org.mudebug.prapr.mutators.DereferenceGuardMutator_0,18513296,347,0,0,0,0,0,0,522
org.mudebug.prapr.mutators.LocalNameMutator_1,18513298,7058,0,0,0,0,0,38,529
org.mudebug.prapr.mutators.FieldNameMutator_0,18513338,1777,0,0,0,0,0,0,663
org.mudebug.prapr.mutators.NonVoidMethodCallGuardMutator_0,18513340,4411,0,0,0,0,0,23,493
org.mudebug.prapr.mutators.FieldAccessToMethodCallMutator_1,18513365,6698,0,0,1,1,1,5527,859
org.mudebug.prapr.mutators.ReturningDereferenceGuardMutator_3,18518894,5213,0,0,0,0,0,5,89
org.mudebug.prapr.mutators.FieldAccessToMethodCallMutator_0,18518901,1777,0,0,0,0,0,0,643
org.mudebug.prapr.mutators.DereferenceGuardMutator_0,18518903,4415,0,0,0,0,0,0,546
org.mudebug.prapr.mutators.ArgumentListMutator_5,18518905,662,0,0,0,0,0,0,284
org.mudebug.prapr.mutators.MethodNameMutator_0,18518907,6988,0,0,0,0,0,3,167
org.pitest.mutationtest.engine.gregor.mutators.NegateConditionalsMutator,18518912,1047,0,0,0,0,0,32,339
org.mudebug.prapr.mutators.ArgumentListMutator_3,18518946,6725,0,0,0,1,1,0,1369
org.mudebug.prapr.mutators.RelationalOperatorReplacement_0,18518948,6706,0,0,0,0,0,29,933
org.pitest.mutationtest.engine.gregor.mutators.RemoveConditionalMutator_EQUAL_IF,18518979,6706,0,0,1,1,1,59,930
org.mudebug.prapr.mutators.ReturningDereferenceGuardMutator_4,18519040,6672,0,0,0,0,0,0,552
org.mudebug.prapr.mutators.LocalToFieldAccessMutator_0,18519042,6683,0,0,1,1,1,2716,686
org.mudebug.prapr.mutators.RelationalOperatorReplacement_2,18521760,4392,0,0,1,1,1,5218,206
org.pitest.mutationtest.engine.gregor.mutators.NegateConditionalsMutator,18526980,6913,0,0,1,1,1,5538,470
org.pitest.mutationtest.engine.gregor.mutators.experimental.RemoveSwitchMutator_22,18532520,6649,0,0,0,0,0,0,175
org.mudebug.prapr.mutators.FieldToLocalAccessMutator_0,18532522,6651,0,0,0,0,0,29,385
org.mudebug.prapr.mutators.ArgumentListMutator_2,18532553,5356,0,0,1,1,1,1491,88
org.mudebug.prapr.mutators.FieldNameMutator_2,18534046,1777,0,0,0,0,0,0,640
org.mudebug.prapr.mutators.MethCallResultGuard_0,18534048,1042,0,0,0,0,0,5,243
org.mudebug.prapr.mutators.LocalToFieldAccessMutator_0,18534055,4423,0,0,0,0,0,0,615
org.mudebug.prapr.mutators.MethodNameMutator_3,18534057,6743,0,0,1,1,1,2917,1867
org.mudebug.prapr.mutators.MethodNameMutator_3,18536976,547,0,0,1,1,1,254,166
org.mudebug.prapr.mutators.LocalToFieldAccessMutator_2,18537232,6725,0,0,0,1,1,2798,1367
org.mudebug.prapr.mutators.MethCallResultGuard_0,18540032,7058,0,0,0,0,0,0,313
org.mudebug.prapr.mutators.DereferenceGuardMutator_1,18540034,6697,0,0,0,0,0,0,844
org.pitest.mutationtest.engine.gregor.mutators.RemoveConditionalMutator_EQUAL_IF,18540036,4423,0,0,0,0,0,221,615
org.mudebug.prapr.mutators.FieldNameMutator_1,18540259,1777,0,0,0,0,0,0,643
org.mudebug.prapr.mutators.MethCallResultGuard_0,18540261,545,0,0,1,1,1,3771,131
org.mudebug.prapr.mutators.FieldToLocalAccessMutator_0,18544034,6725,0,0,0,1,1,0,1369
org.mudebug.prapr.mutators.FieldAccessToMethodCallMutator_2,18544036,6698,0,0,0,1,1,104,859
org.mudebug.prapr.mutators.ReturningDereferenceGuardMutator_2,18544142,1042,0,0,0,0,0,5,229
org.pitest.mutationtest.engine.gregor.mutators.NegateConditionalsMutator,18544149,3611,0,0,1,1,1,4302,1331
org.mudebug.prapr.mutators.LocalToFieldAccessMutator_2,18548453,6755,0,0,1,1,1,2994,2012
org.mudebug.prapr.mutators.LocalNameMutator_0,18551449,6744,0,0,0,1,1,680,1894
org.mudebug.prapr.mutators.ReturningDereferenceGuardMutator_4,18552131,4410,0,0,0,0,0,0,464
org.mudebug.prapr.mutators.LocalToFieldAccessMutator_0,18552133,517,0,0,0,1,1,2216,106
org.mudebug.prapr.mutators.FieldAccessToMethodCallMutator_4,18554351,1777,0,0,0,0,0,0,753
org.mudebug.prapr.mutators.FieldToLocalAccessMutator_0,18554353,503,0,0,0,0,0,5,67
org.mudebug.prapr.mutators.RelationalOperatorReplacement_2,18554360,7109,0,0,0,0,0,7,1173
org.pitest.mutationtest.engine.gregor.mutators.NonVoidMethodCallMutator,18554369,7052,0,0,1,1,1,5538,197
org.mudebug.prapr.mutators.LocalToFieldAccessMutator_3,18559909,6688,0,0,1,1,1,5430,763
org.mudebug.prapr.mutators.RelationalOperatorReplacement_2,18565341,5356,0,0,0,0,0,5,344
org.pitest.mutationtest.engine.gregor.mutators.NonVoidMethodCallMutator,18565348,7302,0,0,0,0,0,14,134
org.mudebug.prapr.mutators.MethodNameMutator_1,18565364,1236,1,0,0,1,1,18,521
org.mudebug.prapr.mutators.MethodNameMutator_0,18565384,5356,0,0,0,0,0,0,513
org.mudebug.prapr.mutators.FieldNameMutator_5,18565386,7059,0,0,0,0,0,0,549
org.pitest.mutationtest.engine.gregor.mutators.RemoveConditionalMutator_EQUAL_IF,18565388,1236,1,0,0,0,0,0,520
org.mudebug.prapr.mutators.FieldToLocalAccessMutator_1,18565390,6651,0,0,0,0,0,1584,382
org.mudebug.prapr.mutators.DereferenceGuardMutator_0,18566976,3244,0,0,0,0,0,5,77
org.pitest.mutationtest.engine.gregor.mutators.ArgumentPropagationMutator,18566983,7061,0,0,1,1,1,5538,576
org.mudebug.prapr.mutators.NonVoidMethodCallGuardMutator_0,18572523,6708,0,0,0,0,0,0,1050
org.pitest.mutationtest.engine.gregor.mutators.NonVoidMethodCallMutator,18572525,504,0,0,1,1,1,5753,81
org.pitest.mutationtest.engine.gregor.mutators.experimental.NakedReceiverMutator,18578280,5356,0,0,1,1,1,2430,84
org.mudebug.prapr.mutators.RelationalOperatorReplacement_3,18580712,1042,0,0,0,0,0,15,256
org.pitest.mutationtest.engine.gregor.mutators.NegateConditionalsMutator,18580729,3675,0,0,0,0,0,0,2362
org.mudebug.prapr.mutators.ReturningDereferenceGuardMutator_3,18580731,1106,0,0,0,0,0,0,1106
org.mudebug.prapr.mutators.NonVoidMethodCallGuardMutator_0,18580733,6683,0,0,0,0,0,5,681
org.mudebug.prapr.mutators.ArithmeticOperatorReplacement_8,18580740,4257,0,0,0,0,0,26,409
org.mudebug.prapr.mutators.MethodNameMutator_0,18580775,244,0,0,0,0,0,0,176
org.mudebug.prapr.mutators.RelationalOperatorReplacement_1,18580777,1555,0,0,0,0,0,0,154
org.mudebug.prapr.mutators.NonVoidMethodCallGuardMutator_0,18580779,6706,0,0,0,0,0,0,977
org.mudebug.prapr.mutators.FieldNameMutator_3,18580781,1777,0,0,0,0,0,0,684
org.mudebug.prapr.mutators.NonVoidMethodCallGuardMutator_0,18580783,7058,0,0,0,0,0,5,532
org.mudebug.prapr.mutators.LocalNameMutator_2,18580790,7058,0,0,0,0,0,2250,345
org.pitest.mutationtest.engine.gregor.mutators.ReturnValsMutator,18583042,6977,0,0,1,1,1,5538,97
org.mudebug.prapr.mutators.ArgumentListMutator_2,18588582,1777,0,0,1,1,1,5292,83
org.pitest.mutationtest.engine.gregor.mutators.InlineConstantMutator,18593876,4666,0,0,0,0,0,5,60
org.mudebug.prapr.mutators.RelationalOperatorReplacement_3,18593883,6706,0,0,0,0,0,0,941
org.mudebug.prapr.mutators.DereferenceGuardMutator_0,18593885,6687,0,0,0,0,0,0,756
org.pitest.mutationtest.engine.gregor.mutators.VoidMethodCallMutator,18598953,5356,0,0,0,1,1,94,440
org.pitest.mutationtest.engine.gregor.mutators.NonVoidMethodCallMutator,18599049,6725,0,1,1,1,1,1,1369
org.pitest.mutationtest.engine.gregor.mutators.experimental.RemoveSwitchMutator_3,18599051,3584,0,0,0,0,0,0,901
org.pitest.mutationtest.engine.gregor.mutators.NonVoidMethodCallMutator,18599053,370,0,0,0,0,0,19,817
org.mudebug.prapr.mutators.FieldAccessToMethodCallMutator_1,18599080,1777,0,0,1,1,1,2721,738
org.mudebug.prapr.mutators.LocalToFieldAccessMutator_1,18601803,6683,0,0,1,1,1,1017,687
org.pitest.mutationtest.engine.gregor.mutators.NonVoidMethodCallMutator,18602822,6704,0,0,0,1,1,8,908
org.mudebug.prapr.mutators.LocalNameMutator_1,18602832,7058,0,0,0,0,0,10,384
org.pitest.mutationtest.engine.gregor.mutators.RemoveConditionalMutator_EQUAL_ELSE,18602844,1245,0,0,0,0,0,5,728
org.mudebug.prapr.mutators.FieldToLocalAccessMutator_2,18602851,6683,0,0,0,0,0,507,683
org.mudebug.prapr.mutators.MethCallResultGuard_0,18603360,6710,0,0,0,0,0,0,1067
org.mudebug.prapr.mutators.FieldNameMutator_0,18603362,6728,0,0,1,1,1,2560,1420
org.mudebug.prapr.mutators.RelationalOperatorReplacement_2,18605924,1248,0,0,1,1,1,59,867
org.mudebug.prapr.mutators.FieldNameMutator_3,18605985,1777,0,0,0,0,0,35,660
org.mudebug.prapr.mutators.FieldNameMutator_2,18606022,1777,0,0,0,0,0,0,650
org.pitest.mutationtest.engine.gregor.mutators.ConstructorCallMutator,18606024,7112,0,0,1,1,1,5538,1216
org.mudebug.prapr.mutators.RelationalOperatorReplacement_0,18611564,7198,0,0,0,0,0,1799,63
org.pitest.mutationtest.engine.gregor.mutators.experimental.RemoveSwitchMutator_84,18613365,555,0,0,0,0,0,0,872
org.mudebug.prapr.mutators.LocalToFieldAccessMutator_0,18613367,1119,0,0,0,0,0,3,1436
org.mudebug.prapr.mutators.VoidMethodCallGuardMutator,18613372,4411,0,0,0,0,0,23,497
org.mudebug.prapr.mutators.MethCallResultGuard_1,18613397,3710,0,0,0,0,0,0,67
org.mudebug.prapr.mutators.MethodNameMutator_0,18613399,7764,0,0,0,0,0,5,461
org.mudebug.prapr.mutators.LocalNameMutator_2,18613408,347,0,0,0,0,0,1,549
org.pitest.mutationtest.engine.gregor.mutators.NegateConditionalsMutator,18613411,517,0,0,0,0,0,0,98
org.pitest.mutationtest.engine.gregor.mutators.NegateConditionalsMutator,18613413,495,0,0,1,1,1,3741,265
org.mudebug.prapr.mutators.MethodNameMutator_0,18617156,5362,0,0,0,0,0,1,816
org.mudebug.prapr.mutators.DereferenceGuardMutator_4,18617159,7057,0,0,0,0,0,0,227
org.pitest.mutationtest.engine.gregor.mutators.experimental.RemoveSwitchMutator_0,18617161,6415,0,0,0,0,0,0,273
org.pitest.mutationtest.engine.gregor.mutators.experimental.RemoveSwitchMutator_96,18617163,495,0,0,0,0,0,1,119
org.pitest.mutationtest.engine.gregor.mutators.RemoveConditionalMutator_EQUAL_ELSE,18617166,7131,0,0,0,0,0,9,74
org.mudebug.prapr.mutators.ArgumentListMutator_2,18617177,7059,0,0,1,1,1,5538,560
org.mudebug.prapr.mutators.RelationalOperatorReplacement_3,18622717,1562,0,0,0,0,0,1,217
org.mudebug.prapr.mutators.MethodNameMutator_7,18622720,5356,0,0,0,0,0,8,215
org.mudebug.prapr.mutators.FieldToLocalAccessMutator_2,18622730,6728,0,0,0,1,1,1476,1418
org.mudebug.prapr.mutators.VoidMethodCallGuardMutator,18624208,4159,0,0,0,0,0,0,104
org.mudebug.prapr.mutators.FieldToLocalAccessMutator_0,18624210,6674,0,0,1,1,1,2709,563
org.mudebug.prapr.mutators.MethCallResultGuard_2,18626921,6706,0,0,0,0,0,0,976
org.mudebug.prapr.mutators.MethCallResultGuard_1,18626925,1313,0,0,0,0,0,0,84
org.mudebug.prapr.mutators.ArgumentListMutator_5,18626927,244,0,0,0,0,0,0,176
org.pitest.mutationtest.engine.gregor.mutators.RemoveConditionalMutator_EQUAL_ELSE,18626929,7204,0,0,0,0,0,14,135
org.pitest.mutationtest.engine.gregor.mutators.ReturnValsMutator,18626945,7265,0,0,1,1,1,5538,867
org.mudebug.prapr.mutators.MethodNameMutator_1,18632485,1563,0,0,0,0,0,30,254
org.mudebug.prapr.mutators.FieldNameMutator_0,18632517,6728,0,0,0,1,1,2809,1407
org.pitest.mutationtest.engine.gregor.mutators.InlineConstantMutator,18635328,7289,0,0,0,0,0,106,75
org.mudebug.prapr.mutators.ReturningDereferenceGuardMutator_1,18635436,5213,0,0,0,0,0,0,89
org.mudebug.prapr.mutators.LocalToFieldAccessMutator_0,18635438,6689,0,0,0,0,0,9,783
org.mudebug.prapr.mutators.MethCallResultGuard_0,18635449,3417,0,0,0,0,0,0,88
org.pitest.mutationtest.engine.gregor.mutators.experimental.MemberVariableMutator,18635451,543,0,0,0,0,0,25,107
org.mudebug.prapr.mutators.FieldNameMutator_3,18635478,7058,0,0,1,1,1,5538,255
org.mudebug.prapr.mutators.LocalNameMutator_1,18641018,1248,0,0,0,0,0,15,878
org.pitest.mutationtest.engine.gregor.mutators.NonVoidMethodCallMutator,18641035,7059,0,0,1,1,1,5538,543
org.mudebug.prapr.mutators.ArithmeticOperatorDeletion_0,18646575,347,0,0,0,0,0,28,520
org.mudebug.prapr.mutators.DereferenceGuardMutator_0,18646605,1834,0,0,0,0,0,0,78
org.mudebug.prapr.mutators.FieldNameMutator_1,18646607,6168,0,0,0,0,0,0,478
org.mudebug.prapr.mutators.LocalToFieldAccessMutator_3,18646609,6415,0,0,0,1,1,39,273
org.mudebug.prapr.mutators.RelationalOperatorReplacement_3,18646650,244,0,0,1,1,1,2712,176
org.mudebug.prapr.mutators.FieldNameMutator_1,18649364,1777,0,0,0,0,0,0,682
org.mudebug.prapr.mutators.DereferenceGuardMutator_0,18649366,7231,0,0,0,0,0,0,261
org.mudebug.prapr.mutators.LocalToFieldAccessMutator_2,18649368,1048,0,0,0,0,0,0,348
org.mudebug.prapr.mutators.FieldAccessToMethodCallMutator_2,18649370,1777,0,0,0,0,0,0,715
org.mudebug.prapr.mutators.ReturningDereferenceGuardMutator_4,18649372,6683,0,0,0,0,0,0,685
org.mudebug.prapr.mutators.ArgumentListMutator_3,18649374,5356,0,0,0,0,0,0,215
org.mudebug.prapr.mutators.LocalNameMutator_0,18649376,5358,0,0,0,0,0,4,742
org.mudebug.prapr.mutators.DereferenceGuardMutator_3,18649382,7204,0,0,0,0,0,0,134
org.pitest.mutationtest.engine.gregor.mutators.experimental.RemoveSwitchMutator_93,18649384,3584,0,0,0,0,0,1,901
org.mudebug.prapr.mutators.ArithmeticOperatorReplacement_0,18649387,5356,0,0,0,0,0,8,110
org.mudebug.prapr.mutators.ReturningDereferenceGuardMutator_0,18649401,7556,0,0,0,0,0,0,67
org.pitest.mutationtest.engine.gregor.mutators.NegateConditionalsMutator,18649403,6691,0,0,0,1,1,2265,800
org.pitest.mutationtest.engine.gregor.mutators.experimental.RemoveSwitchMutator_84,18651670,495,0,0,0,0,0,0,119
org.pitest.mutationtest.engine.gregor.mutators.RemoveConditionalMutator_EQUAL_IF,18651672,1562,0,0,0,0,0,0,217
org.mudebug.prapr.mutators.FieldNameMutator_2,18651674,7058,0,0,0,0,0,278,478
org.pitest.mutationtest.engine.gregor.mutators.RemoveConditionalMutator_EQUAL_IF,18651954,5356,0,0,0,1,1,39,504
org.mudebug.prapr.mutators.LocalNameMutator_1,18651995,6743,0,0,0,1,1,2898,1874
org.mudebug.prapr.mutators.LocalToFieldAccessMutator_0,18654895,6728,0,0,1,1,1,2820,1418
org.mudebug.prapr.mutators.FieldAccessToMethodCallMutator_0,18657717,1777,0,0,0,0,0,0,671
org.pitest.mutationtest.engine.gregor.mutators.RemoveConditionalMutator_EQUAL_ELSE,18657719,7250,0,0,0,0,0,2028,655
org.mudebug.prapr.mutators.MethodNameMutator_1,18659749,7497,0,0,0,0,0,1,377
org.mudebug.prapr.mutators.LocalNameMutator_1,18659752,6684,0,0,1,1,1,740,706
org.mudebug.prapr.mutators.LocalToFieldAccessMutator_1,18660494,1106,0,0,0,0,0,0,1178
org.mudebug.prapr.mutators.RelationalOperatorReplacement_3,18660498,7557,0,0,0,0,0,75,76
org.pitest.mutationtest.engine.gregor.mutators.RemoveConditionalMutator_EQUAL_IF,18660575,6689,0,0,0,0,0,0,782
org.mudebug.prapr.mutators.DereferenceGuardMutator_0,18660577,1119,0,0,0,0,0,0,1439
org.pitest.mutationtest.engine.gregor.mutators.RemoveConditionalMutator_EQUAL_ELSE,18660579,1234,0,0,0,1,1,0,267
org.mudebug.prapr.mutators.LocalToFieldAccessMutator_3,18660581,6743,0,0,1,1,1,2901,1873
org.pitest.mutationtest.engine.gregor.mutators.NonVoidMethodCallMutator,18668550,6743,0,0,1,1,1,2924,1866
org.mudebug.prapr.mutators.ReturningDereferenceGuardMutator_1,18671476,6689,0,0,0,0,0,5,782
org.pitest.mutationtest.engine.gregor.mutators.experimental.MemberVariableMutator,18671483,1777,0,0,0,0,0,0,692
org.mudebug.prapr.mutators.NonVoidMethodCallGuardMutator_0,18671485,7200,0,0,0,0,0,0,107
org.mudebug.prapr.mutators.MethodNameMutator_8,18671487,5356,0,0,1,1,1,2868,83
org.mudebug.prapr.mutators.LocalToFieldAccessMutator_2,18674357,6695,0,0,1,1,1,5629,831
org.mudebug.prapr.mutators.FieldNameMutator_2,18679988,7059,0,0,0,0,0,10,551
org.mudebug.prapr.mutators.LocalToFieldAccessMutator_1,18680000,6738,0,0,0,0,0,0,1796
org.pitest.mutationtest.engine.gregor.mutators.InlineConstantMutator,18680002,6899,0,0,0,0,0,2142,331
org.mudebug.prapr.mutators.FieldNameMutator_1,18682146,7058,0,0,1,1,1,5226,322
org.pitest.mutationtest.engine.gregor.mutators.experimental.RemoveSwitchMutator_44,18687374,555,0,0,0,0,0,486,872
org.mudebug.prapr.mutators.RelationalOperatorReplacement_2,18687862,6732,0,0,0,0,0,11,1618
org.mudebug.prapr.mutators.ArgumentListMutator_2,18687875,7556,0,0,0,0,0,2249,70
org.mudebug.prapr.mutators.FieldNameMutator_0,18690126,6738,0,0,1,1,1,252,1794
org.mudebug.prapr.mutators.LocalNameMutator_1,18690380,1234,0,0,1,1,1,3,309
org.mudebug.prapr.mutators.ReturningDereferenceGuardMutator_4,18690385,6652,0,0,0,0,0,0,395
org.mudebug.prapr.mutators.FieldNameMutator_1,18690387,1777,0,0,0,0,0,0,724
org.pitest.mutationtest.engine.gregor.mutators.experimental.MemberVariableMutator,18690389,4392,0,0,1,1,1,5220,205
org.mudebug.prapr.mutators.MethodNameMutator_7,18695611,7257,0,0,1,1,1,5543,810
org.mudebug.prapr.mutators.DereferenceGuardMutator_3,18701156,1804,0,0,0,0,0,0,961
org.pitest.mutationtest.engine.gregor.mutators.NegateConditionalsMutator,18701158,7259,0,0,0,0,0,259,823
org.mudebug.prapr.mutators.LocalToFieldAccessMutator_2,18701419,1106,0,0,1,1,1,2974,1146
org.mudebug.prapr.mutators.ReturningDereferenceGuardMutator_0,18704395,1119,0,0,0,0,0,5,1439
org.mudebug.prapr.mutators.MethodNameMutator_0,18704402,347,0,0,0,0,0,11,539
org.mudebug.prapr.mutators.LocalToFieldAccessMutator_3,18704415,6691,0,0,0,0,0,495,800
org.mudebug.prapr.mutators.NonVoidMethodCallGuardMutator_0,18704912,5362,0,0,0,0,0,0,816
org.mudebug.prapr.mutators.ReturningDereferenceGuardMutator_0,18704914,1119,0,0,0,0,0,0,1434
org.mudebug.prapr.mutators.MethCallResultGuard_0,18704916,6706,0,0,0,0,0,0,929
org.mudebug.prapr.mutators.MethodNameMutator_5,18704918,7250,0,0,0,0,0,3,662
org.mudebug.prapr.mutators.MethodNameMutator_8,18704923,551,0,0,0,0,0,14,215
org.mudebug.prapr.mutators.VoidMethodCallGuardMutator,18704939,546,0,0,0,0,0,5,148
org.mudebug.prapr.mutators.ReturningDereferenceGuardMutator_4,18704946,4169,0,0,0,0,0,0,193
org.mudebug.prapr.mutators.MethodNameMutator_3,18704948,347,0,0,1,1,1,1985,516
org.mudebug.prapr.mutators.FieldNameMutator_4,18706935,1777,0,0,0,0,0,0,649
org.mudebug.prapr.mutators.DereferenceGuardMutator_3,18706937,1053,0,0,0,0,0,0,433
org.mudebug.prapr.mutators.MethCallResultGuard_2,18706939,370,0,0,0,0,0,0,816
org.mudebug.prapr.mutators.MethodNameMutator_1,18706941,3675,0,0,0,0,0,0,2359
org.mudebug.prapr.mutators.MethodNameMutator_0,18706943,7045,0,0,1,1,1,5543,96
org.mudebug.prapr.mutators.MethCallResultGuard_1,18712488,7556,0,0,0,0,0,0,70
org.mudebug.prapr.mutators.FieldNameMutator_2,18712490,1777,0,0,0,0,0,0,758
org.mudebug.prapr.mutators.RelationalOperatorReplacement_2,18712492,4666,0,0,0,0,0,0,60
org.mudebug.prapr.mutators.RelationalOperatorReplacement_3,18712494,3589,0,0,0,1,1,429,1062
org.mudebug.prapr.mutators.MethCallResultGuard_1,18712925,7045,0,0,0,0,0,5,96
org.mudebug.prapr.mutators.LocalToFieldAccessMutator_0,18712932,6749,0,0,1,1,1,5426,1961
org.mudebug.prapr.mutators.MethCallResultGuard_1,18718360,1234,0,0,0,0,0,0,310
org.mudebug.prapr.mutators.MethodNameMutator_5,18718362,1231,0,0,1,1,1,33,69
org.mudebug.prapr.mutators.MethCallResultGuard_1,18718397,7507,0,0,0,0,0,0,479
org.mudebug.prapr.mutators.FieldNameMutator_1,18718399,1777,0,0,0,0,0,0,739
org.pitest.mutationtest.engine.gregor.mutators.RemoveConditionalMutator_EQUAL_ELSE,18718409,2967,0,0,0,0,0,27,606
org.mudebug.prapr.mutators.MethCallResultGuard_1,18718438,1119,0,0,0,0,0,0,1437
org.mudebug.prapr.mutators.MethodNameMutator_4,18718440,1236,1,0,1,1,1,29,522
org.mudebug.prapr.mutators.FieldNameMutator_1,18718471,7059,0,0,0,0,0,7,558
org.pitest.mutationtest.engine.gregor.mutators.NonVoidMethodCallMutator,18718480,5219,0,0,0,0,0,83,181
org.mudebug.prapr.mutators.RelationalOperatorReplacement_3,18718565,7259,0,0,0,0,0,259,823
org.mudebug.prapr.mutators.ReturningDereferenceGuardMutator_0,18718826,3416,0,0,0,0,0,0,77
org.pitest.mutationtest.engine.gregor.mutators.experimental.RemoveSwitchMutator_14,18718828,495,0,0,0,0,0,10,119
org.pitest.mutationtest.engine.gregor.mutators.NonVoidMethodCallMutator,18718840,1050,0,0,1,1,1,4574,381
org.pitest.mutationtest.engine.gregor.mutators.RemoveConditionalMutator_EQUAL_IF,18723416,244,0,0,0,0,0,0,176
org.mudebug.prapr.mutators.DereferenceGuardMutator_4,18723418,7303,0,0,0,0,0,0,158
org.mudebug.prapr.mutators.MethCallResultGuard_2,18723420,7058,0,0,0,0,0,0,337
org.mudebug.prapr.mutators.MethCallResultGuard_1,18723422,7112,0,0,0,0,0,0,1216
org.pitest.mutationtest.engine.gregor.mutators.EmptyObjectReturnValsMutator,18723424,6972,0,0,0,0,0,2294,66
org.mudebug.prapr.mutators.RelationalOperatorReplacement_0,18725720,7303,0,0,0,0,0,1939,168
org.mudebug.prapr.mutators.ArithmeticOperatorReplacement_6,18727661,4720,0,0,0,0,0,1,42
org.mudebug.prapr.mutators.MethodNameMutator_0,18727664,6988,0,0,0,0,0,0,168
org.pitest.mutationtest.engine.gregor.mutators.NegateConditionalsMutator,18727666,1564,0,0,0,0,0,184,262
org.mudebug.prapr.mutators.ArgumentListMutator_3,18727852,6705,0,0,1,1,1,62,916
org.mudebug.prapr.mutators.FieldAccessToMethodCallMutator_4,18727916,6698,0,0,0,1,1,176,859
org.mudebug.prapr.mutators.MethCallResultGuard_1,18728094,7501,0,0,0,0,0,0,423
org.mudebug.prapr.mutators.MethCallResultGuard_2,18728108,1053,0,0,0,0,0,2147,434
org.pitest.mutationtest.engine.gregor.mutators.RemoveConditionalMutator_EQUAL_ELSE,18730257,7383,0,0,0,0,0,2,456
org.pitest.mutationtest.engine.gregor.mutators.experimental.RemoveSwitchMutator_0,18730261,3636,0,0,0,0,0,5,1649
org.mudebug.prapr.mutators.ArgumentListMutator_0,18730268,5213,0,0,0,0,0,0,90
org.mudebug.prapr.mutators.LocalNameMutator_0,18730270,6743,0,0,1,1,1,2917,1868
org.mudebug.prapr.mutators.NonVoidMethodCallGuardMutator_0,18733189,7379,0,0,0,0,0,0,390
org.mudebug.prapr.mutators.LocalToFieldAccessMutator_0,18733195,6743,0,0,1,1,1,2912,1870
org.mudebug.prapr.mutators.FieldAccessToMethodCallMutator_4,18736109,6742,0,0,1,1,1,2939,1852
org.pitest.mutationtest.engine.gregor.mutators.ReturnValsMutator,18739050,3558,0,0,1,1,1,38,114
org.mudebug.prapr.mutators.LocalNameMutator_0,18739090,6706,0,0,0,0,0,0,1029
org.mudebug.prapr.mutators.RelationalOperatorReplacement_1,18739092,7215,0,0,0,0,0,0,133
org.mudebug.prapr.mutators.FieldAccessToMethodCallMutator_2,18739094,1777,0,0,0,0,0,0,641
org.mudebug.prapr.mutators.MethodNameMutator_8,18739096,1245,0,0,1,1,1,13,718
org.pitest.mutationtest.engine.gregor.mutators.experimental.RemoveSwitchMutator_1,18739111,1245,0,0,0,0,0,1,675
org.pitest.mutationtest.engine.gregor.mutators.ReturnValsMutator,18739114,1313,0,0,0,0,0,5,86
org.mudebug.prapr.mutators.LocalNameMutator_0,18739121,1246,0,0,0,0,0,1,826
org.pitest.mutationtest.engine.gregor.mutators.NegateConditionalsMutator,18739124,5358,0,0,1,1,1,364,718
org.mudebug.prapr.mutators.MethodNameMutator_2,18739490,1245,0,0,0,0,0,10,675
org.mudebug.prapr.mutators.RelationalOperatorReplacement_3,18739502,7302,0,0,0,0,0,14,134
org.pitest.mutationtest.engine.gregor.mutators.InlineConstantMutator,18739518,3902,0,0,0,0,0,0,49
org.mudebug.prapr.mutators.DereferenceGuardMutator_0,18739520,1313,0,0,0,0,0,0,84
org.pitest.mutationtest.engine.gregor.mutators.ConstructorCallMutator,18739522,7108,0,0,1,1,1,5538,1152
org.mudebug.prapr.mutators.MethodNameMutator_5,18745062,6931,0,0,0,0,0,456,852
org.pitest.mutationtest.engine.gregor.mutators.NegateConditionalsMutator,18745520,3675,0,0,0,0,0,0,2359
org.mudebug.prapr.mutators.ReturningDereferenceGuardMutator_2,18745522,5358,0,0,0,0,0,0,741
org.mudebug.prapr.mutators.RelationalOperatorReplacement_3,18745524,7365,0,0,0,0,0,1,229
org.mudebug.prapr.mutators.LocalNameMutator_0,18745527,328,0,0,1,1,1,2678,280
org.pitest.mutationtest.engine.gregor.mutators.VoidMethodCallMutator,18748207,348,0,0,1,1,1,431,558
org.pitest.mutationtest.engine.gregor.mutators.ReturnValsMutator,18748640,6715,0,0,0,0,0,75,1176
org.mudebug.prapr.mutators.NonVoidMethodCallGuardMutator_0,18748717,1053,0,0,0,0,0,0,440
org.mudebug.prapr.mutators.NonVoidMethodCallGuardMutator_0,18748719,3587,0,0,0,0,0,0,1015
org.mudebug.prapr.mutators.FieldAccessToMethodCallMutator_0,18748721,7241,0,0,0,0,0,0,432
org.mudebug.prapr.mutators.LocalNameMutator_0,18748723,5376,0,0,0,0,0,6,1052
org.mudebug.prapr.mutators.FieldAccessToMethodCallMutator_0,18748731,6698,0,0,0,1,1,181,859
org.mudebug.prapr.mutators.MethodNameMutator_5,18748914,5375,0,0,1,1,1,263,1033
org.mudebug.prapr.mutators.FieldNameMutator_1,18749179,7058,0,0,1,1,1,5538,314
org.mudebug.prapr.mutators.ArgumentListMutator_4,18754719,5363,0,0,0,0,0,0,828
org.mudebug.prapr.mutators.FieldToLocalAccessMutator_0,18754721,6697,0,0,1,1,1,27,849
org.mudebug.prapr.mutators.FieldNameMutator_4,18754750,1777,0,0,0,0,0,0,715
org.mudebug.prapr.mutators.RelationalOperatorReplacement_1,18754752,7302,0,0,0,0,0,1979,110
org.mudebug.prapr.mutators.ReturningDereferenceGuardMutator_4,18756733,6674,0,0,0,0,0,0,564
org.mudebug.prapr.mutators.FieldNameMutator_0,18756735,1777,0,0,0,0,0,2276,752
org.mudebug.prapr.mutators.RelationalOperatorReplacement_0,18759013,329,0,0,0,0,0,0,296
org.mudebug.prapr.mutators.ArgumentListMutator_1,18759015,5356,0,0,1,1,1,1074,425
org.mudebug.prapr.mutators.RelationalOperatorReplacement_2,18760091,7302,0,0,0,0,0,0,117
org.mudebug.prapr.mutators.RelationalOperatorReplacement_2,18760093,7303,0,0,0,0,0,1964,160
org.mudebug.prapr.mutators.RelationalOperatorReplacement_0,18762059,7303,0,0,0,0,0,1962,170
org.pitest.mutationtest.engine.gregor.mutators.experimental.MemberVariableMutator,18764030,543,0,0,0,0,0,7,90
org.mudebug.prapr.mutators.RelationalOperatorReplacement_3,18764042,5356,0,0,0,0,0,0,344
org.pitest.mutationtest.engine.gregor.mutators.NonVoidMethodCallMutator,18764044,6712,0,0,0,1,1,108,1137
org.mudebug.prapr.mutators.MethodNameMutator_0,18764154,2967,0,0,0,0,0,0,596
org.mudebug.prapr.mutators.MethCallResultGuard_2,18764156,1040,0,0,0,0,0,0,209
org.pitest.mutationtest.engine.gregor.mutators.NegateConditionalsMutator,18764158,7358,0,0,0,0,0,290,153
org.mudebug.prapr.mutators.ArgumentListMutator_3,18764450,7305,0,0,1,1,1,5538,208
org.mudebug.prapr.mutators.FieldAccessToMethodCallMutator_4,18769990,6652,0,0,1,1,1,5084,401
org.mudebug.prapr.mutators.LocalNameMutator_2,18775076,1234,0,0,1,1,1,25,274
org.mudebug.prapr.mutators.ArgumentListMutator_0,18775103,557,0,0,1,1,1,3433,1190
org.mudebug.prapr.mutators.LocalNameMutator_0,18778538,3651,0,0,0,0,0,7,1955
org.mudebug.prapr.mutators.FieldNameMutator_5,18778547,7058,0,0,0,0,0,71,515
org.pitest.mutationtest.engine.gregor.mutators.RemoveConditionalMutator_EQUAL_IF,18778620,1248,0,0,0,0,0,0,867
org.mudebug.prapr.mutators.MethCallResultGuard_1,18778622,5376,0,0,0,0,0,0,1045
org.mudebug.prapr.mutators.LocalToFieldAccessMutator_1,18778624,6704,0,0,1,1,1,49,908
org.mudebug.prapr.mutators.LocalToFieldAccessMutator_0,18778675,7379,0,0,0,0,0,2012,391
org.pitest.mutationtest.engine.gregor.mutators.InlineConstantMutator,18780689,6737,0,0,0,0,0,0,1782
org.mudebug.prapr.mutators.MethCallResultGuard_1,18780691,348,0,0,0,0,0,0,557
org.mudebug.prapr.mutators.NonVoidMethodCallGuardMutator_0,18780693,1041,0,0,0,0,0,0,219
org.mudebug.prapr.mutators.FieldAccessToMethodCallMutator_3,18780695,6728,0,0,0,1,1,2808,1407
org.mudebug.prapr.mutators.MethCallResultGuard_0,18783505,1086,0,0,0,0,0,5,871
org.mudebug.prapr.mutators.FieldAccessToMethodCallMutator_3,18783512,1777,0,0,0,0,0,0,633
org.mudebug.prapr.mutators.MethodNameMutator_3,18783514,1236,1,0,0,1,1,15,520
org.mudebug.prapr.mutators.MethodNameMutator_3,18783531,5358,0,0,0,0,0,0,759
org.mudebug.prapr.mutators.MethodNameMutator_7,18783533,3564,0,0,0,1,1,62,364
org.mudebug.prapr.mutators.RelationalOperatorReplacement_1,18783597,6987,0,0,0,0,0,0,154
org.mudebug.prapr.mutators.DereferenceGuardMutator_3,18783599,1047,0,0,0,0,0,0,339
org.mudebug.prapr.mutators.ArgumentListMutator_3,18783601,6687,0,0,0,0,0,0,756
org.pitest.mutationtest.engine.gregor.mutators.experimental.RemoveSwitchMutator_82,18783603,495,0,0,0,0,0,5,119
org.mudebug.prapr.mutators.FieldNameMutator_4,18783610,7058,0,0,0,0,0,2250,290
org.mudebug.prapr.mutators.DereferenceGuardMutator_0,18785862,7257,0,0,0,0,0,0,811
org.pitest.mutationtest.engine.gregor.mutators.MathMutator,18785864,347,0,0,0,0,0,79,520
org.mudebug.prapr.mutators.ReturningDereferenceGuardMutator_2,18785945,546,0,0,0,0,0,0,148
org.mudebug.prapr.mutators.NonVoidMethodCallGuardMutator_0,18785950,7059,0,0,0,0,0,0,553
org.mudebug.prapr.mutators.FieldNameMutator_2,18785952,1777,0,0,0,0,0,0,728
org.mudebug.prapr.mutators.FieldNameMutator_1,18785954,7059,0,0,0,0,0,2,552
org.pitest.mutationtest.engine.gregor.mutators.RemoveConditionalMutator_EQUAL_IF,18785958,5356,0,0,0,0,0,0,364
org.mudebug.prapr.mutators.FieldAccessToMethodCallMutator_1,18785960,6706,0,0,0,0,0,2,933
org.pitest.mutationtest.engine.gregor.mutators.experimental.MemberVariableMutator,18785964,1777,0,0,0,0,0,0,634
org.mudebug.prapr.mutators.FieldNameMutator_0,18785966,7058,0,0,1,1,1,5538,250
org.mudebug.prapr.mutators.LocalToFieldAccessMutator_0,18791506,6175,0,0,0,0,0,0,558
org.mudebug.prapr.mutators.MethodNameMutator_3,18791508,3664,0,0,1,1,1,276,2189
org.pitest.mutationtest.engine.gregor.mutators.RemoveConditionalMutator_EQUAL_ELSE,18791786,7255,0,0,0,0,0,35,757
org.mudebug.prapr.mutators.ArgumentListMutator_4,18791823,4157,0,0,1,1,1,4577,93
org.pitest.mutationtest.engine.gregor.mutators.experimental.RemoveSwitchMutator_6,18796402,3558,0,0,0,0,0,5,109
org.mudebug.prapr.mutators.MethCallResultGuard_0,18796409,347,0,0,1,1,1,1986,504
org.mudebug.prapr.mutators.MethCallResultGuard_0,18798397,7059,0,0,0,0,0,0,551
org.mudebug.prapr.mutators.LocalToFieldAccessMutator_2,18798399,6683,0,0,1,1,1,945,682
org.mudebug.prapr.mutators.LocalNameMutator_2,18799346,7058,0,0,0,0,0,2252,433
org.mudebug.prapr.mutators.MethodNameMutator_3,18801600,6973,0,0,0,0,0,82,71
org.mudebug.prapr.mutators.FieldNameMutator_1,18801684,1106,0,0,1,1,1,2974,1196
org.mudebug.prapr.mutators.MethodNameMutator_2,18804660,241,0,0,0,0,0,2,142
org.pitest.mutationtest.engine.gregor.mutators.InlineConstantMutator,18804664,1777,0,0,0,0,0,9,703
org.mudebug.prapr.mutators.ReturningDereferenceGuardMutator_3,18804675,4257,0,0,0,0,0,0,409
org.pitest.mutationtest.engine.gregor.mutators.NullReturnValsMutator,18804677,6671,0,0,1,1,1,5487,548
org.pitest.mutationtest.engine.gregor.mutators.RemoveConditionalMutator_EQUAL_ELSE,18810166,5356,0,0,1,1,1,1491,88
org.mudebug.prapr.mutators.DereferenceGuardMutator_0,18811659,328,0,0,0,0,0,23,278
org.pitest.mutationtest.engine.gregor.mutators.InlineConstantMutator,18811684,5362,0,0,0,0,0,1,816
org.mudebug.prapr.mutators.NonVoidMethodCallGuardMutator_0,18811687,6725,0,0,0,0,0,0,1369
org.mudebug.prapr.mutators.ArgumentListMutator_0,18811689,5356,0,0,0,0,0,0,425
org.mudebug.prapr.mutators.MethodNameMutator_1,18811691,5356,0,0,0,0,0,0,181
org.mudebug.prapr.mutators.VoidMethodCallGuardMutator,18811693,7057,0,0,0,0,0,5,228
org.pitest.mutationtest.engine.gregor.mutators.NegateConditionalsMutator,18811700,547,0,0,1,1,1,270,160
org.mudebug.prapr.mutators.DereferenceGuardMutator_3,18811972,1041,0,0,0,0,0,0,219
org.pitest.mutationtest.engine.gregor.mutators.NegateConditionalsMutator,18811974,6710,0,0,0,0,0,8,1063
org.mudebug.prapr.mutators.MethCallResultGuard_2,18811984,7342,0,0,0,0,0,0,92
org.pitest.mutationtest.engine.gregor.mutators.ArgumentPropagationMutator,18811986,3711,0,0,0,0,0,0,72
org.mudebug.prapr.mutators.FieldAccessToMethodCallMutator_0,18811988,6678,0,0,1,1,1,5951,610
org.mudebug.prapr.mutators.NonVoidMethodCallGuardMutator_0,18817944,3675,0,0,0,0,0,0,2364
org.mudebug.prapr.mutators.NonVoidMethodCallGuardMutator_0,18817946,5376,0,0,0,0,0,0,1045
org.mudebug.prapr.mutators.ReturningDereferenceGuardMutator_0,18817948,7302,0,0,0,0,0,0,110
org.mudebug.prapr.mutators.ReturningDereferenceGuardMutator_2,18817950,4410,0,0,0,0,0,0,445
org.mudebug.prapr.mutators.ArithmeticOperatorReplacement_7,18817952,6710,0,0,0,0,0,8,1071
org.pitest.mutationtest.engine.gregor.mutators.RemoveConditionalMutator_EQUAL_IF,18817962,6987,0,0,1,1,1,5538,154
org.mudebug.prapr.mutators.MethCallResultGuard_1,18823502,1234,0,0,0,0,0,0,302
org.mudebug.prapr.mutators.FieldNameMutator_0,18823504,7058,0,0,1,1,1,5538,389
org.mudebug.prapr.mutators.FieldNameMutator_1,18829044,1053,0,0,1,1,1,4574,439
org.mudebug.prapr.mutators.FieldNameMutator_1,18833623,7302,0,0,0,0,0,11,105
org.mudebug.prapr.mutators.LocalToFieldAccessMutator_3,18833636,1049,0,0,0,0,0,5,366
org.mudebug.prapr.mutators.MethodNameMutator_2,18833643,5214,0,0,0,0,0,28,112
org.pitest.mutationtest.engine.gregor.mutators.BooleanTrueReturnValsMutator,18833673,6973,0,0,0,0,0,4,71
org.mudebug.prapr.mutators.LocalNameMutator_0,18833687,6684,0,0,0,0,0,256,695
org.mudebug.prapr.mutators.MethCallResultGuard_0,18833945,7058,0,0,0,0,0,0,522
org.pitest.mutationtest.engine.gregor.mutators.RemoveConditionalMutator_EQUAL_ELSE,18833947,3558,0,0,0,1,1,29,114
org.mudebug.prapr.mutators.LocalToFieldAccessMutator_1,18833978,6706,0,0,1,1,1,49,964
org.mudebug.prapr.mutators.DereferenceGuardMutator_4,18834029,6723,0,0,0,0,0,0,1346
org.mudebug.prapr.mutators.NonVoidMethodCallGuardMutator_0,18834031,1560,0,0,0,0,0,0,189
org.mudebug.prapr.mutators.ArgumentListMutator_4,18834033,5356,0,0,0,0,0,0,88
org.mudebug.prapr.mutators.MethCallResultGuard_0,18834035,5195,0,0,0,0,0,0,102
org.mudebug.prapr.mutators.FieldNameMutator_0,18839103,6721,0,0,0,1,1,302,1331
org.mudebug.prapr.mutators.ArithmeticOperatorReplacement_8,18839407,6710,0,0,0,0,0,8,1071
org.mudebug.prapr.mutators.MethodNameMutator_0,18839427,5356,0,0,1,1,1,963,499
org.mudebug.prapr.mutators.MethCallResultGuard_0,18840392,7556,0,0,0,0,0,0,70
org.mudebug.prapr.mutators.FieldNameMutator_2,18840394,1777,0,0,0,0,0,0,82
org.mudebug.prapr.mutators.ReturningDereferenceGuardMutator_0,18840396,2306,0,0,0,0,0,5,41
org.mudebug.prapr.mutators.ArgumentListMutator_1,18840403,245,0,0,0,0,0,0,197
org.mudebug.prapr.mutators.MethodNameMutator_1,18840405,551,0,0,0,0,0,0,212
org.mudebug.prapr.mutators.ArgumentListMutator_4,18840407,1777,0,0,1,1,1,5292,83
org.pitest.mutationtest.engine.gregor.mutators.RemoveConditionalMutator_EQUAL_IF,18845701,5375,0,0,1,1,1,337,1033
org.mudebug.prapr.mutators.ReturningDereferenceGuardMutator_0,18846040,2459,0,0,0,0,0,5,60
org.mudebug.prapr.mutators.FieldAccessToMethodCallMutator_0,18846047,6678,0,0,1,1,1,5445,603
org.mudebug.prapr.mutators.FieldAccessToMethodCallMutator_0,18851494,7304,0,0,0,0,0,0,188
org.mudebug.prapr.mutators.FieldAccessToMethodCallMutator_1,18851496,1777,0,0,0,0,0,0,695
org.mudebug.prapr.mutators.LocalToFieldAccessMutator_0,18851498,6728,0,0,1,1,1,2825,1407
org.mudebug.prapr.mutators.ArgumentListMutator_0,18854325,2459,0,0,1,1,1,5269,60
org.mudebug.prapr.mutators.ReturningDereferenceGuardMutator_3,18859596,1119,0,0,0,0,0,0,1435
org.pitest.mutationtest.engine.gregor.mutators.experimental.MemberVariableMutator,18859598,1777,0,0,0,0,0,0,682
org.mudebug.prapr.mutators.FieldNameMutator_0,18859600,5212,0,0,0,0,0,0,53
org.mudebug.prapr.mutators.RelationalOperatorReplacement_1,18859602,1562,0,0,0,0,0,1,217
org.pitest.mutationtest.engine.gregor.mutators.NonVoidMethodCallMutator,18859605,4411,0,0,0,0,0,28,476
org.mudebug.prapr.mutators.ReturningDereferenceGuardMutator_4,18859635,1133,0,0,0,0,0,5,1633
org.mudebug.prapr.mutators.LocalToFieldAccessMutator_2,18859642,6649,0,0,0,1,1,2,175
org.mudebug.prapr.mutators.FieldAccessToMethodCallMutator_2,18859646,6712,0,0,0,1,1,115,1137
org.mudebug.prapr.mutators.MethodNameMutator_1,18859763,1135,0,0,0,0,0,10,1644
org.mudebug.prapr.mutators.LocalNameMutator_0,18859778,5356,0,0,0,0,0,0,344
org.mudebug.prapr.mutators.MethodNameMutator_8,18859780,1564,0,0,0,0,0,29,262
org.pitest.mutationtest.engine.gregor.mutators.experimental.MemberVariableMutator,18859811,1777,0,0,0,0,0,24,743
org.pitest.mutationtest.engine.gregor.mutators.BooleanTrueReturnValsMutator,18859837,7351,0,0,0,0,0,558,54
org.mudebug.prapr.mutators.LocalToFieldAccessMutator_2,18860397,6687,0,0,1,1,1,5365,759
org.mudebug.prapr.mutators.NonVoidMethodCallGuardMutator_0,18865764,495,0,0,0,0,0,0,255
org.pitest.mutationtest.engine.gregor.mutators.InlineConstantMutator,18865766,7108,0,0,0,0,0,1634,1154
org.mudebug.prapr.mutators.FieldNameMutator_2,18867402,3711,0,0,0,0,0,1,72
org.mudebug.prapr.mutators.LocalToFieldAccessMutator_0,18867405,7383,0,0,1,1,1,5538,457
org.mudebug.prapr.mutators.ArgumentListMutator_2,18872945,7058,0,0,1,1,1,5538,470
org.pitest.mutationtest.engine.gregor.mutators.RemoveConditionalMutator_EQUAL_ELSE,18878485,1050,0,0,0,0,0,2,381
org.pitest.mutationtest.engine.gregor.mutators.NegateConditionalsMutator,18878489,329,0,0,1,1,1,1400,298
org.mudebug.prapr.mutators.RelationalOperatorReplacement_2,18879891,551,0,0,0,0,0,5,217
org.pitest.mutationtest.engine.gregor.mutators.experimental.RemoveSwitchMutator_65,18879898,495,0,0,0,0,0,5,119
org.mudebug.prapr.mutators.DereferenceGuardMutator_3,18879905,4627,0,0,0,0,0,0,94
org.pitest.mutationtest.engine.gregor.mutators.experimental.RemoveSwitchMutator_54,18879907,3584,0,0,0,0,0,0,901
org.pitest.mutationtest.engine.gregor.mutators.NegateConditionalsMutator,18879909,6713,0,0,0,1,1,2704,1147
org.mudebug.prapr.mutators.MethodNameMutator_0,18882615,334,0,0,0,0,0,0,382
org.mudebug.prapr.mutators.MethodNameMutator_3,18882617,7257,0,0,1,1,1,5538,810
org.pitest.mutationtest.engine.gregor.mutators.InlineConstantMutator,18888157,1777,0,0,0,0,0,1,708
org.mudebug.prapr.mutators.ArgumentListMutator_4,18888160,7131,0,0,1,1,1,5538,71
org.mudebug.prapr.mutators.ArgumentListMutator_0,18893700,5212,0,0,0,0,0,0,60
org.mudebug.prapr.mutators.LocalNameMutator_1,18893702,7058,0,0,0,0,0,2251,417
org.mudebug.prapr.mutators.MethodNameMutator_3,18895955,5375,0,0,0,1,1,9,1033
org.mudebug.prapr.mutators.ArgumentListMutator_2,18895966,1037,0,0,1,1,1,5257,183
org.mudebug.prapr.mutators.ReturningDereferenceGuardMutator_0,18901225,6975,0,0,0,0,0,0,81
org.pitest.mutationtest.engine.gregor.mutators.NonVoidMethodCallMutator,18901227,495,0,0,1,1,1,2371,247
org.mudebug.prapr.mutators.VoidMethodCallGuardMutator,18903600,7058,0,0,0,0,0,0,405
org.mudebug.prapr.mutators.MethodNameMutator_5,18903602,7241,0,0,0,0,0,0,435
org.mudebug.prapr.mutators.NonVoidMethodCallGuardMutator_0,18903604,557,0,0,0,0,0,23,1190
org.mudebug.prapr.mutators.ArithmeticOperatorReplacement_6,18903629,553,0,0,0,0,0,40,267
org.mudebug.prapr.mutators.NonVoidMethodCallGuardMutator_0,18903671,7058,0,0,0,0,0,0,317
org.pitest.mutationtest.engine.gregor.mutators.experimental.RemoveSwitchMutator_14,18903673,6415,0,0,0,0,0,0,273
org.mudebug.prapr.mutators.MethCallResultGuard_1,18903675,359,0,0,0,0,0,0,674
org.mudebug.prapr.mutators.ArithmeticOperatorReplacement_3,18903677,553,0,0,0,0,0,34,267
org.pitest.mutationtest.engine.gregor.mutators.experimental.MemberVariableMutator,18903713,6743,0,0,0,0,0,1096,1869
org.pitest.mutationtest.engine.gregor.mutators.experimental.MemberVariableMutator,18904811,4152,0,0,0,0,0,18,63
org.pitest.mutationtest.engine.gregor.mutators.InlineConstantMutator,18904831,7058,0,0,1,1,1,5538,425
org.pitest.mutationtest.engine.gregor.mutators.ConstructorCallMutator,18910371,7241,0,0,0,0,0,27,435
org.mudebug.prapr.mutators.ArithmeticOperatorDeletion_0,18910400,6713,0,0,0,1,1,105,1152
org.mudebug.prapr.mutators.MethCallResultGuard_1,18910507,1049,0,0,0,0,0,0,368
org.mudebug.prapr.mutators.RelationalOperatorReplacement_2,18910509,6931,0,0,0,0,0,827,852
org.mudebug.prapr.mutators.LocalNameMutator_0,18911338,4411,0,0,0,0,0,2501,484
org.mudebug.prapr.mutators.ReturningDereferenceGuardMutator_0,18913841,1082,0,0,0,0,0,5,834
org.mudebug.prapr.mutators.LocalToFieldAccessMutator_3,18913848,6732,0,0,1,1,1,2706,1618
org.pitest.mutationtest.engine.gregor.mutators.RemoveConditionalMutator_EQUAL_ELSE,18916556,6721,0,0,0,1,1,586,1331
org.mudebug.prapr.mutators.FieldNameMutator_4,18917144,7058,0,0,1,1,1,5538,422
org.mudebug.prapr.mutators.FieldAccessToMethodCallMutator_1,18922684,6743,0,0,0,0,0,0,1873
org.mudebug.prapr.mutators.FieldAccessToMethodCallMutator_1,18922686,1777,0,0,0,0,0,0,718
org.mudebug.prapr.mutators.ArgumentListMutator_4,18922691,1082,0,0,0,0,0,0,834
org.pitest.mutationtest.engine.gregor.mutators.NegateConditionalsMutator,18922693,546,0,0,0,0,0,11,149
org.mudebug.prapr.mutators.FieldNameMutator_1,18922706,6678,0,0,1,1,1,4676,605
org.mudebug.prapr.mutators.LocalNameMutator_0,18927384,7199,0,0,0,0,0,5,84
org.pitest.mutationtest.engine.gregor.mutators.NegateConditionalsMutator,18927391,7303,0,0,0,0,0,1964,160
org.pitest.mutationtest.engine.gregor.mutators.ConstructorCallMutator,18929357,7058,0,0,1,1,1,5538,402
org.mudebug.prapr.mutators.LocalToFieldAccessMutator_2,18934897,6726,0,0,0,0,0,1332,1383
org.mudebug.prapr.mutators.VoidMethodCallGuardMutator,18936231,551,0,0,0,0,0,0,222
org.mudebug.prapr.mutators.FieldNameMutator_0,18936233,1777,0,0,0,0,0,0,664
org.mudebug.prapr.mutators.MethodNameMutator_1,18936235,7204,0,0,0,0,0,14,134
org.mudebug.prapr.mutators.DereferenceGuardMutator_4,18936251,6721,0,0,0,0,0,1,1331
org.pitest.mutationtest.engine.gregor.mutators.experimental.RemoveSwitchMutator_95,18936254,5356,0,0,0,0,0,0,117
org.pitest.mutationtest.engine.gregor.mutators.RemoveConditionalMutator_EQUAL_IF,18936256,6727,0,0,0,0,0,0,1393
org.mudebug.prapr.mutators.LocalNameMutator_0,18936258,7207,0,0,0,0,0,0,198
org.pitest.mutationtest.engine.gregor.mutators.experimental.RemoveSwitchMutator_51,18936260,6649,0,0,0,0,0,0,175
org.pitest.mutationtest.engine.gregor.mutators.experimental.RemoveSwitchMutator_22,18936262,6415,0,0,0,0,0,0,273
org.mudebug.prapr.mutators.ReturningDereferenceGuardMutator_3,18936266,6699,0,0,0,0,0,0,863
org.mudebug.prapr.mutators.FieldNameMutator_5,18936272,7209,0,0,0,0,0,9,51
org.mudebug.prapr.mutators.MethCallResultGuard_1,18936283,334,0,0,0,0,0,0,382
org.mudebug.prapr.mutators.FieldNameMutator_5,18936285,1777,0,0,0,0,0,0,748
org.mudebug.prapr.mutators.ArgumentListMutator_5,18936287,7305,0,0,1,1,1,5538,208
org.pitest.mutationtest.engine.gregor.mutators.NullReturnValsMutator,18941827,350,0,0,1,1,1,1082,584
org.mudebug.prapr.mutators.LocalNameMutator_1,18942911,7058,0,0,0,0,0,96,281
org.pitest.mutationtest.engine.gregor.mutators.experimental.RemoveSwitchMutator_80,18943009,3636,0,0,0,0,0,5,1649
org.mudebug.prapr.mutators.LocalToFieldAccessMutator_2,18943016,6728,0,0,0,1,1,2811,1407
org.mudebug.prapr.mutators.LocalToFieldAccessMutator_1,18945829,6684,0,0,0,0,0,469,704
org.mudebug.prapr.mutators.MethCallResultGuard_2,18946300,328,0,0,0,0,0,23,278
org.mudebug.prapr.mutators.ArgumentListMutator_4,18946325,7052,0,0,0,0,0,5,132
org.mudebug.prapr.mutators.LocalToFieldAccessMutator_3,18946332,6728,0,0,0,1,1,2801,1420
org.pitest.mutationtest.engine.gregor.mutators.experimental.RemoveSwitchMutator_9,18949135,6415,0,0,0,0,0,0,273
org.pitest.mutationtest.engine.gregor.mutators.InlineConstantMutator,18949137,6652,0,0,1,1,1,5084,391
org.mudebug.prapr.mutators.NonVoidMethodCallGuardMutator_0,18954223,242,0,0,0,0,0,0,150
org.pitest.mutationtest.engine.gregor.mutators.IncrementsMutator,18954225,7108,0,0,1,1,1,5538,1154
org.mudebug.prapr.mutators.MethodNameMutator_1,18959765,7063,0,0,1,1,1,5538,606
org.mudebug.prapr.mutators.FieldNameMutator_1,18965305,6723,0,0,1,1,1,4820,1346
org.mudebug.prapr.mutators.MethodNameMutator_7,18970127,7259,0,0,1,1,1,5543,823
org.mudebug.prapr.mutators.FieldAccessToMethodCallMutator_1,18975672,6678,0,0,1,1,1,5985,607
org.mudebug.prapr.mutators.FieldNameMutator_0,18981659,6176,0,0,0,0,0,5,571
org.pitest.mutationtest.engine.gregor.mutators.experimental.RemoveSwitchMutator_13,18981666,3636,0,0,0,0,0,17,1649
org.mudebug.prapr.mutators.LocalToFieldAccessMutator_1,18981685,6713,0,0,0,1,1,112,1152
org.pitest.mutationtest.engine.gregor.mutators.NegateConditionalsMutator,18981799,3558,0,0,0,1,1,49,128
org.pitest.mutationtest.engine.gregor.mutators.RemoveConditionalMutator_EQUAL_IF,18981853,6711,0,0,0,0,0,13,1130
org.mudebug.prapr.mutators.MethodNameMutator_6,18981868,6986,0,0,0,0,0,46,145
org.mudebug.prapr.mutators.FieldNameMutator_0,18981916,1106,0,0,0,0,0,0,1070
org.mudebug.prapr.mutators.FieldNameMutator_3,18981918,7058,0,0,0,0,0,2257,345
org.mudebug.prapr.mutators.MethCallResultGuard_0,18984177,1246,0,0,0,0,0,0,818
org.mudebug.prapr.mutators.FieldAccessToMethodCallMutator_4,18984179,1777,0,0,0,0,0,0,669
org.pitest.mutationtest.engine.gregor.mutators.ConstructorCallMutator,18984181,5192,0,0,1,1,1,5162,82
org.mudebug.prapr.mutators.MethCallResultGuard_1,18989345,7107,0,0,0,0,0,0,1138
org.mudebug.prapr.mutators.FieldAccessToMethodCallMutator_0,18989347,5209,0,0,0,0,0,0,288
org.mudebug.prapr.mutators.ArgumentListMutator_3,18989349,5209,0,0,0,0,0,0,288
org.pitest.mutationtest.engine.gregor.mutators.RemoveConditionalMutator_EQUAL_IF,18989351,5357,0,0,0,0,0,68,703
org.pitest.mutationtest.engine.gregor.mutators.InlineConstantMutator,18989426,7058,0,0,1,1,1,5538,458
org.mudebug.prapr.mutators.ArgumentListMutator_0,18994966,7058,0,0,0,0,0,1,488
org.mudebug.prapr.mutators.ReturningDereferenceGuardMutator_1,18994969,7365,0,0,0,0,0,0,232
org.pitest.mutationtest.engine.gregor.mutators.RemoveConditionalMutator_EQUAL_IF,18994971,7382,0,0,1,1,1,5538,422
org.mudebug.prapr.mutators.FieldNameMutator_3,19000511,1777,0,0,0,0,0,0,82
org.mudebug.prapr.mutators.ReturningDereferenceGuardMutator_1,19000513,6689,0,0,0,0,0,0,783
org.mudebug.prapr.mutators.LocalToFieldAccessMutator_0,19000515,3563,0,0,0,0,0,5,307
org.mudebug.prapr.mutators.FieldAccessToMethodCallMutator_0,19000522,1314,0,0,1,1,1,212,93
org.mudebug.prapr.mutators.FieldNameMutator_2,19000736,7059,0,0,0,0,0,1710,550
org.mudebug.prapr.mutators.MethodNameMutator_0,19002448,7058,0,0,0,0,0,0,429
org.mudebug.prapr.mutators.MethCallResultGuard_0,19002450,6972,0,0,0,0,0,0,66
org.mudebug.prapr.mutators.RelationalOperatorReplacement_0,19002452,6931,0,0,0,0,0,780,852
org.mudebug.prapr.mutators.ArgumentListMutator_3,19003234,6652,0,0,0,0,0,0,393
org.mudebug.prapr.mutators.LocalNameMutator_2,19003236,7058,0,0,0,0,0,2,534
org.mudebug.prapr.mutators.RelationalOperatorReplacement_1,19003240,5212,0,0,0,0,0,0,65
org.mudebug.prapr.mutators.FieldNameMutator_2,19003242,6743,0,0,0,0,0,1634,1873
org.mudebug.prapr.mutators.ArgumentListMutator_0,19004878,4411,0,0,1,1,1,4269,485
org.mudebug.prapr.mutators.NonVoidMethodCallGuardMutator_0,19009149,5376,0,0,0,0,0,0,1045
org.mudebug.prapr.mutators.DereferenceGuardMutator_0,19009151,6718,0,0,0,0,0,5,1267
org.mudebug.prapr.mutators.LocalToFieldAccessMutator_0,19009158,6674,0,0,1,1,1,1029,560
org.mudebug.prapr.mutators.LocalToFieldAccessMutator_2,19010189,6696,0,0,1,1,1,5626,837
org.mudebug.prapr.mutators.ArithmeticOperatorDeletion_1,19015817,4257,0,0,0,0,0,26,409
org.mudebug.prapr.mutators.FieldToLocalAccessMutator_1,19015845,6651,0,0,1,1,1,4611,381
org.mudebug.prapr.mutators.ArgumentListMutator_5,19020458,7058,0,0,0,0,0,0,412
org.mudebug.prapr.mutators.MethodNameMutator_8,19020460,247,0,0,1,1,1,4269,239
org.mudebug.prapr.mutators.LocalNameMutator_1,19024731,4411,0,0,0,0,0,5,476
org.mudebug.prapr.mutators.RelationalOperatorReplacement_2,19024738,5362,0,0,0,0,0,2,816
org.pitest.mutationtest.engine.gregor.mutators.experimental.RemoveSwitchMutator_72,19024742,555,0,0,0,0,0,0,872
org.mudebug.prapr.mutators.FieldNameMutator_5,19024744,7058,0,0,1,1,1,5538,379
org.mudebug.prapr.mutators.FieldNameMutator_3,19030284,1777,0,0,0,0,0,52,658
org.mudebug.prapr.mutators.FieldNameMutator_1,19030338,1777,0,0,0,0,0,0,653
org.mudebug.prapr.mutators.MethodNameMutator_5,19030340,5356,0,0,1,1,1,193,522
org.mudebug.prapr.mutators.RelationalOperatorReplacement_2,19030535,5359,0,0,0,1,1,6,794
org.mudebug.prapr.mutators.LocalNameMutator_2,19030547,247,0,0,1,1,1,2849,251
org.mudebug.prapr.mutators.DereferenceGuardMutator_0,19033398,369,0,0,0,0,0,0,805
org.pitest.mutationtest.engine.gregor.mutators.NonVoidMethodCallMutator,19033400,159,0,0,1,1,1,3,649
org.pitest.mutationtest.engine.gregor.mutators.experimental.MemberVariableMutator,19033405,1777,0,0,0,0,0,0,651
org.mudebug.prapr.mutators.FieldNameMutator_0,19033411,1106,0,0,1,1,1,2974,1199
org.mudebug.prapr.mutators.DereferenceGuardMutator_3,19036387,557,0,0,0,0,0,0,1190
org.pitest.mutationtest.engine.gregor.mutators.BooleanTrueReturnValsMutator,19036389,5357,0,0,0,1,1,100,703
org.mudebug.prapr.mutators.LocalNameMutator_0,19036491,6652,0,0,0,0,0,5,398
org.mudebug.prapr.mutators.MethCallResultGuard_2,19036498,6744,0,0,0,1,1,733,1889
org.pitest.mutationtest.engine.gregor.mutators.experimental.MemberVariableMutator,19037233,7613,0,0,0,0,0,0,57
org.pitest.mutationtest.engine.gregor.mutators.experimental.RemoveSwitchMutator_12,19037235,6415,0,0,0,0,0,0,273
org.pitest.mutationtest.engine.gregor.mutators.ConstructorCallMutator,19037237,4392,0,0,0,0,0,4279,53
org.pitest.mutationtest.engine.gregor.mutators.RemoveConditionalMutator_EQUAL_IF,19041518,6687,0,0,0,0,0,5,756
org.mudebug.prapr.mutators.ReturningDereferenceGuardMutator_3,19041525,1106,0,0,0,0,0,5,1083
org.mudebug.prapr.mutators.LocalNameMutator_1,19041532,6652,0,0,1,1,1,4645,401
org.pitest.mutationtest.engine.gregor.mutators.ConstructorCallMutator,19046181,6689,0,0,0,1,1,151,783
org.mudebug.prapr.mutators.MethodNameMutator_1,19046334,547,0,0,0,1,1,111,160
org.mudebug.prapr.mutators.MethodNameMutator_3,19046447,3675,0,0,0,0,0,0,2356
org.mudebug.prapr.mutators.FieldAccessToMethodCallMutator_2,19046449,6706,0,0,0,1,1,28,929
org.mudebug.prapr.mutators.RelationalOperatorReplacement_3,19046479,7200,0,0,0,0,0,0,95
org.pitest.mutationtest.engine.gregor.mutators.RemoveConditionalMutator_EQUAL_ELSE,19046481,1560,0,0,0,0,0,1,189
org.mudebug.prapr.mutators.LocalToFieldAccessMutator_0,19046484,6694,0,0,1,1,1,5385,824
org.pitest.mutationtest.engine.gregor.mutators.RemoveConditionalMutator_EQUAL_IF,19051871,7198,0,0,0,0,0,1799,63
org.pitest.mutationtest.engine.gregor.mutators.experimental.RemoveSwitchMutator_5,19053672,1231,0,0,0,1,1,18,59
org.mudebug.prapr.mutators.ArgumentListMutator_1,19053692,6697,0,0,0,1,1,0,854
org.mudebug.prapr.mutators.MethodNameMutator_3,19053694,4411,0,0,1,1,1,4269,493
org.mudebug.prapr.mutators.FieldToLocalAccessMutator_1,19057965,503,0,0,0,0,0,37,68
org.mudebug.prapr.mutators.FieldNameMutator_3,19058004,1777,0,0,0,0,0,0,686
org.mudebug.prapr.mutators.FieldNameMutator_1,19058006,1777,0,0,0,0,0,0,646
org.mudebug.prapr.mutators.FieldNameMutator_1,19058008,7627,0,0,0,0,0,0,159
org.mudebug.prapr.mutators.MethCallResultGuard_0,19058013,1313,0,0,0,0,0,0,84
org.mudebug.prapr.mutators.ArgumentListMutator_4,19058015,7058,0,0,1,1,1,5538,476
org.pitest.mutationtest.engine.gregor.mutators.NegateConditionalsMutator,19063555,1143,0,0,0,0,0,8,1727
org.mudebug.prapr.mutators.MethCallResultGuard_1,19063565,1052,0,0,0,0,0,0,407
org.mudebug.prapr.mutators.RelationalOperatorReplacement_2,19063567,6931,0,0,0,0,0,1189,848
org.pitest.mutationtest.engine.gregor.mutators.experimental.MemberVariableMutator,19064758,7052,0,0,0,0,0,47,196
org.pitest.mutationtest.engine.gregor.mutators.NonVoidMethodCallMutator,19064807,370,0,0,1,1,1,3117,816
org.mudebug.prapr.mutators.ArgumentListMutator_2,19067926,547,0,0,0,1,1,137,165
org.mudebug.prapr.mutators.MethCallResultGuard_2,19068065,6725,0,0,0,0,0,0,1369
org.mudebug.prapr.mutators.NonVoidMethodCallGuardMutator_0,19068067,1052,0,0,0,0,0,0,406
org.pitest.mutationtest.engine.gregor.mutators.InlineConstantMutator,19068069,4663,0,0,0,0,0,0,39
org.mudebug.prapr.mutators.DereferenceGuardMutator_0,19068071,6652,0,0,0,0,0,0,391
org.mudebug.prapr.mutators.ReturningDereferenceGuardMutator_0,19068073,5213,0,0,0,0,0,0,89
org.mudebug.prapr.mutators.LocalToFieldAccessMutator_0,19068075,6728,0,0,0,1,1,2687,1409
org.pitest.mutationtest.engine.gregor.mutators.IncrementsMutator,19070764,6723,0,0,1,1,1,4980,1347
org.pitest.mutationtest.engine.gregor.mutators.RemoveConditionalMutator_EQUAL_IF,19075746,5356,0,0,0,0,0,63,490
org.mudebug.prapr.mutators.FieldNameMutator_5,19075811,7058,0,0,1,1,1,5226,433
org.mudebug.prapr.mutators.RelationalOperatorReplacement_1,19081039,1106,0,0,0,0,0,0,1106
org.mudebug.prapr.mutators.ArgumentListMutator_2,19081041,662,0,0,0,0,0,0,284
org.mudebug.prapr.mutators.ArgumentListMutator_2,19081043,6725,0,0,0,1,1,0,1369
org.pitest.mutationtest.engine.gregor.mutators.NonVoidMethodCallMutator,19081045,1562,0,0,0,0,0,22,213
org.pitest.mutationtest.engine.gregor.mutators.NonVoidMethodCallMutator,19081069,1234,0,0,1,1,1,33,262
org.mudebug.prapr.mutators.LocalToFieldAccessMutator_0,19081104,6683,0,0,1,1,1,2716,687
org.mudebug.prapr.mutators.MethodNameMutator_0,19083822,1311,0,0,0,1,1,142,63
org.mudebug.prapr.mutators.FieldToLocalAccessMutator_3,19083966,6728,0,0,0,1,1,2801,1420
org.mudebug.prapr.mutators.VoidMethodCallGuardMutator,19086769,7307,0,0,0,0,0,0,213
org.mudebug.prapr.mutators.FieldNameMutator_5,19086771,7058,0,0,0,0,0,2252,364
org.pitest.mutationtest.engine.gregor.mutators.ConstructorCallMutator,19089025,2967,0,0,1,1,1,2828,599
org.pitest.mutationtest.engine.gregor.mutators.RemoveConditionalMutator_ORDER_IF,19091855,5362,0,0,0,0,0,49,816
org.mudebug.prapr.mutators.ReturningDereferenceGuardMutator_4,19091906,6718,0,0,0,0,0,0,1267
org.mudebug.prapr.mutators.RelationalOperatorReplacement_1,19091908,6706,0,0,1,1,1,45,959
org.pitest.mutationtest.engine.gregor.mutators.InlineConstantMutator,19091955,353,0,0,1,1,1,5076,617
org.mudebug.prapr.mutators.FieldNameMutator_0,19097033,1777,0,0,0,0,0,24,743
org.mudebug.prapr.mutators.RelationalOperatorReplacement_1,19097059,4411,0,0,0,0,0,241,479
org.mudebug.prapr.mutators.FieldNameMutator_2,19097302,1777,0,0,0,0,0,24,690
org.pitest.mutationtest.engine.gregor.mutators.experimental.RemoveSwitchMutator_32,19097328,6415,0,0,0,0,0,1,273
org.mudebug.prapr.mutators.FieldNameMutator_0,19097331,1777,0,0,0,0,0,0,686
org.mudebug.prapr.mutators.MethodNameMutator_1,19097333,7058,0,0,0,0,0,6,284
org.pitest.mutationtest.engine.gregor.mutators.NullReturnValsMutator,19097341,1246,0,0,0,0,0,9,823
org.mudebug.prapr.mutators.NonVoidMethodCallGuardMutator_0,19097352,5356,0,0,0,0,0,0,83
org.mudebug.prapr.mutators.FieldToLocalAccessMutator_0,19097354,1106,0,0,0,0,0,10,1106
org.pitest.mutationtest.engine.gregor.mutators.ReturnValsMutator,19097366,5378,0,0,0,0,0,1,1083
org.mudebug.prapr.mutators.LocalToFieldAccessMutator_0,19097369,7202,0,0,0,0,0,2393,124
org.pitest.mutationtest.engine.gregor.mutators.NegateConditionalsMutator,19099764,5351,0,0,0,0,0,0,48
org.pitest.mutationtest.engine.gregor.mutators.RemoveConditionalMutator_EQUAL_ELSE,19099766,5358,0,0,0,1,1,9,742
org.mudebug.prapr.mutators.MethCallResultGuard_1,19099777,1245,0,0,0,0,0,0,804
org.mudebug.prapr.mutators.LocalToFieldAccessMutator_1,19099779,551,0,0,1,1,1,4299,212
org.mudebug.prapr.mutators.ArithmeticOperatorDeletion_0,19104080,2459,0,0,1,1,1,5291,62
org.mudebug.prapr.mutators.LocalToFieldAccessMutator_2,19109373,6706,0,0,1,1,1,49,964
org.mudebug.prapr.mutators.LocalNameMutator_1,19109424,6652,0,0,0,0,0,0,391
org.mudebug.prapr.mutators.LocalToFieldAccessMutator_0,19109426,6684,0,0,1,1,1,935,701
org.mudebug.prapr.mutators.LocalToFieldAccessMutator_0,19110363,1127,0,0,1,1,1,5190,1583
org.mudebug.prapr.mutators.RelationalOperatorReplacement_0,19115555,3675,0,0,0,0,0,0,2356
org.pitest.mutationtest.engine.gregor.mutators.NonVoidMethodCallMutator,19115560,1143,0,0,0,0,0,0,1727
org.mudebug.prapr.mutators.FieldNameMutator_1,19115562,1119,0,0,0,0,0,37,1435
org.mudebug.prapr.mutators.FieldAccessToMethodCallMutator_1,19115601,1777,0,0,0,0,0,0,684
org.mudebug.prapr.mutators.MethodNameMutator_0,19115603,3416,0,0,0,1,1,4448,77
org.mudebug.prapr.mutators.FieldNameMutator_3,19120053,1133,0,0,0,0,0,5,1633
org.mudebug.prapr.mutators.MethodNameMutator_3,19120060,333,0,0,0,0,0,4,364
org.mudebug.prapr.mutators.DereferenceGuardMutator_3,19120066,6176,0,0,0,0,0,0,577
org.mudebug.prapr.mutators.FieldNameMutator_0,19120068,7613,0,0,0,0,0,0,55
org.pitest.mutationtest.engine.gregor.mutators.InlineConstantMutator,19120070,6691,0,0,0,1,1,2067,800
org.mudebug.prapr.mutators.MethodNameMutator_9,19122146,7233,0,0,0,0,0,12,297
org.pitest.mutationtest.engine.gregor.mutators.NonVoidMethodCallMutator,19122160,6706,0,0,0,0,0,8,966
org.mudebug.prapr.mutators.DereferenceGuardMutator_3,19122170,6674,0,0,0,0,0,0,563
org.mudebug.prapr.mutators.ArgumentListMutator_4,19122172,355,0,0,1,1,1,2371,627
org.mudebug.prapr.mutators.NonVoidMethodCallGuardMutator_0,19124545,3489,0,0,0,0,0,0,255
org.pitest.mutationtest.engine.gregor.mutators.RemoveConditionalMutator_EQUAL_IF,19124547,247,0,0,0,0,0,0,251
org.mudebug.prapr.mutators.ArgumentListMutator_3,19124549,1313,0,0,0,0,0,0,83
org.mudebug.prapr.mutators.MethodNameMutator_1,19124551,551,0,0,1,1,1,4299,214
org.pitest.mutationtest.engine.gregor.mutators.NonVoidMethodCallMutator,19128852,3563,0,0,0,0,0,11,304
org.mudebug.prapr.mutators.FieldNameMutator_0,19128865,7209,0,0,0,0,0,14,51
org.mudebug.prapr.mutators.FieldNameMutator_2,19128881,5356,0,0,0,0,0,28,576
org.mudebug.prapr.mutators.FieldAccessToMethodCallMutator_0,19128911,1106,0,0,0,0,0,5,1200
org.mudebug.prapr.mutators.LocalToFieldAccessMutator_2,19128918,6689,0,0,0,1,1,8,778
org.mudebug.prapr.mutators.ArgumentListMutator_2,19128928,7060,0,0,1,1,1,5543,569
org.mudebug.prapr.mutators.ArithmeticOperatorDeletion_0,19134473,6713,0,0,0,0,0,75,1152
org.mudebug.prapr.mutators.NonVoidMethodCallGuardMutator_0,19134550,1313,0,0,0,0,0,0,86
org.pitest.mutationtest.engine.gregor.mutators.NullReturnValsMutator,19134552,1041,0,0,0,0,0,30,220
org.pitest.mutationtest.engine.gregor.mutators.NullReturnValsMutator,19134584,562,0,0,1,1,1,2371,1210
org.mudebug.prapr.mutators.FieldNameMutator_3,19136957,1777,0,0,0,0,0,0,753
org.mudebug.prapr.mutators.MethCallResultGuard_1,19136959,5214,0,0,0,0,0,0,112
org.mudebug.prapr.mutators.FieldNameMutator_3,19136961,7355,0,0,0,0,0,1780,116
org.mudebug.prapr.mutators.MethodNameMutator_4,19138743,5356,0,0,1,1,1,2868,83
org.mudebug.prapr.mutators.FieldNameMutator_2,19141613,1777,0,0,0,0,0,0,718
org.mudebug.prapr.mutators.MethCallResultGuard_1,19141615,7263,0,0,0,0,0,0,851
org.mudebug.prapr.mutators.DereferenceGuardMutator_1,19141617,7684,0,0,0,0,0,0,83
org.mudebug.prapr.mutators.DereferenceGuardMutator_3,19141619,369,0,0,0,0,0,0,807
org.pitest.mutationtest.engine.gregor.mutators.NegateConditionalsMutator,19141621,7382,0,0,1,1,1,5538,431
org.mudebug.prapr.mutators.FieldAccessToMethodCallMutator_1,19147161,6743,0,0,1,1,1,2887,1871
org.mudebug.prapr.mutators.FieldAccessToMethodCallMutator_1,19150050,6650,0,0,0,1,1,64,371
org.pitest.mutationtest.engine.gregor.mutators.RemoveConditionalMutator_EQUAL_ELSE,19150116,4410,0,0,0,1,1,3437,453
org.mudebug.prapr.mutators.LocalNameMutator_2,19153557,7058,0,0,0,0,0,2258,444
org.pitest.mutationtest.engine.gregor.mutators.NegateConditionalsMutator,19155817,6176,0,0,1,1,1,2868,566
org.mudebug.prapr.mutators.FieldAccessToMethodCallMutator_1,19158687,6737,0,0,0,0,0,162,1782
org.mudebug.prapr.mutators.FieldNameMutator_5,19158851,7058,0,0,1,1,1,5226,311
org.mudebug.prapr.mutators.ArgumentListMutator_3,19164079,6971,0,0,0,0,0,0,60
org.pitest.mutationtest.engine.gregor.mutators.ReturnValsMutator,19164081,6415,0,0,0,1,1,7,308
org.pitest.mutationtest.engine.gregor.mutators.experimental.MemberVariableMutator,19164090,6743,0,0,0,0,0,2081,1874
org.pitest.mutationtest.engine.gregor.mutators.RemoveConditionalMutator_EQUAL_IF,19166173,6176,0,0,0,1,1,140,571
org.pitest.mutationtest.engine.gregor.mutators.experimental.RemoveSwitchMutator_95,19166315,3584,0,0,0,0,0,0,901
org.pitest.mutationtest.engine.gregor.mutators.RemoveConditionalMutator_EQUAL_IF,19166317,5358,0,0,0,0,0,26,766
org.mudebug.prapr.mutators.FieldNameMutator_0,19166345,1053,0,0,1,1,1,4574,431
org.mudebug.prapr.mutators.FieldNameMutator_3,19170921,7058,0,0,0,0,0,69,514
org.pitest.mutationtest.engine.gregor.mutators.NonVoidMethodCallMutator,19170992,7207,0,0,0,0,0,0,198
org.mudebug.prapr.mutators.LocalNameMutator_0,19170994,1562,0,0,0,0,0,1,217
org.mudebug.prapr.mutators.LocalNameMutator_0,19170997,1245,0,0,1,1,1,22,804
org.mudebug.prapr.mutators.MethodNameMutator_5,19171021,7200,0,0,0,0,0,1,104
org.mudebug.prapr.mutators.MethCallResultGuard_1,19171024,7503,0,0,0,0,0,0,445
org.mudebug.prapr.mutators.FieldNameMutator_5,19171026,7058,0,0,0,0,0,21,490
org.mudebug.prapr.mutators.MethCallResultGuard_0,19171049,7059,0,0,0,0,0,0,546
org.pitest.mutationtest.engine.gregor.mutators.experimental.RemoveSwitchMutator_0,19171051,1245,0,0,0,0,0,4,675
org.pitest.mutationtest.engine.gregor.mutators.experimental.MemberVariableMutator,19171057,1046,0,0,1,1,1,4574,328
org.mudebug.prapr.mutators.RelationalOperatorReplacement_0,19175633,6867,0,0,0,0,0,18,159
org.mudebug.prapr.mutators.RelationalOperatorReplacement_1,19175653,1082,0,0,0,0,0,5,836
org.pitest.mutationtest.engine.gregor.mutators.RemoveConditionalMutator_EQUAL_ELSE,19175660,5356,0,0,0,0,0,0,344
org.mudebug.prapr.mutators.FieldToLocalAccessMutator_1,19175662,6684,0,0,1,1,1,1029,697
org.mudebug.prapr.mutators.MethCallResultGuard_2,19176693,369,0,0,0,0,0,0,807
org.pitest.mutationtest.engine.gregor.mutators.NonVoidMethodCallMutator,19176698,3246,0,0,1,1,1,4452,85
org.mudebug.prapr.mutators.LocalNameMutator_1,19181152,1234,0,0,0,0,0,16,272
org.mudebug.prapr.mutators.DereferenceGuardMutator_3,19181170,6688,0,0,0,0,0,0,763
org.pitest.mutationtest.engine.gregor.mutators.NonVoidMethodCallMutator,19181172,6976,0,0,0,0,0,1,88
org.mudebug.prapr.mutators.FieldNameMutator_3,19181175,1119,0,0,0,0,0,0,1435
org.mudebug.prapr.mutators.FieldAccessToMethodCallMutator_2,19181177,6721,0,0,0,1,1,586,1331
org.mudebug.prapr.mutators.ArgumentListMutator_1,19181765,5209,0,0,0,0,0,5,288
org.mudebug.prapr.mutators.LocalToFieldAccessMutator_3,19181772,6710,0,0,0,0,0,8,1071
org.mudebug.prapr.mutators.MethodNameMutator_0,19181782,7257,0,0,1,1,1,5538,810
org.pitest.mutationtest.engine.gregor.mutators.ConstructorCallMutator,19187322,558,0,0,1,1,1,4394,1194
org.mudebug.prapr.mutators.MethCallResultGuard_0,19191718,5356,0,0,0,0,0,0,440
org.mudebug.prapr.mutators.LocalToFieldAccessMutator_0,19191720,6743,0,0,1,1,1,2887,1871
org.pitest.mutationtest.engine.gregor.mutators.NullReturnValsMutator,19194609,1137,0,0,1,1,1,5291,1665
org.pitest.mutationtest.engine.gregor.mutators.ConstructorCallMutator,19199902,1830,0,0,1,1,1,5212,55
org.pitest.mutationtest.engine.gregor.mutators.InlineConstantMutator,19205116,3675,0,0,0,0,0,0,2359
org.mudebug.prapr.mutators.MethodNameMutator_0,19205125,6725,0,0,1,1,1,1,1369
org.pitest.mutationtest.engine.gregor.mutators.NonVoidMethodCallMutator,19205128,3675,0,0,1,1,1,4269,2354
org.mudebug.prapr.mutators.MethodNameMutator_0,19209399,5375,0,0,0,0,0,31,1032
org.mudebug.prapr.mutators.LocalToFieldAccessMutator_2,19209432,6710,0,0,0,0,0,8,1071
org.mudebug.prapr.mutators.FieldNameMutator_3,19209442,1777,0,0,0,0,0,0,707
org.mudebug.prapr.mutators.RelationalOperatorReplacement_3,19209444,1560,0,0,0,0,0,90,189
org.mudebug.prapr.mutators.ArgumentListMutator_0,19209536,1234,0,0,1,1,1,3,310
org.mudebug.prapr.mutators.ReturningDereferenceGuardMutator_4,19209541,4413,0,0,0,0,0,0,525
org.mudebug.prapr.mutators.FieldNameMutator_0,19209543,7476,0,0,0,0,0,17,202
org.mudebug.prapr.mutators.DereferenceGuardMutator_3,19209562,6671,0,0,0,0,0,0,548
org.mudebug.prapr.mutators.ArithmeticOperatorReplacement_8,19209564,2459,0,0,0,0,0,0,62
org.pitest.mutationtest.engine.gregor.mutators.ReturnValsMutator,19209566,6721,0,0,0,1,1,605,1331
org.mudebug.prapr.mutators.FieldToLocalAccessMutator_0,19210173,7302,0,0,0,0,0,11,105
org.mudebug.prapr.mutators.MethodNameMutator_1,19210186,7058,0,0,0,0,0,0,494
org.mudebug.prapr.mutators.ArgumentListMutator_2,19210188,1043,0,0,1,1,1,2889,270
org.mudebug.prapr.mutators.VoidMethodCallGuardMutator,19213079,1234,0,0,0,0,0,0,309
org.mudebug.prapr.mutators.ReturningDereferenceGuardMutator_3,19213081,6723,0,0,0,0,0,0,1346
org.pitest.mutationtest.engine.gregor.mutators.experimental.RemoveSwitchMutator_31,19213083,3584,0,0,0,0,0,207,901
org.mudebug.prapr.mutators.MethodNameMutator_8,19213292,7204,0,0,0,0,0,14,134
org.pitest.mutationtest.engine.gregor.mutators.NonVoidMethodCallMutator,19213308,5358,0,0,0,0,0,0,759
org.mudebug.prapr.mutators.RelationalOperatorReplacement_3,19213310,7199,0,0,0,0,0,2,80
org.mudebug.prapr.mutators.MethodNameMutator_0,19213314,547,0,0,0,1,1,110,160
org.mudebug.prapr.mutators.MethodNameMutator_6,19213426,1046,0,0,1,1,1,4574,331
org.mudebug.prapr.mutators.DereferenceGuardMutator_2,19218002,6678,0,0,0,0,0,0,603
org.pitest.mutationtest.engine.gregor.mutators.experimental.RemoveSwitchMutator_4,19218004,3558,0,0,0,0,0,30,109
org.mudebug.prapr.mutators.DereferenceGuardMutator_1,19218036,6689,0,0,0,0,0,0,778
org.mudebug.prapr.mutators.FieldNameMutator_2,19218038,6684,0,0,0,0,0,139,714
org.pitest.mutationtest.engine.gregor.mutators.experimental.MemberVariableMutator,19218179,543,0,0,0,0,0,2847,106
org.mudebug.prapr.mutators.MethodNameMutator_0,19221028,5356,0,0,1,1,1,1074,428
org.mudebug.prapr.mutators.LocalNameMutator_0,19222104,5356,0,0,0,0,0,64,354
org.mudebug.prapr.mutators.MethCallResultGuard_2,19222170,7058,0,0,0,0,0,5,317
org.pitest.mutationtest.engine.gregor.mutators.InlineConstantMutator,19222177,662,0,0,1,1,1,5252,284
org.pitest.mutationtest.engine.gregor.mutators.NonVoidMethodCallMutator,19227431,7058,0,0,1,1,1,5538,425
org.mudebug.prapr.mutators.MethodNameMutator_3,19232971,5359,0,0,0,0,0,1,794
org.mudebug.prapr.mutators.MethCallResultGuard_1,19232974,7059,0,0,0,0,0,0,551
org.mudebug.prapr.mutators.MethodNameMutator_1,19232976,551,0,0,0,0,0,53,224
org.mudebug.prapr.mutators.NonVoidMethodCallGuardMutator_0,19233031,7241,0,0,0,0,0,5,429
org.pitest.mutationtest.engine.gregor.mutators.VoidMethodCallMutator,19233038,369,0,0,0,0,0,3120,807
org.mudebug.prapr.mutators.ArithmeticOperatorReplacement_2,19236160,6713,0,0,0,1,1,125,1152
org.mudebug.prapr.mutators.ArgumentListMutator_0,19236287,1053,0,0,0,0,0,5,430
org.mudebug.prapr.mutators.VoidMethodCallGuardMutator,19236294,7058,0,0,0,0,0,0,534
org.mudebug.prapr.mutators.ReturningDereferenceGuardMutator_0,19236296,7556,0,0,0,0,0,0,70
org.pitest.mutationtest.engine.gregor.mutators.ConstructorCallMutator,19236298,7058,0,0,1,1,1,5538,412
org.mudebug.prapr.mutators.RelationalOperatorReplacement_2,19241838,6695,0,0,0,1,1,518,831
org.mudebug.prapr.mutators.MethodNameMutator_8,19242358,7232,0,0,0,0,0,8,273
org.mudebug.prapr.mutators.LocalNameMutator_0,19242368,7058,0,0,0,0,0,2255,290
org.pitest.mutationtest.engine.gregor.mutators.InlineConstantMutator,19244625,3240,0,0,0,1,1,2688,41
org.pitest.mutationtest.engine.gregor.mutators.NonVoidMethodCallMutator,19247315,6742,0,0,1,1,1,2939,1849
org.mudebug.prapr.mutators.VoidMethodCallGuardMutator,19250256,4411,0,0,0,0,0,0,502
org.pitest.mutationtest.engine.gregor.mutators.RemoveConditionalMutator_EQUAL_ELSE,19250258,5356,0,0,0,0,0,1,436
org.mudebug.prapr.mutators.DereferenceGuardMutator_0,19250261,4257,0,0,0,0,0,0,408
org.mudebug.prapr.mutators.RelationalOperatorReplacement_2,19250263,5359,0,0,0,0,0,91,777
org.mudebug.prapr.mutators.FieldNameMutator_0,19250356,7059,0,0,0,0,0,1715,550
org.mudebug.prapr.mutators.MethodNameMutator_0,19252073,5356,0,0,1,1,1,1500,84
org.pitest.mutationtest.engine.gregor.mutators.ReturnValsMutator,19253575,1244,0,0,0,1,1,10,654
org.mudebug.prapr.mutators.LocalToFieldAccessMutator_0,19253587,6684,0,0,1,1,1,1029,697
org.pitest.mutationtest.engine.gregor.mutators.RemoveConditionalMutator_EQUAL_IF,19254618,1106,0,0,1,1,1,2980,1074
org.mudebug.prapr.mutators.ArgumentListMutator_4,19257600,1043,0,0,1,1,1,2894,270
org.mudebug.prapr.mutators.LocalToFieldAccessMutator_0,19260496,2967,0,0,0,0,0,0,599
org.mudebug.prapr.mutators.LocalNameMutator_1,19260498,7058,0,0,0,0,0,14,353
org.pitest.mutationtest.engine.gregor.mutators.RemoveConditionalMutator_EQUAL_ELSE,19260514,550,0,0,0,0,0,1399,194
org.mudebug.prapr.mutators.LocalNameMutator_0,19261915,4666,0,0,1,1,1,2670,60
org.mudebug.prapr.mutators.LocalToFieldAccessMutator_0,19264587,1243,0,0,0,0,0,0,630
org.mudebug.prapr.mutators.MethCallResultGuard_0,19264589,6725,0,0,0,0,0,0,1369
org.pitest.mutationtest.engine.gregor.mutators.ReturnValsMutator,19264591,332,0,0,1,1,1,5365,349
org.mudebug.prapr.mutators.ReturningDereferenceGuardMutator_0,19269958,6684,0,0,0,0,0,0,697
org.pitest.mutationtest.engine.gregor.mutators.ReturnValsMutator,19269960,6883,0,0,0,0,0,2160,234
org.mudebug.prapr.mutators.MethCallResultGuard_1,19272122,5213,0,0,0,0,0,0,91
org.mudebug.prapr.mutators.FieldToLocalAccessMutator_0,19272124,6725,0,0,0,1,1,0,1369
org.mudebug.prapr.mutators.RelationalOperatorReplacement_2,19272126,245,0,0,0,0,0,30,198
org.pitest.mutationtest.engine.gregor.mutators.experimental.SwitchMutator,19272158,1231,0,0,1,1,1,81,59
org.mudebug.prapr.mutators.NonVoidMethodCallGuardMutator_0,19272241,7207,0,0,0,0,0,0,198
org.mudebug.prapr.mutators.LocalNameMutator_1,19272243,247,0,0,1,1,1,4269,240
org.mudebug.prapr.mutators.FieldAccessToMethodCallMutator_1,19276514,1314,0,0,1,1,1,212,93
org.mudebug.prapr.mutators.LocalNameMutator_0,19276728,7058,0,0,0,0,0,24,422
org.mudebug.prapr.mutators.FieldAccessToMethodCallMutator_0,19276754,1101,0,0,0,0,0,22,1020
org.pitest.mutationtest.engine.gregor.mutators.InlineConstantMutator,19276778,1562,0,0,0,0,0,2076,206
org.mudebug.prapr.mutators.ReturningDereferenceGuardMutator_0,19278856,705,0,0,0,0,0,0,65
org.mudebug.prapr.mutators.RelationalOperatorReplacement_1,19278858,5358,0,0,0,0,0,36,736
org.mudebug.prapr.mutators.MethodNameMutator_1,19278896,557,0,0,1,1,1,3433,1190
org.mudebug.prapr.mutators.MethCallResultGuard_2,19282331,335,0,0,0,0,0,0,389
org.mudebug.prapr.mutators.LocalToFieldAccessMutator_0,19282333,6706,0,0,0,0,0,0,941
org.pitest.mutationtest.engine.gregor.mutators.NonVoidMethodCallMutator,19282335,517,0,1,1,1,1,2613,106
org.pitest.mutationtest.engine.gregor.mutators.experimental.MemberVariableMutator,19284949,1777,0,0,0,0,0,0,664
org.mudebug.prapr.mutators.MethodNameMutator_6,19284951,1237,0,0,0,0,0,9,545
org.mudebug.prapr.mutators.FieldAccessToMethodCallMutator_3,19284962,1777,0,0,0,0,0,0,82
org.mudebug.prapr.mutators.FieldNameMutator_0,19284964,6652,0,0,1,1,1,4167,405
org.pitest.mutationtest.engine.gregor.mutators.NonVoidMethodCallMutator,19289133,1052,0,0,1,1,1,4574,403
org.pitest.mutationtest.engine.gregor.mutators.VoidMethodCallMutator,19293709,7058,0,0,1,1,1,5538,399
org.pitest.mutationtest.engine.gregor.mutators.NonVoidMethodCallMutator,19299252,558,0,0,1,1,1,4394,1194
org.mudebug.prapr.mutators.ReturningDereferenceGuardMutator_0,19303648,7232,0,0,0,0,0,0,273
org.mudebug.prapr.mutators.ArgumentListMutator_3,19303650,4411,0,0,0,0,0,0,471
org.mudebug.prapr.mutators.LocalNameMutator_0,19303652,6684,0,0,1,1,1,487,703
org.mudebug.prapr.mutators.FieldNameMutator_0,19304141,6728,0,0,0,1,1,1476,1418
org.mudebug.prapr.mutators.FieldToLocalAccessMutator_0,19305619,5214,0,0,0,0,0,4,112
org.mudebug.prapr.mutators.FieldAccessToMethodCallMutator_0,19305625,1777,0,0,0,0,0,0,683
org.mudebug.prapr.mutators.ArgumentListMutator_1,19305627,7300,0,0,1,1,1,5538,71
org.pitest.mutationtest.engine.gregor.mutators.experimental.RemoveSwitchMutator_3,19311167,6415,0,0,0,0,0,1,273
org.mudebug.prapr.mutators.ReturningDereferenceGuardMutator_0,19311170,5218,0,0,0,0,0,0,176
org.mudebug.prapr.mutators.FieldNameMutator_1,19311172,4413,0,0,1,1,1,5220,524
org.mudebug.prapr.mutators.FieldNameMutator_3,19316394,7058,0,0,1,1,1,5538,358
org.mudebug.prapr.mutators.LocalNameMutator_1,19321934,7058,0,0,0,0,0,20,294
org.mudebug.prapr.mutators.VoidMethodCallGuardMutator,19321958,7058,0,0,0,0,0,0,466
org.mudebug.prapr.mutators.LocalToFieldAccessMutator_0,19321960,547,0,0,1,1,1,631,171
org.pitest.mutationtest.engine.gregor.mutators.ReturnValsMutator,19322593,495,0,0,1,1,1,5318,243
org.mudebug.prapr.mutators.MethCallResultGuard_0,19327913,3664,0,0,0,0,0,0,2189
org.mudebug.prapr.mutators.MethodNameMutator_8,19327915,6988,0,0,0,0,0,0,167
org.pitest.mutationtest.engine.gregor.mutators.RemoveConditionalMutator_EQUAL_IF,19327917,7247,0,0,0,0,0,0,597
org.pitest.mutationtest.engine.gregor.mutators.NegateConditionalsMutator,19327919,5357,0,0,0,0,0,26,703
org.pitest.mutationtest.engine.gregor.mutators.InlineConstantMutator,19327947,1777,0,0,0,0,0,0,702
org.mudebug.prapr.mutators.ArgumentListMutator_2,19327949,7131,0,0,1,1,1,5538,71
org.pitest.mutationtest.engine.gregor.mutators.NonVoidMethodCallMutator,19333489,159,0,0,0,0,0,0,649
org.mudebug.prapr.mutators.FieldNameMutator_1,19333491,4627,0,0,0,1,1,4455,94
org.mudebug.prapr.mutators.MethodNameMutator_1,19337948,7556,0,0,0,0,0,2249,70
org.mudebug.prapr.mutators.RelationalOperatorReplacement_1,19340199,7064,0,0,0,0,0,0,623
org.mudebug.prapr.mutators.RelationalOperatorReplacement_0,19340201,3489,0,0,0,0,0,0,268
org.mudebug.prapr.mutators.ArgumentListMutator_0,19340203,2306,0,0,1,1,1,5291,32
org.mudebug.prapr.mutators.FieldNameMutator_5,19345500,1777,0,0,0,0,0,0,721
org.pitest.mutationtest.engine.gregor.mutators.NonVoidMethodCallMutator,19345502,6728,0,0,0,1,1,1476,1421
org.mudebug.prapr.mutators.ArgumentListMutator_0,19346980,7058,0,0,1,1,1,5538,284
org.mudebug.prapr.mutators.LocalNameMutator_0,19352520,5356,0,0,0,0,0,4,181
org.mudebug.prapr.mutators.MethCallResultGuard_2,19352526,359,0,0,0,0,0,5,674
org.pitest.mutationtest.engine.gregor.mutators.NonVoidMethodCallMutator,19352533,1044,0,0,1,1,1,4566,284
org.pitest.mutationtest.engine.gregor.mutators.NonVoidMethodCallMutator,19357101,3664,0,0,0,0,0,66,2189
org.mudebug.prapr.mutators.MethodNameMutator_3,19357169,7052,0,0,1,1,1,5247,199
org.mudebug.prapr.mutators.VoidMethodCallGuardMutator,19362420,347,0,0,0,0,0,0,549
org.mudebug.prapr.mutators.ArgumentListMutator_0,19362422,1044,0,0,1,1,1,4564,281
org.mudebug.prapr.mutators.ReturningDereferenceGuardMutator_4,19366988,6723,0,0,0,0,0,0,1346
org.mudebug.prapr.mutators.MethodNameMutator_3,19366990,6694,0,0,1,1,1,5385,824
org.mudebug.prapr.mutators.MethCallResultGuard_1,19372377,6973,0,0,0,0,0,0,71
org.mudebug.prapr.mutators.LocalNameMutator_0,19372379,247,0,0,1,1,1,4269,240
org.mudebug.prapr.mutators.DereferenceGuardMutator_1,19376650,6689,0,0,0,0,0,0,783
org.pitest.mutationtest.engine.gregor.mutators.experimental.RemoveSwitchMutator_98,19376652,3636,0,0,0,0,0,0,1649
org.pitest.mutationtest.engine.gregor.mutators.experimental.RemoveSwitchMutator_75,19376654,3636,0,0,0,0,0,0,1649
org.mudebug.prapr.mutators.ReturningDereferenceGuardMutator_4,19376656,1042,0,0,0,0,0,0,256
org.mudebug.prapr.mutators.FieldAccessToMethodCallMutator_0,19376661,3411,0,0,1,1,1,5212,43
org.mudebug.prapr.mutators.NonVoidMethodCallGuardMutator_0,19381875,7058,0,0,0,0,0,0,325
org.pitest.mutationtest.engine.gregor.mutators.NonVoidMethodCallMutator,19381877,7205,0,0,0,0,0,9,140
org.pitest.mutationtest.engine.gregor.mutators.RemoveConditionalMutator_EQUAL_ELSE,19381888,6710,0,0,0,1,1,8,1069
org.mudebug.prapr.mutators.ArgumentListMutator_4,19381898,7106,0,0,1,1,1,5538,1128
org.pitest.mutationtest.engine.gregor.mutators.VoidMethodCallMutator,19387438,1562,0,0,0,1,1,141,223
org.pitest.mutationtest.engine.gregor.mutators.NonVoidMethodCallMutator,19387581,7058,0,0,0,0,0,5,321
org.mudebug.prapr.mutators.FieldNameMutator_0,19387588,6651,0,0,0,0,0,23,381
org.mudebug.prapr.mutators.ReturningDereferenceGuardMutator_4,19387613,4159,0,0,0,0,0,0,103
org.mudebug.prapr.mutators.FieldToLocalAccessMutator_2,19387615,6652,0,0,1,1,1,5084,395
org.pitest.mutationtest.engine.gregor.mutators.RemoveConditionalMutator_EQUAL_ELSE,19392701,6694,0,0,0,1,1,2586,825
org.pitest.mutationtest.engine.gregor.mutators.RemoveConditionalMutator_EQUAL_ELSE,19395289,1562,0,0,0,0,0,1,209
org.mudebug.prapr.mutators.ArgumentListMutator_0,19395292,5356,0,0,1,1,1,1491,88
org.mudebug.prapr.mutators.NonVoidMethodCallGuardMutator_0,19396785,6728,0,0,0,0,0,0,1407
org.mudebug.prapr.mutators.ArgumentListMutator_3,19396787,7215,0,0,0,0,0,5,128
org.mudebug.prapr.mutators.RelationalOperatorReplacement_0,19396794,7503,0,0,0,0,0,0,444
org.pitest.mutationtest.engine.gregor.mutators.RemoveConditionalMutator_EQUAL_ELSE,19396796,6697,0,0,1,1,1,27,844
org.pitest.mutationtest.engine.gregor.mutators.InlineConstantMutator,19396825,6899,0,0,0,0,0,801,331
org.pitest.mutationtest.engine.gregor.mutators.NegateConditionalsMutator,19397628,5376,0,0,1,1,1,253,1051
org.mudebug.prapr.mutators.ReturningDereferenceGuardMutator_0,19397883,7303,0,0,0,0,0,0,158
org.mudebug.prapr.mutators.LocalToFieldAccessMutator_0,19397885,7204,0,0,0,0,0,7,135
org.pitest.mutationtest.engine.gregor.mutators.NullReturnValsMutator,19397894,6689,0,0,0,1,1,156,783
org.mudebug.prapr.mutators.LocalToFieldAccessMutator_1,19398052,6728,0,0,0,1,1,2809,1407
org.pitest.mutationtest.engine.gregor.mutators.NonVoidMethodCallMutator,19400863,7250,0,0,0,0,0,0,662
org.mudebug.prapr.mutators.MethCallResultGuard_1,19400865,6728,0,0,0,0,0,0,1407
org.mudebug.prapr.mutators.ReturningDereferenceGuardMutator_1,19400867,6651,0,0,0,0,0,23,375
org.pitest.mutationtest.engine.gregor.mutators.experimental.MemberVariableMutator,19400892,1777,0,0,0,0,0,0,635
org.mudebug.prapr.mutators.ReturningDereferenceGuardMutator_0,19400894,1131,0,0,0,0,0,0,1619
org.pitest.mutationtest.engine.gregor.mutators.NegateConditionalsMutator,19400896,5356,0,0,0,1,1,117,515
org.mudebug.prapr.mutators.FieldAccessToMethodCallMutator_1,19401015,1777,0,0,0,0,0,0,697
org.pitest.mutationtest.engine.gregor.mutators.VoidMethodCallMutator,19401017,7058,0,0,1,1,1,5538,379
org.pitest.mutationtest.engine.gregor.mutators.VoidMethodCallMutator,19406557,6652,0,0,0,0,0,0,395
org.mudebug.prapr.mutators.FieldAccessToMethodCallMutator_4,19406561,1777,0,0,0,0,0,0,650
org.mudebug.prapr.mutators.LocalNameMutator_0,19406563,553,0,0,0,0,0,324,267
org.mudebug.prapr.mutators.ReturningDereferenceGuardMutator_0,19406889,1106,0,0,0,0,0,0,1199
org.pitest.mutationtest.engine.gregor.mutators.RemoveConditionalMutator_EQUAL_IF,19406891,7247,0,0,1,1,1,5538,597
org.mudebug.prapr.mutators.MethodNameMutator_0,19412431,1248,0,0,0,0,0,0,867
org.pitest.mutationtest.engine.gregor.mutators.NegateConditionalsMutator,19412433,1248,0,0,0,0,0,4,878
org.pitest.mutationtest.engine.gregor.mutators.RemoveConditionalMutator_EQUAL_ELSE,19412439,6684,0,0,1,1,1,1029,695
org.mudebug.prapr.mutators.ReturningDereferenceGuardMutator_3,19413470,1106,0,0,0,0,0,0,1096
org.mudebug.prapr.mutators.ReturningDereferenceGuardMutator_0,19413472,7790,0,0,0,0,0,5,315
org.mudebug.prapr.mutators.LocalToFieldAccessMutator_2,19413479,6728,0,0,1,1,1,2809,1407
org.mudebug.prapr.mutators.MethCallResultGuard_1,19416290,1086,0,0,0,0,0,0,871
org.mudebug.prapr.mutators.FieldNameMutator_0,19416292,7058,0,0,1,1,1,5538,368
org.mudebug.prapr.mutators.MethodNameMutator_7,19421832,1231,0,0,0,1,1,2,68
org.mudebug.prapr.mutators.FieldNameMutator_0,19421836,1777,0,0,0,0,0,0,636
org.mudebug.prapr.mutators.LocalToFieldAccessMutator_2,19421838,6684,0,0,1,1,1,380,705
org.pitest.mutationtest.engine.gregor.mutators.RemoveConditionalMutator_EQUAL_ELSE,19422220,1236,1,0,0,1,1,15,520
org.mudebug.prapr.mutators.NonVoidMethodCallGuardMutator_0,19422237,7209,0,0,0,0,0,0,73
org.mudebug.prapr.mutators.MethodNameMutator_2,19422239,5357,0,0,0,0,0,2,703
org.pitest.mutationtest.engine.gregor.mutators.InlineConstantMutator,19422243,5356,0,0,1,1,1,1074,428
org.mudebug.prapr.mutators.ArgumentListMutator_2,19423319,6706,0,0,0,1,1,8,967
org.pitest.mutationtest.engine.gregor.mutators.RemoveConditionalMutator_EQUAL_ELSE,19423329,6176,0,0,0,0,0,5,571
org.mudebug.prapr.mutators.LocalToFieldAccessMutator_3,19423336,1048,0,0,1,1,1,4574,347
org.pitest.mutationtest.engine.gregor.mutators.VoidMethodCallMutator,19427912,7059,0,0,0,0,0,45,565
org.mudebug.prapr.mutators.MethCallResultGuard_2,19427959,7263,0,0,0,0,0,0,851
org.mudebug.prapr.mutators.FieldNameMutator_2,19427961,6678,0,0,1,1,1,5022,604
org.pitest.mutationtest.engine.gregor.mutators.experimental.MemberVariableMutator,19432985,1777,0,0,0,0,0,0,687
org.mudebug.prapr.mutators.RelationalOperatorReplacement_1,19432987,245,0,0,1,1,1,4269,197
org.mudebug.prapr.mutators.FieldNameMutator_0,19437258,7302,0,0,0,0,0,0,110
org.mudebug.prapr.mutators.NonVoidMethodCallGuardMutator_0,19437260,7233,0,0,0,0,0,0,298
org.mudebug.prapr.mutators.DereferenceGuardMutator_2,19437262,6684,0,0,0,0,0,4,711
org.mudebug.prapr.mutators.RelationalOperatorReplacement_1,19437268,7302,0,0,0,0,0,0,105
org.mudebug.prapr.mutators.ReturningDereferenceGuardMutator_0,19437270,7263,0,0,0,0,0,0,850
org.mudebug.prapr.mutators.MethCallResultGuard_1,19437286,7556,0,0,0,0,0,0,70
org.pitest.mutationtest.engine.gregor.mutators.experimental.RemoveSwitchMutator_8,19437288,3587,0,0,0,0,0,5,1015
org.mudebug.prapr.mutators.MethodNameMutator_1,19437295,7064,0,0,0,0,0,0,622
org.mudebug.prapr.mutators.ReturningDereferenceGuardMutator_0,19437297,1119,0,0,0,0,0,0,1437
org.mudebug.prapr.mutators.FieldNameMutator_3,19437299,1777,0,0,0,0,0,0,678
org.mudebug.prapr.mutators.LocalNameMutator_0,19437304,1830,0,0,0,1,1,1691,55
org.mudebug.prapr.mutators.LocalNameMutator_1,19438997,6728,0,0,0,0,0,2158,1420
org.pitest.mutationtest.engine.gregor.mutators.InlineConstantMutator,19441157,6695,0,0,0,0,0,23,831
org.mudebug.prapr.mutators.MethCallResultGuard_2,19441182,1231,0,0,0,0,0,0,68
org.mudebug.prapr.mutators.ReturningDereferenceGuardMutator_1,19441184,1047,0,0,0,0,0,0,339
org.mudebug.prapr.mutators.MethodNameMutator_1,19441186,4667,0,0,0,1,1,2568,67
org.mudebug.prapr.mutators.ArgumentListMutator_5,19443756,6708,0,0,1,1,1,44,1048
org.mudebug.prapr.mutators.LocalToFieldAccessMutator_1,19443802,6732,0,0,0,0,0,1982,1618
org.mudebug.prapr.mutators.RelationalOperatorReplacement_3,19445786,1562,0,0,0,0,0,3,228
org.mudebug.prapr.mutators.NonVoidMethodCallGuardMutator_0,19445791,6706,0,0,0,0,0,0,1024
org.mudebug.prapr.mutators.MethodNameMutator_1,19445793,7302,0,0,0,0,0,1979,143
org.mudebug.prapr.mutators.ReturningDereferenceGuardMutator_4,19447774,5213,0,0,0,0,0,0,91
org.pitest.mutationtest.engine.gregor.mutators.ReturnValsMutator,19447776,495,0,0,1,1,1,494,237
org.pitest.mutationtest.engine.gregor.mutators.NonVoidMethodCallMutator,19448275,7088,0,0,0,0,0,1249,914
org.pitest.mutationtest.engine.gregor.mutators.experimental.RemoveSwitchMutator_39,19449526,6649,0,0,0,0,0,0,175
org.pitest.mutationtest.engine.gregor.mutators.experimental.RemoveSwitchMutator_57,19449528,5356,0,0,0,0,0,0,117
org.mudebug.prapr.mutators.ArgumentListMutator_5,19449530,6684,0,0,0,0,0,0,695
org.mudebug.prapr.mutators.DereferenceGuardMutator_3,19449532,6697,0,0,0,0,0,0,851
org.pitest.mutationtest.engine.gregor.mutators.InlineConstantMutator,19449534,6866,0,0,0,0,0,882,155
org.pitest.mutationtest.engine.gregor.mutators.NonVoidMethodCallMutator,19450418,247,0,0,0,0,0,0,235
org.mudebug.prapr.mutators.MethodNameMutator_2,19450420,7204,0,0,0,0,0,14,134
org.pitest.mutationtest.engine.gregor.mutators.experimental.NakedReceiverMutator,19450436,6706,0,0,0,1,1,2,977
org.pitest.mutationtest.engine.gregor.mutators.VoidMethodCallMutator,19450440,5356,0,0,0,1,1,39,512
org.mudebug.prapr.mutators.LocalToFieldAccessMutator_2,19450481,6669,0,0,1,1,1,3686,540
org.mudebug.prapr.mutators.ReturningDereferenceGuardMutator_4,19454169,6687,0,0,0,0,0,0,756
org.pitest.mutationtest.engine.gregor.mutators.NegateConditionalsMutator,19454171,6721,0,0,0,1,1,598,1331
org.mudebug.prapr.mutators.ArgumentListMutator_2,19454771,6725,0,0,1,1,1,1,1369
org.pitest.mutationtest.engine.gregor.mutators.ConstructorCallMutator,19454774,7307,0,0,0,0,0,13,141
org.pitest.mutationtest.engine.gregor.mutators.experimental.RemoveSwitchMutator_6,19454789,5356,0,0,0,0,0,0,117
org.mudebug.prapr.mutators.FieldNameMutator_2,19454791,5363,0,0,0,0,0,1,828
org.mudebug.prapr.mutators.LocalToFieldAccessMutator_0,19454794,6732,0,0,1,1,1,2822,1596
org.mudebug.prapr.mutators.LocalToFieldAccessMutator_0,19457618,1042,0,0,1,1,1,4520,248
org.pitest.mutationtest.engine.gregor.mutators.ReturnValsMutator,19462140,1118,0,0,0,1,1,117,1426
org.pitest.mutationtest.engine.gregor.mutators.ReturnValsMutator,19462259,6972,0,0,1,1,1,5538,66
org.mudebug.prapr.mutators.ReturningDereferenceGuardMutator_3,19467799,6683,0,0,0,0,0,1,683
org.pitest.mutationtest.engine.gregor.mutators.ReturnValsMutator,19467802,1132,0,0,1,1,1,4190,1628
org.mudebug.prapr.mutators.MethodNameMutator_8,19471994,1245,0,0,1,1,1,24,673
org.mudebug.prapr.mutators.MethCallResultGuard_0,19472020,7058,0,0,0,0,0,5,357
org.mudebug.prapr.mutators.MethCallResultGuard_2,19472027,7063,0,0,0,0,0,151,599
org.mudebug.prapr.mutators.LocalToFieldAccessMutator_0,19472180,7490,0,0,0,0,0,3,254
org.pitest.mutationtest.engine.gregor.mutators.NegateConditionalsMutator,19472185,1562,0,0,0,0,0,1,217
org.mudebug.prapr.mutators.LocalToFieldAccessMutator_1,19472188,1048,0,0,1,1,1,4574,350
org.pitest.mutationtest.engine.gregor.mutators.BooleanFalseReturnValsMutator,19476764,7790,0,0,0,1,1,2652,315
org.pitest.mutationtest.engine.gregor.mutators.experimental.MemberVariableMutator,19479418,7052,0,0,0,0,0,94,182
org.mudebug.prapr.mutators.LocalToFieldAccessMutator_2,19479514,6684,0,0,1,1,1,741,706
org.pitest.mutationtest.engine.gregor.mutators.NonVoidMethodCallMutator,19480257,3711,0,0,1,1,1,5303,72
org.mudebug.prapr.mutators.ArithmeticOperatorReplacement_0,19485562,4257,0,0,0,0,0,26,409
org.pitest.mutationtest.engine.gregor.mutators.RemoveConditionalMutator_EQUAL_IF,19485590,6728,0,0,0,0,0,599,1422
org.mudebug.prapr.mutators.DereferenceGuardMutator_0,19486191,4415,0,0,0,0,0,0,549
org.pitest.mutationtest.engine.gregor.mutators.experimental.RemoveSwitchMutator_37,19486193,6649,0,0,0,0,0,3,175
org.mudebug.prapr.mutators.NonVoidMethodCallGuardMutator_0,19486198,334,0,0,0,0,0,0,382
org.mudebug.prapr.mutators.NonVoidMethodCallGuardMutator_0,19486200,3417,0,0,0,0,0,0,96
org.mudebug.prapr.mutators.ArgumentListMutator_2,19486202,3385,0,0,1,1,1,207,47
org.mudebug.prapr.mutators.FieldAccessToMethodCallMutator_1,19486411,6712,0,0,0,0,0,65,1137
org.mudebug.prapr.mutators.FieldNameMutator_1,19486480,7059,0,0,0,0,0,10,543
org.pitest.mutationtest.engine.gregor.mutators.NonVoidMethodCallMutator,19486492,247,0,0,1,1,1,4269,239
org.mudebug.prapr.mutators.LocalToFieldAccessMutator_1,19490763,6683,0,0,1,1,1,2721,681
org.mudebug.prapr.mutators.ReturningDereferenceGuardMutator_3,19493486,5193,0,0,0,0,0,5,90
org.pitest.mutationtest.engine.gregor.mutators.NullReturnValsMutator,19493493,495,0,0,1,1,1,3741,266
org.pitest.mutationtest.engine.gregor.mutators.InlineConstantMutator,19497236,1554,0,0,0,0,0,93,144
org.mudebug.prapr.mutators.RelationalOperatorReplacement_2,19497331,931,0,0,0,0,0,6,633
org.mudebug.prapr.mutators.ArgumentListMutator_2,19497339,4392,0,0,0,0,0,0,59
org.mudebug.prapr.mutators.RelationalOperatorReplacement_0,19497341,931,0,0,0,1,1,10,633
org.mudebug.prapr.mutators.MethodNameMutator_1,19497353,334,0,0,0,0,0,4,381
org.mudebug.prapr.mutators.NonVoidMethodCallGuardMutator_0,19497359,7045,0,0,0,0,0,5,96
org.pitest.mutationtest.engine.gregor.mutators.RemoveConditionalMutator_EQUAL_IF,19497366,7365,0,0,0,0,0,540,229
org.mudebug.prapr.mutators.ReturningDereferenceGuardMutator_1,19497908,5214,0,0,0,0,0,0,112
org.mudebug.prapr.mutators.LocalToFieldAccessMutator_3,19497910,6755,0,0,1,1,1,5348,2012
org.pitest.mutationtest.engine.gregor.mutators.experimental.RemoveSwitchMutator_2,19503260,3584,0,0,0,0,0,0,901
org.mudebug.prapr.mutators.ArgumentListMutator_2,19503262,1106,0,0,1,1,1,2980,1082
org.mudebug.prapr.mutators.DereferenceGuardMutator_3,19506244,7378,0,0,0,0,0,0,380
org.mudebug.prapr.mutators.RelationalOperatorReplacement_2,19506246,1236,1,0,0,0,0,0,520
org.mudebug.prapr.mutators.LocalNameMutator_0,19506248,1248,0,0,0,0,0,0,913
org.mudebug.prapr.mutators.MethodNameMutator_3,19506250,1313,0,0,0,0,0,5,86
org.pitest.mutationtest.engine.gregor.mutators.RemoveConditionalMutator_EQUAL_ELSE,19506257,705,0,0,0,0,0,0,64
org.mudebug.prapr.mutators.ReturningDereferenceGuardMutator_1,19506259,3417,0,0,0,0,0,0,105
org.mudebug.prapr.mutators.MethodNameMutator_5,19506261,7259,0,0,1,1,1,5538,823
org.mudebug.prapr.mutators.LocalToFieldAccessMutator_2,19511801,6691,0,0,0,0,0,3664,800
org.mudebug.prapr.mutators.DereferenceGuardMutator_0,19515467,1083,0,0,0,0,0,0,844
org.mudebug.prapr.mutators.LocalToFieldAccessMutator_2,19515469,6749,0,0,1,1,1,5426,1961
org.mudebug.prapr.mutators.DereferenceGuardMutator_0,19520897,6651,0,0,0,0,0,23,377
org.pitest.mutationtest.engine.gregor.mutators.RemoveConditionalMutator_EQUAL_IF,19520922,1562,0,0,0,0,0,1,228
org.mudebug.prapr.mutators.RelationalOperatorReplacement_1,19520925,3626,0,0,0,0,0,766,1516
org.mudebug.prapr.mutators.LocalToFieldAccessMutator_0,19521693,4411,0,0,0,0,0,22,490
org.mudebug.prapr.mutators.ArithmeticOperatorDeletion_1,19521717,553,0,0,0,0,0,40,267
org.pitest.mutationtest.engine.gregor.mutators.experimental.MemberVariableMutator,19521759,543,0,0,1,1,1,5365,110
org.mudebug.prapr.mutators.MethodNameMutator_2,19527126,4410,0,0,1,1,1,5223,453
org.mudebug.prapr.mutators.LocalNameMutator_0,19532351,6684,0,0,0,0,0,0,701
org.pitest.mutationtest.engine.gregor.mutators.NonVoidMethodCallMutator,19532353,6707,0,0,0,1,1,8,1043
org.pitest.mutationtest.engine.gregor.mutators.InlineConstantMutator,19532363,2967,0,0,0,0,0,25,598
org.mudebug.prapr.mutators.VoidMethodCallGuardMutator,19532390,6750,0,0,0,0,0,0,1968
org.mudebug.prapr.mutators.ArithmeticOperatorReplacement_6,19532392,5356,0,0,0,0,0,31,110
org.pitest.mutationtest.engine.gregor.mutators.experimental.RemoveSwitchMutator_78,19532425,555,0,0,0,0,0,0,872
org.mudebug.prapr.mutators.VoidMethodCallGuardMutator,19532427,347,0,0,0,0,0,22,537
org.mudebug.prapr.mutators.RelationalOperatorReplacement_1,19532451,7505,0,0,1,1,1,5538,467
org.mudebug.prapr.mutators.FieldToLocalAccessMutator_1,19537991,6651,0,0,1,1,1,4460,382
org.mudebug.prapr.mutators.ArgumentListMutator_5,19542453,7784,0,0,1,1,1,5301,355
org.mudebug.prapr.mutators.FieldNameMutator_2,19547756,1777,0,0,0,0,0,0,756
org.mudebug.prapr.mutators.ReturningDereferenceGuardMutator_3,19547758,6683,0,0,0,0,0,0,685
org.mudebug.prapr.mutators.ArgumentListMutator_3,19547760,7052,0,0,1,1,1,5538,92
org.mudebug.prapr.mutators.NonVoidMethodCallGuardMutator_0,19553300,4410,0,0,0,0,0,5,456
org.pitest.mutationtest.engine.gregor.mutators.RemoveConditionalMutator_EQUAL_ELSE,19553307,7233,0,0,0,0,0,0,287
org.mudebug.prapr.mutators.MethodNameMutator_3,19553309,6728,0,0,0,1,1,2802,1407
org.mudebug.prapr.mutators.MethodNameMutator_5,19556113,1245,0,0,1,1,1,20,714
org.mudebug.prapr.mutators.LocalToFieldAccessMutator_0,19556135,6706,0,0,1,1,1,49,972
org.mudebug.prapr.mutators.LocalToFieldAccessMutator_1,19556186,6725,0,0,0,1,1,2798,1367
org.mudebug.prapr.mutators.FieldAccessToMethodCallMutator_0,19558986,1777,0,0,0,0,0,0,674
org.mudebug.prapr.mutators.FieldAccessToMethodCallMutator_1,19558988,6678,0,0,0,0,0,0,610
org.mudebug.prapr.mutators.MethodNameMutator_8,19558990,6743,0,0,1,1,1,2929,1866
org.mudebug.prapr.mutators.ArgumentListMutator_1,19561921,6706,0,0,0,1,1,9,931
org.pitest.mutationtest.engine.gregor.mutators.experimental.SwitchMutator,19561932,5356,0,0,1,1,1,2868,117
org.mudebug.prapr.mutators.ArithmeticOperatorReplacement_7,19564802,6714,0,0,0,1,1,133,1164
org.mudebug.prapr.mutators.LocalToFieldAccessMutator_1,19564937,6744,0,0,1,1,1,937,1889
org.mudebug.prapr.mutators.MethodNameMutator_2,19565876,7250,0,0,0,0,0,68,659
org.pitest.mutationtest.engine.gregor.mutators.NullReturnValsMutator,19565946,7627,0,0,0,0,0,1781,159
org.mudebug.prapr.mutators.MethCallResultGuard_0,19567729,1046,0,0,0,0,0,0,309
org.mudebug.prapr.mutators.RelationalOperatorReplacement_1,19567731,7302,0,0,0,0,0,5,111
org.mudebug.prapr.mutators.DereferenceGuardMutator_3,19567738,6723,0,0,0,0,0,0,1346
org.pitest.mutationtest.engine.gregor.mutators.VoidMethodCallMutator,19567740,7202,0,0,0,0,0,2393,124
org.pitest.mutationtest.engine.gregor.mutators.NonVoidMethodCallMutator,19570135,4159,0,1,1,1,1,2595,103
org.pitest.mutationtest.engine.gregor.mutators.RemoveConditionalMutator_EQUAL_ELSE,19572731,7219,0,0,1,1,1,5538,172
org.mudebug.prapr.mutators.FieldNameMutator_1,19578271,1777,0,0,0,0,0,0,650
org.mudebug.prapr.mutators.FieldNameMutator_1,19578273,4415,0,0,1,1,1,5220,551
org.mudebug.prapr.mutators.ArgumentListMutator_5,19583495,7052,0,0,0,0,0,5,136
org.mudebug.prapr.mutators.LocalToFieldAccessMutator_2,19583502,6706,0,0,1,1,1,59,929
org.mudebug.prapr.mutators.ArgumentListMutator_2,19583566,3263,0,0,0,0,0,5,50
org.mudebug.prapr.mutators.MethodNameMutator_9,19583573,1236,1,0,0,1,1,15,521
org.pitest.mutationtest.engine.gregor.mutators.RemoveConditionalMutator_EQUAL_ELSE,19583590,329,0,0,1,1,1,1397,298
org.mudebug.prapr.mutators.LocalNameMutator_2,19584989,7058,0,0,0,0,0,17,368
org.mudebug.prapr.mutators.MethodNameMutator_4,19585008,7250,0,0,0,0,0,0,663
org.mudebug.prapr.mutators.NonVoidMethodCallGuardMutator_0,19585010,347,0,0,0,0,0,0,516
org.mudebug.prapr.mutators.RelationalOperatorReplacement_0,19585012,1082,0,0,1,1,1,5191,836
org.mudebug.prapr.mutators.MethodNameMutator_8,19590205,1562,0,0,0,0,0,0,213
org.mudebug.prapr.mutators.DereferenceGuardMutator_0,19590207,3249,0,0,0,0,0,0,98
org.mudebug.prapr.mutators.MethCallResultGuard_2,19590209,7058,0,0,0,0,0,0,470
org.mudebug.prapr.mutators.MethodNameMutator_0,19590211,551,0,0,0,0,0,0,212
org.mudebug.prapr.mutators.ArgumentListMutator_4,19590213,5356,0,0,1,1,1,2861,351
org.pitest.mutationtest.engine.gregor.mutators.InlineConstantMutator,19593076,7204,0,0,0,0,0,19,135
org.mudebug.prapr.mutators.MethodNameMutator_4,19593097,3664,0,0,1,1,1,484,2189
org.mudebug.prapr.mutators.NonVoidMethodCallGuardMutator_0,19593583,244,0,0,0,0,0,0,187
org.mudebug.prapr.mutators.ArgumentListMutator_1,19593585,544,0,0,1,1,1,5365,118
org.pitest.mutationtest.engine.gregor.mutators.experimental.MemberVariableMutator,19598952,6650,0,0,0,1,1,69,371
org.mudebug.prapr.mutators.DereferenceGuardMutator_4,19599023,1106,0,0,0,0,0,0,1199
org.mudebug.prapr.mutators.MethodNameMutator_6,19599025,6710,0,0,0,1,1,9,1070
org.mudebug.prapr.mutators.MethCallResultGuard_2,19599036,495,0,0,0,0,0,0,174
org.pitest.mutationtest.engine.gregor.mutators.RemoveConditionalMutator_EQUAL_ELSE,19599038,1106,0,0,0,0,0,0,1085
org.pitest.mutationtest.engine.gregor.mutators.experimental.MemberVariableMutator,19599040,1777,0,0,0,0,0,0,646
org.mudebug.prapr.mutators.LocalToFieldAccessMutator_1,19599042,7064,0,0,1,1,1,5538,617
org.mudebug.prapr.mutators.MethodNameMutator_0,19604586,334,0,0,0,0,0,9,382
org.mudebug.prapr.mutators.ReturningDereferenceGuardMutator_0,19604597,7627,0,0,0,0,0,0,159
org.pitest.mutationtest.engine.gregor.mutators.experimental.MemberVariableMutator,19604599,6651,0,0,1,1,1,4342,380
org.pitest.mutationtest.engine.gregor.mutators.ReturnValsMutator,19608943,1112,0,0,1,1,1,5202,1250
org.pitest.mutationtest.engine.gregor.mutators.experimental.MemberVariableMutator,19614147,7131,0,0,0,0,0,1983,74
org.mudebug.prapr.mutators.LocalNameMutator_0,19616132,7490,0,0,0,0,0,3,254
org.mudebug.prapr.mutators.MethCallResultGuard_1,19616137,1050,0,0,0,0,0,0,381
org.mudebug.prapr.mutators.LocalNameMutator_1,19616139,6743,0,0,0,0,0,1625,1867
org.pitest.mutationtest.engine.gregor.mutators.VoidMethodCallMutator,19617766,5354,0,0,0,1,1,220,68
org.pitest.mutationtest.engine.gregor.mutators.ReturnValsMutator,19617988,334,0,0,1,1,1,4366,379
org.pitest.mutationtest.engine.gregor.mutators.NullReturnValsMutator,19622356,495,0,0,1,1,1,4330,172
org.pitest.mutationtest.engine.gregor.mutators.InlineConstantMutator,19626688,7058,0,0,1,1,1,5538,439
org.mudebug.prapr.mutators.ReturningDereferenceGuardMutator_3,19632228,6737,0,0,0,0,0,0,1783
org.pitest.mutationtest.engine.gregor.mutators.ReturnValsMutator,19632230,6649,0,0,0,1,1,0,220
org.mudebug.prapr.mutators.ReturningDereferenceGuardMutator_0,19632232,7627,0,0,0,0,0,0,159
org.mudebug.prapr.mutators.ArgumentListMutator_3,19632234,6725,0,0,0,1,1,0,1369
org.pitest.mutationtest.engine.gregor.mutators.NonVoidMethodCallMutator,19632236,6725,0,1,1,1,1,1,1367
org.mudebug.prapr.mutators.ArgumentListMutator_0,19632238,1135,0,0,0,0,0,33,1644
org.mudebug.prapr.mutators.ReturningDereferenceGuardMutator_3,19632273,7304,0,0,0,0,0,0,189
org.pitest.mutationtest.engine.gregor.mutators.experimental.MemberVariableMutator,19632275,1777,0,0,0,0,0,0,683
org.mudebug.prapr.mutators.RelationalOperatorReplacement_0,19632277,6388,0,0,1,1,1,18,265
org.mudebug.prapr.mutators.DereferenceGuardMutator_3,19632297,7627,0,0,0,0,0,0,159
org.pitest.mutationtest.engine.gregor.mutators.NegateConditionalsMutator,19632299,6728,0,0,0,1,1,2814,1412
org.pitest.mutationtest.engine.gregor.mutators.experimental.RemoveSwitchMutator_40,19635115,3584,0,0,0,0,0,99,901
org.mudebug.prapr.mutators.NonVoidMethodCallGuardMutator_0,19635216,5356,0,0,0,0,0,0,522
org.mudebug.prapr.mutators.MethCallResultGuard_0,19635218,7059,0,0,0,0,0,5,543
org.mudebug.prapr.mutators.FieldAccessToMethodCallMutator_0,19635225,6743,0,0,0,0,0,0,1873
org.pitest.mutationtest.engine.gregor.mutators.InlineConstantMutator,19635227,6732,0,0,0,0,0,5,1596
org.mudebug.prapr.mutators.RelationalOperatorReplacement_1,19635234,4666,0,0,0,0,0,5,60
org.pitest.mutationtest.engine.gregor.mutators.experimental.SwitchMutator,19635241,4410,0,0,1,1,1,5218,447
org.pitest.mutationtest.engine.gregor.mutators.ConstructorCallMutator,19640461,3713,0,0,0,0,0,38,102
org.mudebug.prapr.mutators.LocalToFieldAccessMutator_0,19640501,3447,0,0,0,0,0,2276,1076
org.mudebug.prapr.mutators.LocalToFieldAccessMutator_0,19642779,7302,0,0,0,0,0,11,106
org.mudebug.prapr.mutators.ArgumentListMutator_3,19642792,4257,0,0,0,1,1,168,408
org.pitest.mutationtest.engine.gregor.mutators.experimental.RemoveSwitchMutator_47,19642962,3636,0,0,0,0,0,0,1649
org.mudebug.prapr.mutators.FieldAccessToMethodCallMutator_1,19642964,1046,0,0,1,1,1,4574,328
org.pitest.mutationtest.engine.gregor.mutators.experimental.RemoveSwitchMutator_74,19647540,3636,0,0,0,0,0,0,1649
org.mudebug.prapr.mutators.LocalToFieldAccessMutator_2,19647542,6742,0,0,1,1,1,2939,1849
org.mudebug.prapr.mutators.FieldAccessToMethodCallMutator_2,19650483,6652,0,0,1,1,1,5084,398
org.mudebug.prapr.mutators.ReturningDereferenceGuardMutator_0,19655569,6688,0,0,0,0,0,0,764
org.mudebug.prapr.mutators.FieldNameMutator_0,19655571,1777,0,0,0,0,0,0,682
org.pitest.mutationtest.engine.gregor.mutators.NonVoidMethodCallMutator,19655573,551,0,0,0,0,0,14,215
org.mudebug.prapr.mutators.MethCallResultGuard_2,19655589,370,0,0,0,0,0,0,814
org.pitest.mutationtest.engine.gregor.mutators.InlineConstantMutator,19655591,1106,0,0,0,0,0,0,1134
org.mudebug.prapr.mutators.MethodNameMutator_6,19655593,1231,0,0,1,1,1,33,68
org.mudebug.prapr.mutators.ArgumentListMutator_5,19655628,2457,0,0,1,1,1,5291,47
org.pitest.mutationtest.engine.gregor.mutators.NullReturnValsMutator,19660921,1112,0,0,1,1,1,5202,1250
org.mudebug.prapr.mutators.RelationalOperatorReplacement_2,19666125,7250,0,0,0,0,0,0,659
org.mudebug.prapr.mutators.RelationalOperatorReplacement_2,19666127,5213,0,0,0,0,0,30,91
org.mudebug.prapr.mutators.LocalToFieldAccessMutator_0,19666159,6744,0,0,1,1,1,905,1893
org.mudebug.prapr.mutators.MethCallResultGuard_2,19667066,6972,0,0,0,0,0,0,66
org.mudebug.prapr.mutators.MethodNameMutator_6,19667068,1234,0,0,0,0,0,0,310
org.mudebug.prapr.mutators.RelationalOperatorReplacement_2,19667070,5356,0,0,0,1,1,39,507
org.pitest.mutationtest.engine.gregor.mutators.InlineConstantMutator,19667111,5356,0,0,0,1,1,39,505
org.mudebug.prapr.mutators.MethodNameMutator_7,19667152,7250,0,0,0,0,0,0,663
org.mudebug.prapr.mutators.ArgumentListMutator_3,19667154,1040,0,0,0,0,0,0,209
org.mudebug.prapr.mutators.FieldAccessToMethodCallMutator_2,19667156,6743,0,0,1,1,1,2887,1871
org.mudebug.prapr.mutators.MethodNameMutator_5,19670045,4410,0,0,1,1,1,4938,456
org.pitest.mutationtest.engine.gregor.mutators.VoidMethodCallMutator,19674985,6695,0,0,0,1,1,509,831
org.mudebug.prapr.mutators.MethodNameMutator_7,19675496,7259,0,0,0,0,0,259,823
org.pitest.mutationtest.engine.gregor.mutators.NonVoidMethodCallMutator,19675757,7503,0,0,0,0,0,18,445
org.pitest.mutationtest.engine.gregor.mutators.experimental.MemberVariableMutator,19675777,1038,0,0,0,0,0,2188,140
org.mudebug.prapr.mutators.LocalToFieldAccessMutator_1,19677967,6705,0,0,1,1,1,59,917
org.pitest.mutationtest.engine.gregor.mutators.RemoveConditionalMutator_EQUAL_ELSE,19678028,7556,0,0,0,0,0,0,67
org.pitest.mutationtest.engine.gregor.mutators.VoidMethodCallMutator,19678037,6705,0,0,0,1,1,14,917
org.pitest.mutationtest.engine.gregor.mutators.ConstructorCallMutator,19678053,7052,0,0,0,0,0,61,112
org.mudebug.prapr.mutators.FieldNameMutator_0,19678116,1133,0,0,0,0,0,3,1633
org.mudebug.prapr.mutators.ReturningDereferenceGuardMutator_3,19678124,1119,0,0,0,0,0,0,1434
org.mudebug.prapr.mutators.MethodNameMutator_0,19678131,1231,0,0,0,1,1,2,68
org.mudebug.prapr.mutators.FieldAccessToMethodCallMutator_0,19678135,1777,0,0,0,0,0,0,662
org.pitest.mutationtest.engine.gregor.mutators.InlineConstantMutator,19678137,3902,0,0,0,0,0,0,49
org.mudebug.prapr.mutators.FieldNameMutator_4,19678139,1777,0,0,0,0,0,0,709
org.mudebug.prapr.mutators.FieldAccessToMethodCallMutator_2,19678141,6651,0,0,0,0,0,23,377
org.pitest.mutationtest.engine.gregor.mutators.BooleanFalseReturnValsMutator,19678166,3564,0,0,0,1,1,42,364
org.pitest.mutationtest.engine.gregor.mutators.InlineConstantMutator,19678210,6652,0,0,0,0,0,5,393
org.mudebug.prapr.mutators.FieldAccessToMethodCallMutator_4,19678217,1777,0,0,0,0,0,0,664
org.mudebug.prapr.mutators.MethodNameMutator_0,19678219,551,0,0,0,1,1,2674,217
org.mudebug.prapr.mutators.FieldNameMutator_0,19680895,6678,0,0,1,1,1,5950,610
org.mudebug.prapr.mutators.FieldNameMutator_1,19686847,7059,0,0,0,0,0,1,548
org.mudebug.prapr.mutators.LocalNameMutator_2,19686850,5356,0,0,0,0,0,116,351
org.pitest.mutationtest.engine.gregor.mutators.NullReturnValsMutator,19686968,6673,0,0,1,1,1,5163,556
org.mudebug.prapr.mutators.NonVoidMethodCallGuardMutator_0,19692133,7058,0,0,0,0,0,0,429
org.mudebug.prapr.mutators.RelationalOperatorReplacement_0,19692135,1106,0,0,0,0,0,0,1085
org.pitest.mutationtest.engine.gregor.mutators.RemoveConditionalMutator_EQUAL_IF,19692137,5213,0,0,0,0,0,0,89
org.mudebug.prapr.mutators.LocalNameMutator_0,19692139,6743,0,0,1,1,1,2924,1867
org.mudebug.prapr.mutators.FieldAccessToMethodCallMutator_0,19695065,6683,0,0,0,0,0,386,685
org.mudebug.prapr.mutators.ArgumentListMutator_5,19695453,5356,0,0,0,0,0,0,523
org.mudebug.prapr.mutators.DereferenceGuardMutator_3,19695455,370,0,0,0,0,0,0,814
org.mudebug.prapr.mutators.MethodNameMutator_8,19695457,517,0,0,0,0,0,4,97
org.mudebug.prapr.mutators.ArithmeticOperatorReplacement_0,19695463,2459,0,0,1,1,1,5291,62
org.pitest.mutationtest.engine.gregor.mutators.NonVoidMethodCallMutator,19700756,3675,0,0,0,0,0,0,2359
org.mudebug.prapr.mutators.FieldAccessToMethodCallMutator_1,19700758,1555,0,0,0,0,0,93,160
org.pitest.mutationtest.engine.gregor.mutators.RemoveConditionalMutator_EQUAL_IF,19700853,7233,0,0,0,0,0,5,291
org.pitest.mutationtest.engine.gregor.mutators.NegateConditionalsMutator,19700860,3651,0,0,0,0,0,76,1955
org.mudebug.prapr.mutators.RelationalOperatorReplacement_1,19700938,6987,0,0,0,0,0,0,152
org.mudebug.prapr.mutators.MethodNameMutator_0,19700940,7058,0,0,0,0,0,11,303
org.pitest.mutationtest.engine.gregor.mutators.NonVoidMethodCallMutator,19700953,1119,0,0,0,1,1,154,1443
org.mudebug.prapr.mutators.MethCallResultGuard_2,19701112,6725,0,0,0,0,0,0,1369
org.mudebug.prapr.mutators.ArithmeticOperatorReplacement_2,19701114,553,0,0,0,0,0,78,267
org.mudebug.prapr.mutators.ArgumentListMutator_1,19701194,6706,0,0,0,1,1,8,967
org.mudebug.prapr.mutators.LocalToFieldAccessMutator_0,19701204,6913,0,0,0,0,0,616,470
org.mudebug.prapr.mutators.DereferenceGuardMutator_3,19701822,348,0,0,0,0,0,0,558
org.pitest.mutationtest.engine.gregor.mutators.InlineConstantMutator,19701824,6652,0,0,0,0,0,0,389
org.mudebug.prapr.mutators.MethodNameMutator_0,19701826,6726,0,0,0,0,0,301,1383
org.mudebug.prapr.mutators.FieldNameMutator_0,19702129,6678,0,0,1,1,1,5157,611
org.pitest.mutationtest.engine.gregor.mutators.InlineConstantMutator,19707288,4666,0,0,0,0,0,0,61
org.pitest.mutationtest.engine.gregor.mutators.experimental.RemoveSwitchMutator_22,19707290,5356,0,0,0,0,0,43,117
org.pitest.mutationtest.engine.gregor.mutators.experimental.MemberVariableMutator,19707335,6742,0,0,0,1,1,1853,1853
org.mudebug.prapr.mutators.DereferenceGuardMutator_3,19709190,6672,0,0,0,0,0,5,552
org.mudebug.prapr.mutators.FieldNameMutator_0,19709197,7057,0,0,0,0,0,2,230
org.mudebug.prapr.mutators.MethodNameMutator_2,19709201,547,0,0,0,0,0,127,166
org.mudebug.prapr.mutators.MethodNameMutator_0,19709330,333,0,0,0,0,0,0,364
org.mudebug.prapr.mutators.LocalToFieldAccessMutator_0,19709332,3558,0,0,0,0,0,2,123
org.mudebug.prapr.mutators.MethCallResultGuard_2,19709336,495,0,0,0,0,0,0,172
org.mudebug.prapr.mutators.ArgumentListMutator_3,19709338,543,0,0,0,0,0,4,85
org.pitest.mutationtest.engine.gregor.mutators.VoidMethodCallMutator,19709344,1106,0,0,0,0,0,194,1102
org.mudebug.prapr.mutators.FieldNameMutator_1,19709540,7059,0,0,0,0,0,87,562
org.mudebug.prapr.mutators.LocalToFieldAccessMutator_3,19709629,6696,0,0,0,0,0,8,835
org.mudebug.prapr.mutators.LocalNameMutator_0,19709639,553,0,0,0,0,0,324,267
org.pitest.mutationtest.engine.gregor.mutators.VoidMethodCallMutator,19709965,7058,0,0,0,0,0,0,539
org.mudebug.prapr.mutators.MethodNameMutator_0,19709967,558,0,0,1,1,1,4394,1194
org.mudebug.prapr.mutators.MethodNameMutator_7,19714363,6931,0,0,0,0,0,156,852
org.mudebug.prapr.mutators.FieldToLocalAccessMutator_1,19714521,6743,0,0,1,1,1,2912,1870
org.pitest.mutationtest.engine.gregor.mutators.RemoveConditionalMutator_EQUAL_ELSE,19717435,5212,0,0,0,0,0,28,64
org.mudebug.prapr.mutators.MethCallResultGuard_2,19717465,1313,0,0,0,0,0,0,84
org.pitest.mutationtest.engine.gregor.mutators.InlineConstantMutator,19717467,3584,0,0,0,0,0,5,969
org.mudebug.prapr.mutators.ArgumentListMutator_2,19717474,7059,0,0,1,1,1,5538,555
org.mudebug.prapr.mutators.FieldNameMutator_2,19723014,7058,0,0,1,1,1,5538,341
org.mudebug.prapr.mutators.ArgumentListMutator_0,19728554,1311,0,0,0,0,0,0,62
org.pitest.mutationtest.engine.gregor.mutators.InlineConstantMutator,19728556,6744,0,0,0,0,0,0,1889
org.mudebug.prapr.mutators.LocalNameMutator_1,19728558,6743,0,0,0,0,0,2048,1873
org.pitest.mutationtest.engine.gregor.mutators.ConstructorCallMutator,19730608,7058,0,0,1,1,1,5538,382
org.pitest.mutationtest.engine.gregor.mutators.RemoveConditionalMutator_EQUAL_ELSE,19736148,5358,0,0,0,0,0,0,759
org.pitest.mutationtest.engine.gregor.mutators.ArgumentPropagationMutator,19736150,7063,0,0,0,0,0,146,602
org.mudebug.prapr.mutators.MethodNameMutator_0,19736298,4411,0,0,0,0,0,23,471
org.mudebug.prapr.mutators.LocalNameMutator_2,19736323,7058,0,0,0,0,0,3,394
org.pitest.mutationtest.engine.gregor.mutators.RemoveConditionalMutator_EQUAL_ELSE,19736328,7259,0,0,0,0,0,264,823
org.mudebug.prapr.mutators.LocalToFieldAccessMutator_0,19736594,4411,0,0,1,1,1,4269,500
org.pitest.mutationtest.engine.gregor.mutators.RemoveConditionalMutator_EQUAL_ELSE,19740865,515,0,0,0,0,0,0,57
org.mudebug.prapr.mutators.FieldAccessToMethodCallMutator_0,19740874,7263,0,0,0,0,0,0,853
org.mudebug.prapr.mutators.MethodNameMutator_8,19740876,7204,0,0,0,0,0,12,135
org.mudebug.prapr.mutators.ReturningDereferenceGuardMutator_3,19740890,6975,0,0,0,0,0,0,81
org.mudebug.prapr.mutators.MethodNameMutator_0,19740892,4679,0,0,0,0,0,26,115
org.pitest.mutationtest.engine.gregor.mutators.InlineConstantMutator,19740928,5212,0,0,0,0,0,0,51
org.mudebug.prapr.mutators.ReturningDereferenceGuardMutator_4,19740930,558,0,0,0,0,0,0,1194
org.pitest.mutationtest.engine.gregor.mutators.experimental.MemberVariableMutator,19740932,1777,0,0,0,0,0,0,708
org.mudebug.prapr.mutators.MethodNameMutator_4,19740934,517,0,0,0,0,0,1412,95
org.mudebug.prapr.mutators.ArgumentListMutator_4,19742348,6725,0,0,0,1,1,0,1369
org.mudebug.prapr.mutators.FieldNameMutator_5,19742350,1777,0,0,0,0,0,52,658
org.pitest.mutationtest.engine.gregor.mutators.NegateConditionalsMutator,19742404,5356,0,0,0,1,1,201,368
org.mudebug.prapr.mutators.RelationalOperatorReplacement_0,19742614,7199,0,0,0,0,0,1654,80
org.mudebug.prapr.mutators.LocalToFieldAccessMutator_0,19744270,1048,0,0,0,0,0,1632,348
org.mudebug.prapr.mutators.MethodNameMutator_7,19745904,7247,0,0,0,0,0,0,597
org.mudebug.prapr.mutators.DereferenceGuardMutator_2,19745906,6684,0,0,0,0,0,4,697
org.mudebug.prapr.mutators.NonVoidMethodCallGuardMutator_0,19745912,369,0,0,0,0,0,0,806
org.mudebug.prapr.mutators.ArgumentListMutator_1,19745914,6384,0,0,1,1,1,2403,244
org.mudebug.prapr.mutators.RelationalOperatorReplacement_3,19748319,6867,0,0,0,0,0,807,159
org.mudebug.prapr.mutators.RelationalOperatorReplacement_2,19749128,4667,0,0,0,1,1,2583,69
org.mudebug.prapr.mutators.MethCallResultGuard_0,19751713,5356,0,0,0,0,0,1,215
org.mudebug.prapr.mutators.MethCallResultGuard_1,19751716,6725,0,0,0,0,0,0,1369
org.mudebug.prapr.mutators.MethodNameMutator_6,19751721,1234,0,0,1,1,1,32,262
org.mudebug.prapr.mutators.MethodNameMutator_2,19751755,556,0,0,0,0,0,0,1186
org.mudebug.prapr.mutators.FieldNameMutator_0,19751757,1106,0,0,0,0,0,24,1185
org.mudebug.prapr.mutators.RelationalOperatorReplacement_1,19751783,495,0,0,0,0,0,0,173
org.mudebug.prapr.mutators.RelationalOperatorReplacement_0,19751785,3558,0,0,0,1,1,48,128
org.mudebug.prapr.mutators.MethodNameMutator_2,19751835,561,0,0,0,0,0,0,1206
org.mudebug.prapr.mutators.LocalNameMutator_0,19751837,7058,0,0,0,0,0,92,313
org.mudebug.prapr.mutators.MethCallResultGuard_1,19751931,1044,0,0,0,0,0,0,284
org.pitest.mutationtest.engine.gregor.mutators.experimental.RemoveSwitchMutator_64,19751933,5356,0,0,0,0,0,0,117
org.mudebug.prapr.mutators.VoidMethodCallGuardMutator,19751935,4410,0,0,0,0,0,5,457
org.mudebug.prapr.mutators.FieldAccessToMethodCallMutator_4,19751942,6728,0,0,0,1,1,2809,1407
org.pitest.mutationtest.engine.gregor.mutators.experimental.MemberVariableMutator,19754753,6652,0,0,1,1,1,4680,404
org.mudebug.prapr.mutators.FieldNameMutator_0,19759435,7503,0,0,0,0,0,456,450
org.mudebug.prapr.mutators.FieldNameMutator_5,19759893,1777,0,0,0,0,0,0,704
org.pitest.mutationtest.engine.gregor.mutators.BooleanFalseReturnValsMutator,19759899,7265,0,0,0,0,0,0,867
org.mudebug.prapr.mutators.MethodNameMutator_2,19759901,7382,0,0,0,0,0,0,431
org.mudebug.prapr.mutators.RelationalOperatorReplacement_3,19759903,1053,0,0,0,1,1,4574,441
org.pitest.mutationtest.engine.gregor.mutators.NullReturnValsMutator,19764479,7302,0,0,0,0,0,0,136
org.mudebug.prapr.mutators.DereferenceGuardMutator_1,19764481,6684,0,0,0,0,0,0,695
org.pitest.mutationtest.engine.gregor.mutators.experimental.RemoveSwitchMutator_4,19764483,6649,0,0,0,0,0,0,175
org.mudebug.prapr.mutators.MethodNameMutator_0,19764485,244,0,0,0,0,0,26,187
org.mudebug.prapr.mutators.ReturningDereferenceGuardMutator_4,19764513,7232,0,0,0,0,0,0,272
org.mudebug.prapr.mutators.MethodNameMutator_0,19764515,6728,0,0,0,1,1,2809,1409
org.pitest.mutationtest.engine.gregor.mutators.EmptyObjectReturnValsMutator,19767326,1119,0,0,0,1,1,130,1443
org.pitest.mutationtest.engine.gregor.mutators.experimental.NakedReceiverMutator,19767458,6706,0,0,0,1,1,2,1024
org.pitest.mutationtest.engine.gregor.mutators.BooleanTrueReturnValsMutator,19767462,6691,0,0,0,1,1,2058,800
org.mudebug.prapr.mutators.RelationalOperatorReplacement_2,19769522,5375,0,0,0,1,1,34,1036
org.mudebug.prapr.mutators.MethodNameMutator_2,19769558,3902,0,0,0,0,0,0,49
org.mudebug.prapr.mutators.MethCallResultGuard_1,19769560,7059,0,0,0,0,0,0,552
org.mudebug.prapr.mutators.FieldAccessToMethodCallMutator_1,19769562,1537,0,0,0,0,0,0,32
org.mudebug.prapr.mutators.ArgumentListMutator_4,19769564,6684,0,0,0,0,0,4,697
org.mudebug.prapr.mutators.ReturningDereferenceGuardMutator_0,19769570,4627,0,0,0,0,0,0,94
org.pitest.mutationtest.engine.gregor.mutators.experimental.RemoveSwitchMutator_72,19769572,3636,0,0,0,0,0,0,1649
org.mudebug.prapr.mutators.LocalNameMutator_0,19769574,1046,0,0,1,1,1,4554,307
org.pitest.mutationtest.engine.gregor.mutators.experimental.RemoveSwitchMutator_1,19774130,3564,0,0,0,0,0,4,338
org.mudebug.prapr.mutators.ReturningDereferenceGuardMutator_4,19774136,7063,0,0,0,0,0,5,602
org.mudebug.prapr.mutators.ArgumentListMutator_4,19774143,3498,0,0,1,1,1,5209,453
org.pitest.mutationtest.engine.gregor.mutators.InlineConstantMutator,19779354,5212,0,0,0,0,0,26,54
org.pitest.mutationtest.engine.gregor.mutators.NonVoidMethodCallMutator,19779382,2858,0,0,1,1,1,5291,45
org.mudebug.prapr.mutators.MethodNameMutator_1,19784675,7200,0,0,0,0,0,0,104
org.mudebug.prapr.mutators.ReturningDereferenceGuardMutator_0,19784677,5209,0,0,0,0,0,0,288
org.mudebug.prapr.mutators.RelationalOperatorReplacement_0,19784679,5356,0,0,1,1,1,714,215
org.mudebug.prapr.mutators.FieldNameMutator_0,19785395,1101,0,0,0,0,0,23,1020
org.mudebug.prapr.mutators.ArgumentListMutator_4,19785420,3711,0,0,1,1,1,5303,72
org.mudebug.prapr.mutators.FieldAccessToMethodCallMutator_4,19790725,6742,0,0,1,1,1,2939,1854
org.mudebug.prapr.mutators.NonVoidMethodCallGuardMutator_0,19793666,3563,0,0,0,0,0,0,304
org.pitest.mutationtest.engine.gregor.mutators.NonVoidMethodCallMutator,19793668,6726,0,0,0,1,1,1483,1383
org.mudebug.prapr.mutators.RelationalOperatorReplacement_1,19795153,5356,0,0,0,0,0,0,364
org.mudebug.prapr.mutators.MethodNameMutator_4,19795155,7497,0,0,0,0,0,1,377
org.mudebug.prapr.mutators.FieldAccessToMethodCallMutator_0,19795158,1777,0,0,0,0,0,41,721
org.mudebug.prapr.mutators.ReturningDereferenceGuardMutator_3,19795201,554,0,0,0,0,0,0,272
org.pitest.mutationtest.engine.gregor.mutators.InlineConstantMutator,19795203,6714,0,0,0,1,1,110,1164
org.mudebug.prapr.mutators.MethCallResultGuard_2,19795315,6710,0,0,0,0,0,0,1064
org.pitest.mutationtest.engine.gregor.mutators.ConstructorCallMutator,19795317,2967,0,0,1,1,1,2833,606
org.pitest.mutationtest.engine.gregor.mutators.InlineConstantMutator,19798152,5356,0,0,0,0,0,1,431
org.mudebug.prapr.mutators.DereferenceGuardMutator_0,19798155,7380,0,0,0,0,0,0,396
org.mudebug.prapr.mutators.FieldNameMutator_4,19798157,1777,0,0,0,0,0,0,702
org.mudebug.prapr.mutators.FieldAccessToMethodCallMutator_3,19798159,1777,0,0,0,0,0,0,739
org.mudebug.prapr.mutators.MethodNameMutator_1,19798161,1231,0,0,0,0,0,5,72
org.mudebug.prapr.mutators.FieldAccessToMethodCallMutator_0,19798168,1106,0,0,1,1,1,2982,1135
org.mudebug.prapr.mutators.RelationalOperatorReplacement_0,19801152,4260,0,0,0,0,0,127,453
org.mudebug.prapr.mutators.MethCallResultGuard_2,19801289,7764,0,0,0,0,0,0,465
org.mudebug.prapr.mutators.ReturningDereferenceGuardMutator_1,19801291,4413,0,0,0,0,0,0,523
org.mudebug.prapr.mutators.RelationalOperatorReplacement_0,19801293,6706,0,0,0,0,0,6,1029
org.mudebug.prapr.mutators.ReturningDereferenceGuardMutator_4,19801301,6651,0,0,0,0,0,0,377
org.mudebug.prapr.mutators.ReturningDereferenceGuardMutator_4,19801303,5214,0,0,0,0,0,0,112
org.mudebug.prapr.mutators.MethodNameMutator_2,19801305,1248,0,0,0,0,0,0,867
org.mudebug.prapr.mutators.MethodNameMutator_1,19801307,551,0,0,1,1,1,5370,206
org.pitest.mutationtest.engine.gregor.mutators.RemoveConditionalMutator_EQUAL_IF,19806679,3592,0,0,0,0,0,554,1084
org.mudebug.prapr.mutators.FieldNameMutator_3,19807235,1777,0,0,0,0,0,0,642
org.mudebug.prapr.mutators.ArgumentListMutator_3,19807237,7783,0,0,0,1,1,580,351
org.mudebug.prapr.mutators.FieldNameMutator_1,19807819,5378,0,0,0,0,0,1,1083
org.mudebug.prapr.mutators.MethodNameMutator_0,19807822,5356,0,0,0,0,0,5,98
org.mudebug.prapr.mutators.MethCallResultGuard_1,19807829,7059,0,0,0,0,0,0,563
org.mudebug.prapr.mutators.FieldAccessToMethodCallMutator_2,19807831,1129,0,0,1,1,1,5308,1604
org.pitest.mutationtest.engine.gregor.mutators.RemoveConditionalMutator_ORDER_IF,19813141,1563,0,0,0,0,0,46,251
org.mudebug.prapr.mutators.FieldAccessToMethodCallMutator_4,19813189,6711,0,0,1,1,1,5365,1133
org.mudebug.prapr.mutators.FieldAccessToMethodCallMutator_2,19818556,6683,0,0,0,0,0,5,685
org.mudebug.prapr.mutators.MethodNameMutator_4,19818563,245,0,0,0,0,0,2,198
org.mudebug.prapr.mutators.MethodNameMutator_6,19818567,7302,0,0,0,0,0,104,98
org.mudebug.prapr.mutators.DereferenceGuardMutator_0,19818673,347,0,0,0,0,0,0,512
org.mudebug.prapr.mutators.ReturningDereferenceGuardMutator_4,19818675,1038,0,0,0,0,0,0,191
org.pitest.mutationtest.engine.gregor.mutators.RemoveConditionalMutator_EQUAL_ELSE,19818677,7355,0,0,0,0,0,201,113
org.mudebug.prapr.mutators.FieldToLocalAccessMutator_0,19818880,6743,0,0,1,1,1,2912,1870
org.mudebug.prapr.mutators.RelationalOperatorReplacement_2,19821794,6696,0,0,0,1,1,580,836
org.mudebug.prapr.mutators.RelationalOperatorReplacement_1,19822376,6913,0,0,0,0,0,0,470
org.mudebug.prapr.mutators.MethCallResultGuard_1,19822378,6706,0,0,0,0,0,0,977
org.pitest.mutationtest.engine.gregor.mutators.experimental.RemoveSwitchMutator_43,19822380,495,0,0,0,0,0,10,119
org.pitest.mutationtest.engine.gregor.mutators.experimental.MemberVariableMutator,19822392,1777,0,0,0,0,0,0,718
org.pitest.mutationtest.engine.gregor.mutators.experimental.RemoveSwitchMutator_64,19822394,555,0,0,0,0,0,0,872
org.mudebug.prapr.mutators.LocalToFieldAccessMutator_0,19822396,551,0,0,0,0,0,37,224
org.mudebug.prapr.mutators.RelationalOperatorReplacement_2,19822437,3592,0,0,0,0,0,44,1084
org.pitest.mutationtest.engine.gregor.mutators.experimental.MemberVariableMutator,19822483,1777,0,0,0,0,0,0,745
org.mudebug.prapr.mutators.ReturningDereferenceGuardMutator_3,19822485,5209,0,0,0,0,0,0,288
org.pitest.mutationtest.engine.gregor.mutators.experimental.MemberVariableMutator,19822487,2071,0,0,0,0,0,10,38
org.mudebug.prapr.mutators.MethodNameMutator_0,19822499,1043,0,0,1,1,1,2889,270
org.mudebug.prapr.mutators.RelationalOperatorReplacement_1,19825390,7204,0,0,0,0,0,145,135
org.mudebug.prapr.mutators.MethodNameMutator_8,19825537,5375,0,0,1,1,1,376,1032
org.mudebug.prapr.mutators.MethodNameMutator_1,19825915,547,0,0,0,0,0,0,166
org.mudebug.prapr.mutators.FieldAccessToMethodCallMutator_4,19825917,6678,0,0,0,0,0,0,603
org.mudebug.prapr.mutators.LocalToFieldAccessMutator_3,19825919,6692,0,0,0,0,0,602,808
org.mudebug.prapr.mutators.ReturningDereferenceGuardMutator_4,19826523,5356,0,0,0,0,0,0,76
org.mudebug.prapr.mutators.FieldNameMutator_1,19826525,5356,0,0,0,0,0,141,339
org.mudebug.prapr.mutators.MethodNameMutator_1,19826668,247,0,0,1,1,1,2861,247
org.mudebug.prapr.mutators.ArgumentListMutator_0,19829531,5356,0,0,1,1,1,1074,439
org.mudebug.prapr.mutators.LocalNameMutator_0,19830607,4411,0,0,1,1,1,4269,497
org.mudebug.prapr.mutators.NonVoidMethodCallGuardMutator_0,19834878,7200,0,0,0,0,0,5,95
org.mudebug.prapr.mutators.MethodNameMutator_1,19834885,517,0,0,0,0,0,4,97
org.mudebug.prapr.mutators.ReturningDereferenceGuardMutator_1,19834891,369,0,0,0,0,0,0,807
org.mudebug.prapr.mutators.VoidMethodCallGuardMutator,19834893,7058,0,0,0,0,0,0,294
org.mudebug.prapr.mutators.VoidMethodCallGuardMutator,19834895,1046,0,0,0,0,0,0,304
org.pitest.mutationtest.engine.gregor.mutators.ConstructorCallMutator,19834897,1042,0,0,0,0,0,93,262
org.pitest.mutationtest.engine.gregor.mutators.NegateConditionalsMutator,19834992,1560,0,0,0,1,1,909,184
org.mudebug.prapr.mutators.LocalToFieldAccessMutator_1,19835903,6673,0,0,1,1,1,5469,556
org.mudebug.prapr.mutators.MethodNameMutator_4,19841374,7233,0,0,0,0,0,5,297
org.pitest.mutationtest.engine.gregor.mutators.RemoveConditionalMutator_EQUAL_ELSE,19841381,5365,0,0,0,0,0,156,837
org.mudebug.prapr.mutators.RelationalOperatorReplacement_1,19841539,6732,0,0,0,0,0,6,1596
org.mudebug.prapr.mutators.LocalToFieldAccessMutator_3,19841547,6706,0,0,0,1,1,0,967
org.mudebug.prapr.mutators.RelationalOperatorReplacement_1,19841551,247,0,0,0,0,0,0,247
org.mudebug.prapr.mutators.FieldAccessToMethodCallMutator_1,19841553,1038,0,0,0,0,0,0,110
org.mudebug.prapr.mutators.FieldAccessToMethodCallMutator_2,19841555,6732,0,0,0,0,0,0,1624
org.pitest.mutationtest.engine.gregor.mutators.experimental.MemberVariableMutator,19841557,7302,0,0,0,0,0,1,144
org.mudebug.prapr.mutators.LocalToFieldAccessMutator_0,19841560,7618,0,0,0,0,0,55,96
org.mudebug.prapr.mutators.RelationalOperatorReplacement_3,19841617,1564,0,0,0,0,0,99,262
org.mudebug.prapr.mutators.ReturningDereferenceGuardMutator_0,19841718,931,0,0,0,0,0,0,633
org.mudebug.prapr.mutators.RelationalOperatorReplacement_1,19841720,3558,0,0,0,1,1,54,123
org.mudebug.prapr.mutators.NonVoidMethodCallGuardMutator_0,19841776,7204,0,0,0,0,0,0,135
org.mudebug.prapr.mutators.LocalToFieldAccessMutator_3,19841778,6696,0,0,0,1,1,580,837
org.mudebug.prapr.mutators.RelationalOperatorReplacement_3,19842360,5356,0,0,0,0,0,3,505
org.mudebug.prapr.mutators.ReturningDereferenceGuardMutator_1,19842365,6696,0,0,0,0,0,0,837
org.mudebug.prapr.mutators.MethCallResultGuard_1,19842367,245,0,0,0,0,0,0,198
org.mudebug.prapr.mutators.LocalToFieldAccessMutator_0,19842369,6687,0,0,1,1,1,5365,759
org.mudebug.prapr.mutators.MethCallResultGuard_0,19847736,550,0,0,0,0,0,5,193
org.mudebug.prapr.mutators.RelationalOperatorReplacement_0,19847743,159,0,0,0,0,0,1,649
org.pitest.mutationtest.engine.gregor.mutators.NonVoidMethodCallMutator,19847746,1236,1,0,0,1,1,15,520
org.mudebug.prapr.mutators.FieldNameMutator_2,19847763,7058,0,0,0,0,0,262,514
org.mudebug.prapr.mutators.MethCallResultGuard_2,19848027,495,0,0,0,0,0,0,266
org.pitest.mutationtest.engine.gregor.mutators.experimental.RemoveSwitchMutator_60,19848029,5356,0,0,0,0,0,556,117
org.mudebug.prapr.mutators.MethodNameMutator_0,19848587,1049,0,1,1,1,1,2591,368
org.mudebug.prapr.mutators.FieldNameMutator_5,19851179,7059,0,0,0,0,0,1710,550
org.mudebug.prapr.mutators.MethCallResultGuard_1,19852891,359,0,0,0,0,0,0,674
org.mudebug.prapr.mutators.MethodNameMutator_4,19852893,7250,0,0,0,0,0,31,662
org.mudebug.prapr.mutators.LocalToFieldAccessMutator_0,19852926,6725,0,0,1,1,1,1,1369
org.mudebug.prapr.mutators.FieldNameMutator_1,19852929,7476,0,0,0,0,0,19,202
org.mudebug.prapr.mutators.MethodNameMutator_2,19852950,517,0,0,0,1,1,141,116
org.mudebug.prapr.mutators.ArgumentListMutator_4,19853093,7059,0,0,1,1,1,5538,545
org.mudebug.prapr.mutators.MethCallResultGuard_2,19858633,7059,0,0,0,0,0,0,556
org.mudebug.prapr.mutators.DereferenceGuardMutator_0,19858635,353,0,0,0,0,0,0,617
org.mudebug.prapr.mutators.MethodNameMutator_9,19858637,7247,0,0,0,0,0,2100,597
org.mudebug.prapr.mutators.MethCallResultGuard_1,19860739,6707,0,0,0,0,0,0,1043
org.mudebug.prapr.mutators.MethodNameMutator_1,19860744,5356,0,0,1,1,1,2629,82
org.mudebug.prapr.mutators.LocalToFieldAccessMutator_0,19863375,6690,0,0,1,1,1,5125,793
org.mudebug.prapr.mutators.FieldNameMutator_2,19868502,1777,0,0,0,0,0,0,683
org.mudebug.prapr.mutators.RelationalOperatorReplacement_3,19868504,7255,0,0,0,0,0,35,757
org.mudebug.prapr.mutators.NonVoidMethodCallGuardMutator_0,19868543,7764,0,0,0,0,0,5,469
org.mudebug.prapr.mutators.FieldNameMutator_4,19868550,7059,0,0,0,0,0,1,548
org.mudebug.prapr.mutators.FieldToLocalAccessMutator_0,19868553,7064,0,0,0,0,0,7,619
org.mudebug.prapr.mutators.MethCallResultGuard_1,19868562,348,0,0,0,0,0,0,558
org.mudebug.prapr.mutators.FieldNameMutator_4,19868564,1777,0,0,0,0,0,0,696
org.mudebug.prapr.mutators.ArithmeticOperatorReplacement_4,19868566,347,0,0,0,0,0,28,520
org.mudebug.prapr.mutators.NonVoidMethodCallGuardMutator_0,19868596,1086,0,0,0,0,0,0,871
org.mudebug.prapr.mutators.LocalNameMutator_0,19868598,6687,0,0,1,1,1,5266,756
org.mudebug.prapr.mutators.FieldAccessToMethodCallMutator_0,19873869,7304,0,0,0,0,0,2018,186
org.mudebug.prapr.mutators.ReturningDereferenceGuardMutator_2,19875889,7064,0,0,0,0,0,0,615
org.mudebug.prapr.mutators.DereferenceGuardMutator_0,19875891,517,0,0,0,0,0,0,98
org.mudebug.prapr.mutators.MethCallResultGuard_0,19875893,6725,0,0,0,0,0,0,1369
org.mudebug.prapr.mutators.MethCallResultGuard_2,19875895,7058,0,0,0,0,0,0,458
org.pitest.mutationtest.engine.gregor.mutators.NegateConditionalsMutator,19875897,1555,0,0,0,1,1,227,154
org.mudebug.prapr.mutators.MethCallResultGuard_1,19876126,7090,0,0,0,0,0,0,934
org.mudebug.prapr.mutators.FieldNameMutator_1,19876128,7058,0,0,1,1,1,5226,455
org.mudebug.prapr.mutators.ArgumentListMutator_0,19881356,7059,0,0,1,1,1,5538,553
org.mudebug.prapr.mutators.MethodNameMutator_1,19886896,7365,0,0,0,0,0,4,229
org.mudebug.prapr.mutators.MethodNameMutator_1,19886916,504,0,0,1,1,1,5753,81
org.pitest.mutationtest.engine.gregor.mutators.experimental.MemberVariableMutator,19892671,6687,0,0,0,1,1,2225,758
org.pitest.mutationtest.engine.gregor.mutators.NonVoidMethodCallMutator,19894898,1106,0,0,1,1,1,2977,1098
org.pitest.mutationtest.engine.gregor.mutators.ArgumentPropagationMutator,19897877,551,0,0,0,0,0,39,223
org.mudebug.prapr.mutators.LocalToFieldAccessMutator_2,19897918,1044,0,0,1,1,1,4566,284
org.mudebug.prapr.mutators.MethodNameMutator_5,19902486,334,0,0,0,0,0,22,382
org.mudebug.prapr.mutators.DereferenceGuardMutator_0,19902510,1041,0,0,0,0,0,5,220
org.mudebug.prapr.mutators.FieldToLocalAccessMutator_1,19902517,6683,0,0,1,1,1,2674,685
org.mudebug.prapr.mutators.FieldAccessToMethodCallMutator_3,19905193,6671,0,0,1,1,1,5591,548
org.mudebug.prapr.mutators.FieldNameMutator_0,19910786,7300,0,0,0,0,0,0,72
org.mudebug.prapr.mutators.DereferenceGuardMutator_0,19910788,1134,0,0,0,0,0,0,1638
org.mudebug.prapr.mutators.FieldAccessToMethodCallMutator_0,19910790,6669,0,0,1,1,1,3688,540
org.mudebug.prapr.mutators.ReturningDereferenceGuardMutator_4,19914480,1119,0,0,0,0,0,0,1437
org.pitest.mutationtest.engine.gregor.mutators.NegateConditionalsMutator,19914482,7061,0,0,1,1,1,5538,576
org.mudebug.prapr.mutators.ReturningDereferenceGuardMutator_0,19920022,1106,0,0,0,0,0,0,1102
org.pitest.mutationtest.engine.gregor.mutators.InlineConstantMutator,19920024,245,0,0,1,1,1,4269,197
org.mudebug.prapr.mutators.FieldNameMutator_4,19924295,1777,0,0,0,0,0,0,664
org.pitest.mutationtest.engine.gregor.mutators.RemoveConditionalMutator_EQUAL_ELSE,19924297,7497,0,0,0,0,0,1,377
org.mudebug.prapr.mutators.FieldNameMutator_5,19924300,1777,0,0,0,0,0,0,706
org.mudebug.prapr.mutators.FieldNameMutator_4,19924302,1777,0,0,0,0,0,74,731
org.pitest.mutationtest.engine.gregor.mutators.NonVoidMethodCallMutator,19924378,347,0,0,0,0,0,778,513
org.pitest.mutationtest.engine.gregor.mutators.experimental.MemberVariableMutator,19925158,4256,0,0,0,0,0,0,385
org.mudebug.prapr.mutators.MethCallResultGuard_2,19925160,7233,0,0,0,0,0,0,291
org.pitest.mutationtest.engine.gregor.mutators.NullReturnValsMutator,19925162,558,0,0,1,1,1,4394,1194
org.mudebug.prapr.mutators.ArithmeticOperatorReplacement_5,19929558,5219,0,0,0,0,0,2625,181
org.pitest.mutationtest.engine.gregor.mutators.NegateConditionalsMutator,19932185,495,0,0,1,1,1,696,173
org.mudebug.prapr.mutators.DereferenceGuardMutator_1,19932883,6721,0,0,0,0,0,1,1331
org.mudebug.prapr.mutators.MethodNameMutator_3,19932886,5356,0,0,1,1,1,1504,499
org.pitest.mutationtest.engine.gregor.mutators.InlineConstantMutator,19934392,3569,0,0,1,1,1,213,494
org.mudebug.prapr.mutators.RelationalOperatorReplacement_0,19934609,7198,0,0,0,0,0,553,67
org.mudebug.prapr.mutators.FieldNameMutator_1,19935164,1777,0,0,0,0,0,0,632
org.mudebug.prapr.mutators.FieldNameMutator_1,19935166,7058,0,0,0,0,0,2252,374
org.mudebug.prapr.mutators.MethCallResultGuard_0,19937420,7058,0,0,0,0,0,0,443
org.pitest.mutationtest.engine.gregor.mutators.RemoveConditionalMutator_EQUAL_ELSE,19937422,1562,0,0,0,0,0,1,217
org.pitest.mutationtest.engine.gregor.mutators.RemoveConditionalMutator_EQUAL_ELSE,19937425,7250,0,0,0,0,0,0,662
org.pitest.mutationtest.engine.gregor.mutators.experimental.RemoveSwitchMutator_70,19937427,495,0,0,0,0,0,0,119
org.mudebug.prapr.mutators.LocalNameMutator_1,19937429,7058,0,0,0,0,0,12,518
org.mudebug.prapr.mutators.ArgumentListMutator_4,19937443,7052,0,0,0,0,0,0,92
org.mudebug.prapr.mutators.LocalToFieldAccessMutator_3,19937445,6743,0,0,0,0,0,1979,1869
org.mudebug.prapr.mutators.LocalToFieldAccessMutator_0,19939426,6742,0,0,1,1,1,2939,1853
org.mudebug.prapr.mutators.NonVoidMethodCallGuardMutator_0,19942367,2306,0,0,0,0,0,0,41
org.pitest.mutationtest.engine.gregor.mutators.ArgumentPropagationMutator,19942369,7064,0,0,0,0,0,12,619
org.mudebug.prapr.mutators.LocalToFieldAccessMutator_0,19942383,1042,0,0,1,1,1,5290,228
org.mudebug.prapr.mutators.RelationalOperatorReplacement_2,19947675,5376,0,0,1,1,1,185,1051
org.mudebug.prapr.mutators.ArgumentListMutator_4,19947862,7247,0,0,0,0,0,0,597
org.mudebug.prapr.mutators.MethodNameMutator_6,19947864,7302,0,0,0,0,0,14,127
org.mudebug.prapr.mutators.ArgumentListMutator_1,19947880,5212,0,0,1,1,1,2868,51
org.pitest.mutationtest.engine.gregor.mutators.RemoveConditionalMutator_EQUAL_ELSE,19950750,1248,0,0,0,0,0,0,867
org.mudebug.prapr.mutators.ArgumentListMutator_1,19950752,1118,0,0,1,1,1,2730,1426
org.mudebug.prapr.mutators.RelationalOperatorReplacement_2,19953484,7302,0,0,0,0,0,0,110
org.mudebug.prapr.mutators.MethodNameMutator_1,19953486,1311,0,0,0,1,1,142,63
org.mudebug.prapr.mutators.DereferenceGuardMutator_3,19953630,7627,0,0,0,0,0,0,159
org.mudebug.prapr.mutators.FieldNameMutator_2,19953632,7059,0,0,0,0,0,2,554
org.mudebug.prapr.mutators.FieldAccessToMethodCallMutator_3,19953636,1777,0,0,0,0,0,0,685
org.mudebug.prapr.mutators.RelationalOperatorReplacement_0,19953638,4667,0,0,0,1,1,2583,69
org.mudebug.prapr.mutators.NonVoidMethodCallGuardMutator_0,19956223,5376,0,0,0,0,0,0,1046
org.pitest.mutationtest.engine.gregor.mutators.ConstructorCallMutator,19956225,7058,0,0,1,1,1,5538,269
org.pitest.mutationtest.engine.gregor.mutators.NonVoidMethodCallMutator,19961765,4415,0,0,0,0,0,3889,546
org.mudebug.prapr.mutators.MethCallResultGuard_1,19965656,6710,0,0,0,0,0,0,1066
org.mudebug.prapr.mutators.RelationalOperatorReplacement_0,19965658,7382,0,0,0,0,0,221,415
org.mudebug.prapr.mutators.FieldAccessToMethodCallMutator_3,19965881,1777,0,0,0,0,0,0,681
org.mudebug.prapr.mutators.LocalNameMutator_0,19965883,5356,0,0,0,0,0,73,499
org.mudebug.prapr.mutators.LocalToFieldAccessMutator_0,19965958,6697,0,0,1,1,1,27,851
org.pitest.mutationtest.engine.gregor.mutators.RemoveConditionalMutator_EQUAL_ELSE,19965987,7303,0,0,0,0,0,11,158
org.mudebug.prapr.mutators.FieldAccessToMethodCallMutator_0,19966000,6728,0,0,0,0,0,5,1418
org.mudebug.prapr.mutators.RelationalOperatorReplacement_2,19966007,5212,0,0,0,0,0,28,65
org.pitest.mutationtest.engine.gregor.mutators.NullReturnValsMutator,19966037,495,0,0,1,1,1,5365,255
org.mudebug.prapr.mutators.MethCallResultGuard_2,19971404,7503,0,0,0,0,0,0,445
org.mudebug.prapr.mutators.MethCallResultGuard_2,19971406,1311,0,0,0,0,0,0,63
org.mudebug.prapr.mutators.MethCallResultGuard_1,19971408,1245,0,0,0,0,0,0,713
org.mudebug.prapr.mutators.LocalNameMutator_1,19971410,247,0,0,0,0,0,2706,251
org.mudebug.prapr.mutators.NonVoidMethodCallGuardMutator_0,19974118,343,0,0,0,0,0,0,463
org.pitest.mutationtest.engine.gregor.mutators.experimental.RemoveSwitchMutator_9,19974120,3584,0,0,0,0,0,16,901
org.mudebug.prapr.mutators.ArgumentListMutator_5,19974138,6706,0,0,0,1,1,0,1020
org.mudebug.prapr.mutators.LocalNameMutator_1,19974140,7058,0,0,0,0,0,0,310
org.mudebug.prapr.mutators.FieldAccessToMethodCallMutator_0,19974142,7557,0,0,0,0,0,5,76
org.mudebug.prapr.mutators.ArgumentListMutator_4,19974149,7197,0,0,1,1,1,5538,52
org.mudebug.prapr.mutators.MethodNameMutator_3,19979689,7259,0,0,0,0,0,0,823
org.mudebug.prapr.mutators.LocalNameMutator_0,19979691,7058,0,0,0,0,0,17,377
org.mudebug.prapr.mutators.LocalToFieldAccessMutator_1,19979710,6684,0,0,1,1,1,1029,697
org.mudebug.prapr.mutators.ReturningDereferenceGuardMutator_4,19980741,705,0,0,0,0,0,0,57
org.mudebug.prapr.mutators.ReturningDereferenceGuardMutator_3,19980743,7230,0,0,0,0,0,0,251
org.mudebug.prapr.mutators.MethodNameMutator_0,19980745,4666,0,0,0,0,0,0,60
org.pitest.mutationtest.engine.gregor.mutators.ArgumentPropagationMutator,19980747,359,0,0,0,1,1,2930,674
org.pitest.mutationtest.engine.gregor.mutators.InlineConstantMutator,19983679,4411,0,0,1,1,1,4269,500
org.mudebug.prapr.mutators.LocalNameMutator_1,19987950,7058,0,0,0,0,0,2250,364
org.mudebug.prapr.mutators.FieldToLocalAccessMutator_0,19990202,7785,0,0,0,1,1,580,361
org.mudebug.prapr.mutators.ArgumentListMutator_2,19990784,245,0,0,0,0,0,0,197
org.mudebug.prapr.mutators.ReturningDereferenceGuardMutator_1,19990786,5209,0,0,0,0,0,0,288
org.mudebug.prapr.mutators.FieldAccessToMethodCallMutator_0,19990788,7263,0,0,0,0,0,0,850
org.mudebug.prapr.mutators.MethodNameMutator_2,19990790,551,0,0,0,0,0,12,212
org.mudebug.prapr.mutators.NonVoidMethodCallGuardMutator_0,19990804,7200,0,0,0,0,0,0,105
org.pitest.mutationtest.engine.gregor.mutators.InlineConstantMutator,19990806,7379,0,0,0,0,0,1,390
org.pitest.mutationtest.engine.gregor.mutators.EmptyObjectReturnValsMutator,19990809,7380,0,0,0,0,0,2351,397
org.mudebug.prapr.mutators.RelationalOperatorReplacement_2,19993162,6176,0,0,0,1,1,132,571
org.mudebug.prapr.mutators.RelationalOperatorReplacement_1,19993296,1046,0,0,0,0,0,0,314
org.mudebug.prapr.mutators.FieldAccessToMethodCallMutator_2,19993298,6684,0,0,0,0,0,0,695
org.pitest.mutationtest.engine.gregor.mutators.NonVoidMethodCallMutator,19993300,7382,0,0,0,0,0,224,429
org.pitest.mutationtest.engine.gregor.mutators.VoidMethodCallMutator,19993526,5355,0,0,0,1,1,232,72
org.mudebug.prapr.mutators.RelationalOperatorReplacement_1,19993760,1562,0,0,0,0,0,0,213
org.mudebug.prapr.mutators.MethCallResultGuard_2,19993762,7200,0,0,0,0,0,0,107
org.mudebug.prapr.mutators.LocalToFieldAccessMutator_3,19993764,6728,0,0,1,1,1,2810,1407
org.mudebug.prapr.mutators.RelationalOperatorReplacement_3,19996576,5214,0,0,0,0,0,28,112
org.mudebug.prapr.mutators.RelationalOperatorReplacement_2,19996606,1234,0,0,0,1,1,24,275
org.mudebug.prapr.mutators.LocalToFieldAccessMutator_1,19996632,6728,0,0,0,1,1,2813,1407
org.pitest.mutationtest.engine.gregor.mutators.VoidMethodCallMutator,19999447,7305,0,0,0,0,0,0,206
org.mudebug.prapr.mutators.FieldNameMutator_0,19999449,6683,0,0,0,0,0,391,685
org.mudebug.prapr.mutators.ArgumentListMutator_1,19999842,6725,0,0,0,1,1,0,1369
org.mudebug.prapr.mutators.ArgumentListMutator_1,19999844,662,0,0,0,0,0,5,284
org.mudebug.prapr.mutators.MethCallResultGuard_0,19999851,1041,0,0,0,0,0,0,220
org.mudebug.prapr.mutators.LocalToFieldAccessMutator_3,19999853,6744,0,0,1,1,1,1245,1889
org.mudebug.prapr.mutators.ArgumentListMutator_4,20001100,6651,0,0,0,0,0,23,375
org.mudebug.prapr.mutators.NonVoidMethodCallGuardMutator_0,20001125,7058,0,0,0,0,0,5,412
org.pitest.mutationtest.engine.gregor.mutators.ReturnValsMutator,20001132,6170,0,0,0,0,0,66,510
org.mudebug.prapr.mutators.MethCallResultGuard_1,20001200,7382,0,0,0,0,0,0,429
org.mudebug.prapr.mutators.RelationalOperatorReplacement_3,20001202,5356,0,0,0,0,0,87,515
org.mudebug.prapr.mutators.MethodNameMutator_0,20001291,1246,0,0,1,1,1,22,820
org.mudebug.prapr.mutators.MethodNameMutator_3,20001315,159,0,0,0,0,0,0,649
org.mudebug.prapr.mutators.LocalNameMutator_0,20001317,503,0,0,0,0,0,10,64
org.pitest.mutationtest.engine.gregor.mutators.VoidMethodCallMutator,20001329,5356,0,0,0,0,0,0,575
org.pitest.mutationtest.engine.gregor.mutators.NullReturnValsMutator,20001331,1106,0,0,0,0,0,5,1204
org.mudebug.prapr.mutators.MethodNameMutator_2,20001338,7247,0,0,1,1,1,5538,597
org.mudebug.prapr.mutators.RelationalOperatorReplacement_1,20006878,6931,0,0,0,0,0,5,865
org.pitest.mutationtest.engine.gregor.mutators.RemoveConditionalMutator_EQUAL_IF,20006888,6715,0,0,0,0,0,1696,1173
org.mudebug.prapr.mutators.VoidMethodCallGuardMutator,20008586,7058,0,0,0,0,0,0,524
org.mudebug.prapr.mutators.FieldNameMutator_5,20008588,7059,0,0,0,0,0,2,555
org.mudebug.prapr.mutators.FieldAccessToMethodCallMutator_1,20008592,1777,0,0,0,0,0,0,706
org.pitest.mutationtest.engine.gregor.mutators.BooleanFalseReturnValsMutator,20008594,5357,0,0,0,0,0,2,703
org.mudebug.prapr.mutators.MethodNameMutator_3,20008598,3563,0,0,0,1,1,85,293
org.mudebug.prapr.mutators.ReturningDereferenceGuardMutator_3,20008685,1106,0,0,0,0,0,0,1085
org.mudebug.prapr.mutators.LocalToFieldAccessMutator_3,20008687,7064,0,0,0,0,0,8,619
org.mudebug.prapr.mutators.LocalNameMutator_2,20008697,7058,0,0,0,0,0,7,398
org.mudebug.prapr.mutators.RelationalOperatorReplacement_3,20008706,1236,1,0,0,1,1,15,521
org.mudebug.prapr.mutators.LocalNameMutator_2,20008726,7058,0,0,0,0,0,2251,518
org.mudebug.prapr.mutators.FieldAccessToMethodCallMutator_0,20010979,1799,0,0,1,1,1,5294,931
org.mudebug.prapr.mutators.ArgumentListMutator_2,20016275,5356,0,0,1,1,1,2243,576
org.mudebug.prapr.mutators.FieldNameMutator_2,20018520,1042,0,0,0,0,0,5,256
org.pitest.mutationtest.engine.gregor.mutators.BooleanFalseReturnValsMutator,20018527,1244,0,0,0,0,0,0,654
org.pitest.mutationtest.engine.gregor.mutators.RemoveConditionalMutator_EQUAL_IF,20018529,5356,0,0,1,1,1,2620,181
org.mudebug.prapr.mutators.MethodNameMutator_3,20021153,6696,0,0,1,1,1,5981,835
org.mudebug.prapr.mutators.MethodNameMutator_4,20027136,6987,0,0,0,0,0,44,152
org.mudebug.prapr.mutators.MethodNameMutator_2,20027182,4411,0,0,1,1,1,4269,493
org.pitest.mutationtest.engine.gregor.mutators.InlineConstantMutator,20031453,7058,0,0,1,1,1,5538,439
org.mudebug.prapr.mutators.ReturningDereferenceGuardMutator_1,20036993,7302,0,0,0,0,0,0,105
org.mudebug.prapr.mutators.FieldNameMutator_1,20036995,7215,0,0,0,0,0,698,132
org.mudebug.prapr.mutators.VoidMethodCallGuardMutator,20037695,7058,0,0,0,0,0,0,460
org.mudebug.prapr.mutators.MethCallResultGuard_2,20037697,346,0,0,0,0,0,0,492
org.mudebug.prapr.mutators.RelationalOperatorReplacement_2,20037699,1246,0,0,0,0,0,0,819
org.pitest.mutationtest.engine.gregor.mutators.RemoveConditionalMutator_EQUAL_IF,20037701,5359,0,0,0,1,1,9,794
org.mudebug.prapr.mutators.MethodNameMutator_1,20037712,7058,0,0,0,0,0,1690,307
org.mudebug.prapr.mutators.FieldNameMutator_0,20039404,7058,0,0,1,1,1,5538,449
org.pitest.mutationtest.engine.gregor.mutators.experimental.RemoveSwitchMutator_15,20044944,555,0,0,0,0,0,103,872
org.mudebug.prapr.mutators.ReturningDereferenceGuardMutator_0,20045049,5193,0,0,0,0,0,0,90
org.mudebug.prapr.mutators.LocalNameMutator_0,20045051,7058,0,0,0,0,0,30,515
org.mudebug.prapr.mutators.ArgumentListMutator_4,20045083,3611,0,0,0,0,0,0,1331
org.mudebug.prapr.mutators.FieldAccessToMethodCallMutator_0,20045085,6706,0,0,0,0,0,0,933
org.mudebug.prapr.mutators.ReturningDereferenceGuardMutator_0,20045087,5356,0,0,0,0,0,5,365
org.mudebug.prapr.mutators.MethodNameMutator_2,20045094,1236,1,0,0,1,1,15,522
org.mudebug.prapr.mutators.RelationalOperatorReplacement_2,20045111,495,0,0,1,1,1,3741,267
org.mudebug.prapr.mutators.MethodNameMutator_0,20048854,242,0,0,1,1,1,2712,152
org.mudebug.prapr.mutators.FieldToLocalAccessMutator_0,20051568,6684,0,0,0,0,0,112,711
org.pitest.mutationtest.engine.gregor.mutators.InlineConstantMutator,20051682,5356,0,0,0,1,1,39,504
org.pitest.mutationtest.engine.gregor.mutators.NonVoidMethodCallMutator,20051723,3664,0,0,0,0,0,75,2181
org.mudebug.prapr.mutators.LocalNameMutator_0,20051800,6744,0,0,0,1,1,0,1893
org.pitest.mutationtest.engine.gregor.mutators.RemoveConditionalMutator_EQUAL_IF,20051802,6684,0,0,0,0,0,530,705
org.mudebug.prapr.mutators.FieldNameMutator_2,20052334,7058,0,0,1,1,1,5538,422
org.pitest.mutationtest.engine.gregor.mutators.PrimitiveReturnsMutator,20057874,3243,0,0,0,0,0,248,73
org.pitest.mutationtest.engine.gregor.mutators.ArgumentPropagationMutator,20058124,6971,0,0,0,0,0,0,60
org.pitest.mutationtest.engine.gregor.mutators.RemoveConditionalMutator_EQUAL_IF,20058126,5356,0,0,0,0,0,1,505
org.pitest.mutationtest.engine.gregor.mutators.RemoveConditionalMutator_EQUAL_ELSE,20058129,5358,0,0,0,0,0,6,726
org.pitest.mutationtest.engine.gregor.mutators.ReturnValsMutator,20058137,6415,0,0,0,1,1,2,384
org.mudebug.prapr.mutators.ArgumentListMutator_2,20058141,6687,0,0,0,0,0,0,756
org.mudebug.prapr.mutators.ArgumentListMutator_1,20058143,5356,0,0,1,1,1,1504,500
org.mudebug.prapr.mutators.FieldNameMutator_0,20059649,1106,0,0,0,0,0,0,1185
org.mudebug.prapr.mutators.MethodNameMutator_2,20059651,1562,0,0,0,0,0,144,204
org.mudebug.prapr.mutators.FieldNameMutator_2,20059797,7058,0,0,0,0,0,240,278
org.mudebug.prapr.mutators.FieldAccessToMethodCallMutator_1,20060039,1777,0,0,0,0,0,0,720
org.mudebug.prapr.mutators.MethCallResultGuard_1,20060041,7059,0,0,0,0,0,0,546
org.mudebug.prapr.mutators.ReturningDereferenceGuardMutator_0,20060043,7302,0,0,0,0,0,0,105
org.mudebug.prapr.mutators.FieldNameMutator_1,20060045,7058,0,0,1,1,1,5538,348
org.mudebug.prapr.mutators.MethCallResultGuard_0,20065585,6743,0,0,0,0,0,0,1866
org.pitest.mutationtest.engine.gregor.mutators.experimental.RemoveSwitchMutator_7,20065589,3584,0,0,0,0,0,4,901
org.mudebug.prapr.mutators.DereferenceGuardMutator_3,20065595,247,0,0,0,0,0,0,251
org.pitest.mutationtest.engine.gregor.mutators.NonVoidMethodCallMutator,20065597,5356,0,0,0,0,0,0,181
org.mudebug.prapr.mutators.LocalNameMutator_0,20065599,553,0,0,0,1,1,2622,264
org.mudebug.prapr.mutators.MethCallResultGuard_2,20068223,3417,0,0,0,0,0,7,88
org.pitest.mutationtest.engine.gregor.mutators.RemoveConditionalMutator_EQUAL_IF,20068232,6691,0,0,0,1,1,2058,800
org.mudebug.prapr.mutators.FieldAccessToMethodCallMutator_0,20070292,1777,0,0,0,0,0,74,731
org.mudebug.prapr.mutators.LocalToFieldAccessMutator_1,20070368,6678,0,0,1,1,1,4643,611
org.pitest.mutationtest.engine.gregor.mutators.InlineConstantMutator,20075013,7490,0,0,0,0,0,63,246
org.mudebug.prapr.mutators.FieldAccessToMethodCallMutator_2,20075078,6678,0,0,1,1,1,5985,607
org.mudebug.prapr.mutators.MethodNameMutator_1,20081065,6725,0,0,0,1,1,0,1369
org.mudebug.prapr.mutators.FieldNameMutator_2,20081067,7058,0,0,1,1,1,5538,241
org.mudebug.prapr.mutators.MethCallResultGuard_0,20086607,6706,0,0,0,0,0,0,1020
org.mudebug.prapr.mutators.FieldNameMutator_5,20086611,1777,0,0,0,0,0,0,703
org.mudebug.prapr.mutators.LocalToFieldAccessMutator_0,20086613,6696,0,0,1,1,1,5980,837
org.pitest.mutationtest.engine.gregor.mutators.NegateConditionalsMutator,20092595,334,0,0,0,0,0,72,382
org.pitest.mutationtest.engine.gregor.mutators.NegateConditionalsMutator,20092669,5375,0,0,0,1,1,39,1036
org.pitest.mutationtest.engine.gregor.mutators.InlineConstantMutator,20092710,7058,0,0,1,1,1,5538,330
org.pitest.mutationtest.engine.gregor.mutators.InlineConstantMutator,20098250,1046,0,0,0,0,0,1637,309
org.mudebug.prapr.mutators.DereferenceGuardMutator_3,20099889,1106,0,0,0,0,0,0,1185
org.mudebug.prapr.mutators.LocalToFieldAccessMutator_3,20099891,6684,0,0,0,0,0,300,712
org.mudebug.prapr.mutators.MethodNameMutator_6,20100193,1560,0,0,0,0,0,95,182
org.mudebug.prapr.mutators.MethodNameMutator_8,20100290,4411,0,0,1,1,1,4269,493
org.mudebug.prapr.mutators.ReturningDereferenceGuardMutator_0,20104561,6652,0,0,0,0,0,0,391
org.mudebug.prapr.mutators.NonVoidMethodCallGuardMutator_0,20104563,6799,0,0,0,0,0,0,104
org.pitest.mutationtest.engine.gregor.mutators.RemoveConditionalMutator_EQUAL_IF,20104565,5356,0,0,0,0,0,0,344
org.pitest.mutationtest.engine.gregor.mutators.RemoveConditionalMutator_EQUAL_ELSE,20104567,7302,0,0,0,0,0,0,102
org.mudebug.prapr.mutators.LocalToFieldAccessMutator_0,20104569,6706,0,0,1,1,1,62,929
org.mudebug.prapr.mutators.RelationalOperatorReplacement_3,20104633,7302,0,0,0,0,0,11,106
org.mudebug.prapr.mutators.ArgumentListMutator_4,20104646,6651,0,0,0,0,0,0,377
org.mudebug.prapr.mutators.MethodNameMutator_5,20104648,7204,0,0,0,0,0,143,135
org.pitest.mutationtest.engine.gregor.mutators.InlineConstantMutator,20104793,3902,0,0,0,0,0,1,49
org.mudebug.prapr.mutators.LocalNameMutator_0,20104796,6651,0,0,0,0,0,0,377
org.mudebug.prapr.mutators.LocalToFieldAccessMutator_0,20104798,6706,0,0,1,1,1,27,975
org.mudebug.prapr.mutators.MethCallResultGuard_1,20104827,495,0,0,0,0,0,0,184
org.pitest.mutationtest.engine.gregor.mutators.NegateConditionalsMutator,20104829,7302,0,0,0,0,0,38,127
org.mudebug.prapr.mutators.DereferenceGuardMutator_4,20104869,4706,0,0,0,0,0,0,757
org.pitest.mutationtest.engine.gregor.mutators.InlineConstantMutator,20104871,3558,0,0,0,0,0,17,114
org.mudebug.prapr.mutators.NonVoidMethodCallGuardMutator_0,20104890,7058,0,0,0,0,0,0,388
org.mudebug.prapr.mutators.DereferenceGuardMutator_3,20104892,7199,0,0,0,0,0,0,85
org.mudebug.prapr.mutators.ReturningDereferenceGuardMutator_2,20104894,347,0,0,0,0,0,0,544
org.pitest.mutationtest.engine.gregor.mutators.experimental.NakedReceiverMutator,20104896,557,0,0,0,1,1,23,1190
org.mudebug.prapr.mutators.MethodNameMutator_4,20104921,6931,0,0,0,0,0,1194,848
org.mudebug.prapr.mutators.ArgumentListMutator_2,20106117,4152,0,0,1,1,1,4577,51
org.mudebug.prapr.mutators.FieldAccessToMethodCallMutator_0,20110696,6747,0,0,1,1,1,5543,1923
org.mudebug.prapr.mutators.ArithmeticOperatorReplacement_4,20116241,6713,0,0,0,0,0,0,1149
org.mudebug.prapr.mutators.MethCallResultGuard_1,20116243,7396,0,0,0,0,0,0,97
org.mudebug.prapr.mutators.ArgumentListMutator_5,20116245,7355,0,0,0,0,0,5,110
org.mudebug.prapr.mutators.LocalToFieldAccessMutator_2,20116252,6706,0,0,1,1,1,49,972
org.mudebug.prapr.mutators.MethCallResultGuard_0,20116303,7061,0,0,0,0,0,7,573
org.mudebug.prapr.mutators.MethCallResultGuard_1,20116312,6972,0,0,0,0,0,0,66
org.pitest.mutationtest.engine.gregor.mutators.RemoveConditionalMutator_EQUAL_ELSE,20116314,247,0,0,0,0,0,0,241
org.mudebug.prapr.mutators.DereferenceGuardMutator_0,20116316,6975,0,0,0,0,0,0,81
org.mudebug.prapr.mutators.ReturningDereferenceGuardMutator_1,20116318,7241,0,0,0,0,0,0,435
org.mudebug.prapr.mutators.DereferenceGuardMutator_4,20116320,6706,0,0,0,0,0,0,959
org.pitest.mutationtest.engine.gregor.mutators.NegateConditionalsMutator,20116322,1042,0,0,0,0,0,904,247
org.pitest.mutationtest.engine.gregor.mutators.RemoveConditionalMutator_EQUAL_IF,20117228,1248,0,0,0,0,0,5,878
org.mudebug.prapr.mutators.FieldToLocalAccessMutator_2,20117235,6652,0,0,1,1,1,4828,400
org.pitest.mutationtest.engine.gregor.mutators.experimental.MemberVariableMutator,20122065,7613,0,0,1,1,1,5538,65
org.mudebug.prapr.mutators.ArithmeticOperatorReplacement_6,20127607,6713,0,0,0,1,1,105,1152
org.pitest.mutationtest.engine.gregor.mutators.NegateConditionalsMutator,20127714,5356,0,0,0,1,1,93,436
org.pitest.mutationtest.engine.gregor.mutators.NonVoidMethodCallMutator,20127809,5358,0,0,1,1,1,364,718
org.pitest.mutationtest.engine.gregor.mutators.experimental.RemoveSwitchMutator_47,20128175,555,0,0,0,0,0,40,872
org.mudebug.prapr.mutators.RelationalOperatorReplacement_1,20128217,4260,0,0,0,0,0,127,453
org.pitest.mutationtest.engine.gregor.mutators.experimental.MemberVariableMutator,20128346,1777,0,0,0,0,0,0,676
org.mudebug.prapr.mutators.MethodNameMutator_2,20128348,551,0,0,0,0,0,1505,214
org.mudebug.prapr.mutators.LocalNameMutator_1,20129855,7058,0,0,0,0,0,11,408
org.mudebug.prapr.mutators.FieldNameMutator_0,20129868,3558,0,0,0,1,1,27,137
org.mudebug.prapr.mutators.MethodNameMutator_9,20129897,7302,0,0,1,1,1,5538,127
org.pitest.mutationtest.engine.gregor.mutators.NonVoidMethodCallMutator,20135437,547,0,0,1,1,1,745,159
org.pitest.mutationtest.engine.gregor.mutators.VoidMethodCallMutator,20136184,7058,0,0,0,0,0,2250,405
org.mudebug.prapr.mutators.RelationalOperatorReplacement_1,20138436,5376,0,0,0,0,0,123,1051
org.mudebug.prapr.mutators.LocalNameMutator_1,20138561,7058,0,0,0,0,0,6,384
org.mudebug.prapr.mutators.VoidMethodCallGuardMutator,20138569,7059,0,0,0,0,0,5,562
org.mudebug.prapr.mutators.RelationalOperatorReplacement_1,20138576,1246,0,0,0,1,1,11,819
org.mudebug.prapr.mutators.RelationalOperatorReplacement_0,20138589,1234,0,0,0,1,1,10,277
org.pitest.mutationtest.engine.gregor.mutators.experimental.MemberVariableMutator,20138601,7302,0,0,0,0,0,11,105
org.mudebug.prapr.mutators.DereferenceGuardMutator_3,20138614,1132,0,0,0,0,0,5,1627
org.pitest.mutationtest.engine.gregor.mutators.NonVoidMethodCallMutator,20138621,1082,0,0,0,0,0,0,834
org.mudebug.prapr.mutators.NonVoidMethodCallGuardMutator_0,20138623,247,0,0,0,0,0,0,244
org.mudebug.prapr.mutators.FieldNameMutator_5,20138625,7131,0,0,0,0,0,0,71
org.mudebug.prapr.mutators.FieldAccessToMethodCallMutator_1,20138627,1777,0,0,1,1,1,2721,745
org.pitest.mutationtest.engine.gregor.mutators.ConstructorCallMutator,20141350,7197,0,0,1,1,1,5538,52
org.pitest.mutationtest.engine.gregor.mutators.InlineConstantMutator,20146890,1777,0,0,0,1,1,112,749
org.mudebug.prapr.mutators.FieldAccessToMethodCallMutator_4,20147004,1777,0,0,0,0,0,0,643
org.mudebug.prapr.mutators.LocalToFieldAccessMutator_4,20147006,6694,0,0,0,1,1,0,824
org.mudebug.prapr.mutators.MethodNameMutator_1,20147008,1231,0,0,0,0,0,4,98
org.mudebug.prapr.mutators.LocalToFieldAccessMutator_0,20147014,6743,0,0,0,0,0,1758,1871
org.mudebug.prapr.mutators.ReturningDereferenceGuardMutator_3,20148774,1106,0,0,0,0,0,0,1172
org.mudebug.prapr.mutators.MethCallResultGuard_1,20148776,6706,0,0,0,0,0,0,932
org.mudebug.prapr.mutators.LocalToFieldAccessMutator_2,20148778,3447,0,0,0,0,0,0,1076
org.mudebug.prapr.mutators.FieldNameMutator_0,20148780,7627,0,0,0,0,0,2,159
org.mudebug.prapr.mutators.MethodNameMutator_2,20148784,159,0,0,1,1,1,2,649
org.mudebug.prapr.mutators.FieldNameMutator_1,20148788,6728,0,0,1,1,1,2674,1420
org.mudebug.prapr.mutators.MethCallResultGuard_0,20151464,1234,0,0,0,0,0,0,271
org.mudebug.prapr.mutators.LocalNameMutator_1,20151469,7058,0,0,0,0,0,2251,518
org.mudebug.prapr.mutators.RelationalOperatorReplacement_1,20153722,3489,0,0,0,0,0,0,255
org.pitest.mutationtest.engine.gregor.mutators.experimental.NakedReceiverMutator,20153724,7205,0,0,0,0,0,9,140
org.mudebug.prapr.mutators.MethodNameMutator_5,20153735,1106,0,0,0,0,0,220,1137
org.mudebug.prapr.mutators.ArithmeticOperatorReplacement_7,20153957,347,0,0,0,0,0,6,539
org.mudebug.prapr.mutators.LocalToFieldAccessMutator_3,20153965,6665,0,0,1,1,1,5134,524
org.mudebug.prapr.mutators.DereferenceGuardMutator_0,20159101,6977,0,0,0,0,0,0,96
org.mudebug.prapr.mutators.LocalToFieldAccessMutator_0,20159103,7365,0,0,1,1,1,5137,232
org.mudebug.prapr.mutators.FieldAccessToMethodCallMutator_1,20164242,6651,0,0,0,0,0,0,382
org.mudebug.prapr.mutators.LocalToFieldAccessMutator_0,20164244,6678,0,0,1,1,1,5985,602
org.mudebug.prapr.mutators.ReturningDereferenceGuardMutator_4,20170231,6684,0,0,0,0,0,4,695
org.mudebug.prapr.mutators.MethodNameMutator_0,20170237,159,0,0,0,0,0,0,649
org.mudebug.prapr.mutators.RelationalOperatorReplacement_2,20170239,7250,0,0,0,0,0,0,655
org.mudebug.prapr.mutators.MethodNameMutator_1,20170241,7058,0,0,1,1,1,5538,447
org.pitest.mutationtest.engine.gregor.mutators.InlineConstantMutator,20175781,1777,0,0,0,0,0,0,740
org.mudebug.prapr.mutators.FieldAccessToMethodCallMutator_1,20175783,1777,0,0,0,0,0,0,750
org.mudebug.prapr.mutators.DereferenceGuardMutator_0,20175785,1106,0,0,0,0,0,0,1199
org.mudebug.prapr.mutators.LocalNameMutator_1,20175787,5358,0,0,0,0,0,3,742
org.mudebug.prapr.mutators.LocalToFieldAccessMutator_1,20175792,551,0,0,0,0,0,37,224
org.mudebug.prapr.mutators.MethCallResultGuard_1,20175831,5218,0,0,0,0,0,0,176
org.mudebug.prapr.mutators.FieldNameMutator_2,20175833,1777,0,0,0,0,0,0,673
org.pitest.mutationtest.engine.gregor.mutators.RemoveConditionalMutator_EQUAL_IF,20175835,7205,0,0,0,0,0,1643,141
org.pitest.mutationtest.engine.gregor.mutators.NegateConditionalsMutator,20177480,6706,0,0,0,0,0,37,933
org.mudebug.prapr.mutators.FieldAccessToMethodCallMutator_0,20177519,1777,0,0,0,0,0,0,641
org.pitest.mutationtest.engine.gregor.mutators.InlineConstantMutator,20177521,6865,0,0,0,0,0,2216,151
org.pitest.mutationtest.engine.gregor.mutators.RemoveConditionalMutator_EQUAL_ELSE,20179739,1562,0,0,0,0,0,22,213
org.pitest.mutationtest.engine.gregor.mutators.experimental.RemoveSwitchMutator_56,20179763,6415,0,0,0,0,0,0,273
org.pitest.mutationtest.engine.gregor.mutators.BooleanTrueReturnValsMutator,20179765,6899,0,0,0,0,0,802,331
org.mudebug.prapr.mutators.DereferenceGuardMutator_0,20180569,7302,0,0,0,0,0,5,143
org.mudebug.prapr.mutators.MethodNameMutator_0,20180576,4667,0,0,0,0,0,0,70
org.mudebug.prapr.mutators.MethodNameMutator_5,20180578,6987,0,0,0,0,0,44,152
org.mudebug.prapr.mutators.LocalToFieldAccessMutator_0,20180624,6684,0,0,1,1,1,1002,713
org.mudebug.prapr.mutators.NonVoidMethodCallGuardMutator_0,20181628,6725,0,0,0,0,0,0,1369
org.pitest.mutationtest.engine.gregor.mutators.experimental.NakedReceiverMutator,20181630,334,0,0,0,0,0,4,382
org.mudebug.prapr.mutators.ArgumentListMutator_0,20181636,4411,0,0,0,0,0,0,471
org.pitest.mutationtest.engine.gregor.mutators.experimental.RemoveSwitchMutator_2,20181638,3636,0,0,0,0,0,4,1649
org.mudebug.prapr.mutators.FieldNameMutator_2,20181644,1777,0,0,0,0,0,0,723
org.mudebug.prapr.mutators.ArgumentListMutator_1,20181646,2457,0,0,1,1,1,5291,47
org.mudebug.prapr.mutators.MethCallResultGuard_2,20186942,7304,0,0,0,0,0,2160,187
org.pitest.mutationtest.engine.gregor.mutators.InlineConstantMutator,20189104,7058,0,0,1,1,1,5538,522
org.mudebug.prapr.mutators.LocalToFieldAccessMutator_1,20194644,7365,0,0,0,0,0,12,232
org.mudebug.prapr.mutators.FieldNameMutator_3,20194658,7058,0,0,1,1,1,5538,379
org.mudebug.prapr.mutators.FieldAccessToMethodCallMutator_3,20200198,1777,0,0,0,0,0,0,665
org.mudebug.prapr.mutators.MethodNameMutator_1,20200200,551,0,0,0,0,0,0,217
org.mudebug.prapr.mutators.ArithmeticOperatorReplacement_8,20200202,553,0,0,0,0,0,302,267
org.mudebug.prapr.mutators.FieldNameMutator_4,20200506,7058,0,0,0,0,0,2251,395
org.pitest.mutationtest.engine.gregor.mutators.RemoveConditionalMutator_EQUAL_ELSE,20202759,5356,0,0,0,1,1,100,490
org.mudebug.prapr.mutators.RelationalOperatorReplacement_1,20202861,7476,0,0,0,0,0,0,202
org.pitest.mutationtest.engine.gregor.mutators.ArgumentPropagationMutator,20202863,5356,0,0,0,0,0,43,98
org.pitest.mutationtest.engine.gregor.mutators.ReturnValsMutator,20202908,545,0,0,1,1,1,5360,141
org.mudebug.prapr.mutators.DereferenceGuardMutator_4,20208270,6678,0,0,0,0,0,0,602
org.mudebug.prapr.mutators.MethodNameMutator_0,20208272,1248,0,0,0,0,0,0,867
org.mudebug.prapr.mutators.ReturningDereferenceGuardMutator_1,20208274,347,0,0,0,0,0,0,542
org.mudebug.prapr.mutators.NonVoidMethodCallGuardMutator_0,20208276,1135,0,0,0,0,0,0,1644
org.pitest.mutationtest.engine.gregor.mutators.ArgumentPropagationMutator,20208278,7200,0,0,0,0,0,2,105
org.mudebug.prapr.mutators.LocalNameMutator_1,20208282,247,0,0,0,0,0,2718,243
org.mudebug.prapr.mutators.LocalNameMutator_0,20211002,7058,0,0,0,0,0,9,429
org.mudebug.prapr.mutators.FieldNameMutator_0,20211013,1042,0,0,0,0,0,20,256
org.mudebug.prapr.mutators.MethodNameMutator_0,20211035,1234,0,0,1,1,1,3,313
org.mudebug.prapr.mutators.VoidMethodCallGuardMutator,20211040,1404,0,0,0,0,0,0,40
org.mudebug.prapr.mutators.MethodNameMutator_0,20211042,1049,0,0,0,0,0,28,368
org.mudebug.prapr.mutators.LocalNameMutator_0,20211072,1234,0,0,1,1,1,3,309
org.mudebug.prapr.mutators.NonVoidMethodCallGuardMutator_0,20211077,1311,0,0,0,0,0,0,63
org.pitest.mutationtest.engine.gregor.mutators.VoidMethodCallMutator,20211079,7057,0,0,0,0,0,1906,232
org.mudebug.prapr.mutators.MethCallResultGuard_1,20212987,347,0,0,0,0,0,0,544
org.mudebug.prapr.mutators.MethodNameMutator_2,20212989,5356,0,0,0,0,0,0,181
org.pitest.mutationtest.engine.gregor.mutators.experimental.RemoveSwitchMutator_96,20212991,5356,0,0,0,0,0,0,117
org.mudebug.prapr.mutators.MethCallResultGuard_1,20212993,1087,0,0,0,0,0,0,878
org.mudebug.prapr.mutators.DereferenceGuardMutator_0,20212995,7232,0,0,0,0,0,0,272
org.pitest.mutationtest.engine.gregor.mutators.experimental.MemberVariableMutator,20212997,1038,0,0,0,0,0,0,805
org.mudebug.prapr.mutators.FieldAccessToMethodCallMutator_2,20212999,6652,0,0,0,0,0,5,399
org.mudebug.prapr.mutators.MethodNameMutator_6,20213006,5356,0,0,1,1,1,544,499
org.pitest.mutationtest.engine.gregor.mutators.ReturnValsMutator,20213552,7342,0,0,1,1,1,5538,92
org.mudebug.prapr.mutators.MethCallResultGuard_2,20219092,355,0,0,0,0,0,0,627
org.mudebug.prapr.mutators.DereferenceGuardMutator_3,20219094,5214,0,0,0,0,0,0,112
org.mudebug.prapr.mutators.FieldNameMutator_4,20219096,7059,0,0,0,0,0,34,565
org.pitest.mutationtest.engine.gregor.mutators.RemoveConditionalMutator_EQUAL_ELSE,20219132,6987,0,0,0,0,0,44,152
org.mudebug.prapr.mutators.FieldNameMutator_0,20219178,7503,0,0,0,0,0,22,453
org.pitest.mutationtest.engine.gregor.mutators.experimental.RemoveSwitchMutator_17,20219202,5356,0,0,0,0,0,0,117
org.mudebug.prapr.mutators.MethodNameMutator_0,20219207,562,0,0,1,1,1,2371,1210
org.mudebug.prapr.mutators.MethodNameMutator_7,20221580,5375,0,0,0,1,1,9,1033
org.pitest.mutationtest.engine.gregor.mutators.experimental.RemoveSwitchMutator_25,20221591,6649,0,0,0,0,0,0,175
org.mudebug.prapr.mutators.LocalNameMutator_0,20221593,7058,0,0,0,0,0,5,416
org.mudebug.prapr.mutators.FieldNameMutator_4,20221600,7059,0,0,0,0,0,9,560
org.pitest.mutationtest.engine.gregor.mutators.NullReturnValsMutator,20221611,495,0,0,1,1,1,696,174
org.mudebug.prapr.mutators.FieldNameMutator_0,20222309,6650,0,0,0,0,0,0,370
org.mudebug.prapr.mutators.LocalToFieldAccessMutator_0,20222311,6668,0,0,1,1,1,5631,536
org.mudebug.prapr.mutators.RelationalOperatorReplacement_3,20227944,5374,0,0,0,0,0,0,1006
org.pitest.mutationtest.engine.gregor.mutators.InlineConstantMutator,20227946,7557,0,0,0,0,0,0,76
org.pitest.mutationtest.engine.gregor.mutators.InlineConstantMutator,20227948,5213,0,0,0,0,0,0,89
org.pitest.mutationtest.engine.gregor.mutators.InlineConstantMutator,20227950,7058,0,0,0,0,0,9,269
org.mudebug.prapr.mutators.FieldNameMutator_0,20227961,1119,0,0,0,0,0,18,1434
org.pitest.mutationtest.engine.gregor.mutators.ConstructorCallMutator,20227981,7058,0,0,1,1,1,5538,494
org.mudebug.prapr.mutators.MethodNameMutator_6,20233523,7250,0,0,0,0,0,547,662
org.mudebug.prapr.mutators.FieldNameMutator_0,20234072,6678,0,0,1,1,1,5445,603
org.pitest.mutationtest.engine.gregor.mutators.NegateConditionalsMutator,20239519,7382,0,0,0,0,0,198,441
org.mudebug.prapr.mutators.RelationalOperatorReplacement_1,20239719,5358,0,0,0,0,0,0,742
org.mudebug.prapr.mutators.FieldNameMutator_2,20239721,7058,0,0,1,1,1,5538,399
org.mudebug.prapr.mutators.LocalToFieldAccessMutator_1,20245261,6715,0,0,0,0,0,5,1173
org.mudebug.prapr.mutators.FieldAccessToMethodCallMutator_3,20245268,1777,0,0,0,0,0,0,724
org.pitest.mutationtest.engine.gregor.mutators.NonVoidMethodCallMutator,20245270,5356,0,0,0,0,0,49,499
org.pitest.mutationtest.engine.gregor.mutators.InlineConstantMutator,20245321,551,0,0,0,0,0,17,212
org.mudebug.prapr.mutators.FieldNameMutator_1,20245340,6652,0,0,1,1,1,4808,393
org.mudebug.prapr.mutators.MethodNameMutator_1,20250150,328,0,0,1,1,1,4458,278
org.mudebug.prapr.mutators.ArgumentListMutator_3,20254610,5356,0,0,1,1,1,1504,500
org.mudebug.prapr.mutators.NonVoidMethodCallGuardMutator_0,20256116,7058,0,0,0,0,0,0,476
org.mudebug.prapr.mutators.MethCallResultGuard_1,20256120,5358,0,0,0,0,0,0,740
org.mudebug.prapr.mutators.ReturningDereferenceGuardMutator_3,20256122,5356,0,0,0,0,0,0,577
org.mudebug.prapr.mutators.RelationalOperatorReplacement_2,20256124,7302,0,0,0,0,0,0,127
org.mudebug.prapr.mutators.MethCallResultGuard_2,20256126,7058,0,0,0,0,0,0,347
org.mudebug.prapr.mutators.RelationalOperatorReplacement_1,20256128,5357,0,0,0,0,0,106,703
org.mudebug.prapr.mutators.MethCallResultGuard_0,20256236,7199,0,0,0,0,0,0,85
org.mudebug.prapr.mutators.LocalToFieldAccessMutator_0,20256238,6683,0,0,1,1,1,2717,688
org.pitest.mutationtest.engine.gregor.mutators.ArgumentPropagationMutator,20258957,3710,0,0,0,0,0,64,66
org.pitest.mutationtest.engine.gregor.mutators.NonVoidMethodCallMutator,20259023,545,0,0,0,1,1,2226,127
org.pitest.mutationtest.engine.gregor.mutators.experimental.NakedReceiverMutator,20261251,1245,0,0,1,1,1,20,713
org.mudebug.prapr.mutators.FieldNameMutator_5,20261273,7059,0,0,0,0,0,1,563
org.mudebug.prapr.mutators.ReturningDereferenceGuardMutator_1,20261276,1311,0,0,0,0,0,0,63
org.mudebug.prapr.mutators.FieldNameMutator_5,20261278,1777,0,0,0,0,0,35,660
org.mudebug.prapr.mutators.ArgumentListMutator_3,20261315,5212,0,0,0,0,0,28,64
org.pitest.mutationtest.engine.gregor.mutators.EmptyObjectReturnValsMutator,20261345,6800,0,0,0,0,0,162,109
org.pitest.mutationtest.engine.gregor.mutators.experimental.RemoveSwitchMutator_46,20261516,6415,0,0,0,0,0,0,273
org.mudebug.prapr.mutators.ArgumentListMutator_3,20261522,5356,0,0,1,1,1,1074,439
org.pitest.mutationtest.engine.gregor.mutators.NonVoidMethodCallMutator,20262598,7058,0,0,0,0,0,4,488
org.mudebug.prapr.mutators.LocalNameMutator_0,20262604,1048,0,0,1,1,1,4554,350
org.mudebug.prapr.mutators.FieldNameMutator_1,20267160,7058,0,0,1,1,1,5226,471
org.mudebug.prapr.mutators.RelationalOperatorReplacement_0,20272388,7215,0,0,0,0,0,0,128
org.mudebug.prapr.mutators.LocalNameMutator_1,20272390,6684,0,0,0,0,0,108,711
org.pitest.mutationtest.engine.gregor.mutators.RemoveConditionalMutator_EQUAL_ELSE,20272500,6931,0,0,0,0,0,9,865
org.pitest.mutationtest.engine.gregor.mutators.experimental.RemoveSwitchMutator_9,20272511,3587,0,0,0,0,0,7,1015
org.pitest.mutationtest.engine.gregor.mutators.RemoveConditionalMutator_EQUAL_IF,20272520,6732,0,0,0,0,0,1,1596
org.pitest.mutationtest.engine.gregor.mutators.RemoveConditionalMutator_EQUAL_ELSE,20272525,6652,0,0,1,1,1,5084,393
org.pitest.mutationtest.engine.gregor.mutators.experimental.RemoveSwitchMutator_87,20277616,5356,0,0,0,0,0,0,117
org.mudebug.prapr.mutators.MethodNameMutator_0,20277618,3651,0,0,1,1,1,2660,1952
org.pitest.mutationtest.engine.gregor.mutators.InlineConstantMutator,20280280,3626,0,0,0,0,0,426,1516
org.mudebug.prapr.mutators.ArithmeticOperatorReplacement_6,20280708,6713,0,0,0,1,1,104,1152
org.pitest.mutationtest.engine.gregor.mutators.ReturnValsMutator,20280816,7556,0,0,0,0,0,2250,70
org.mudebug.prapr.mutators.MethodNameMutator_2,20283068,1049,0,0,0,0,0,131,368
org.mudebug.prapr.mutators.ArgumentListMutator_0,20283201,1562,0,0,0,0,0,22,213
org.mudebug.prapr.mutators.ArithmeticOperatorDeletion_1,20283225,6713,0,0,0,0,0,71,1149
org.pitest.mutationtest.engine.gregor.mutators.ReturnValsMutator,20283298,551,0,0,1,1,1,5365,227
org.pitest.mutationtest.engine.gregor.mutators.ArgumentPropagationMutator,20288665,6688,0,0,0,1,1,8,763
org.mudebug.prapr.mutators.DereferenceGuardMutator_0,20288675,5213,0,0,0,0,0,0,89
org.mudebug.prapr.mutators.ReturningDereferenceGuardMutator_4,20288677,7057,0,0,0,0,0,0,231
org.mudebug.prapr.mutators.FieldAccessToMethodCallMutator_4,20288679,6674,0,0,1,1,1,2709,564
org.mudebug.prapr.mutators.ArgumentListMutator_5,20291390,7052,0,0,1,1,1,5538,132
org.mudebug.prapr.mutators.MethCallResultGuard_0,20296930,247,0,0,0,0,0,2,242
org.mudebug.prapr.mutators.ReturningDereferenceGuardMutator_3,20296934,6743,0,0,0,0,0,0,1870
org.mudebug.prapr.mutators.ArgumentListMutator_3,20296936,7379,0,0,0,0,0,0,390
org.pitest.mutationtest.engine.gregor.mutators.NonVoidMethodCallMutator,20296938,543,0,0,0,0,0,26,85
org.mudebug.prapr.mutators.FieldAccessToMethodCallMutator_1,20296966,1038,0,0,0,0,0,0,805
org.mudebug.prapr.mutators.ReturningDereferenceGuardMutator_3,20296968,3412,0,0,0,0,0,0,49
org.mudebug.prapr.mutators.FieldToLocalAccessMutator_0,20296970,5209,0,0,1,1,1,4578,288
org.mudebug.prapr.mutators.MethodNameMutator_1,20301550,7058,0,0,1,1,1,5538,280
org.mudebug.prapr.mutators.DereferenceGuardMutator_0,20307090,562,0,0,0,0,0,0,1210
org.pitest.mutationtest.engine.gregor.mutators.ReturnValsMutator,20307092,7759,0,0,1,1,1,5417,422
org.mudebug.prapr.mutators.MethodNameMutator_0,20312511,556,0,0,1,1,1,5365,1186
org.mudebug.prapr.mutators.FieldNameMutator_0,20317878,1777,0,0,0,0,0,0,676
org.mudebug.prapr.mutators.VoidMethodCallGuardMutator,20317880,7058,0,0,0,0,0,0,490
org.mudebug.prapr.mutators.MethodNameMutator_1,20317882,7382,0,0,0,0,0,1732,442
org.mudebug.prapr.mutators.MethodNameMutator_5,20319616,6977,0,0,0,0,0,1,96
org.mudebug.prapr.mutators.MethodNameMutator_1,20319619,1234,0,0,1,1,1,29,272
org.mudebug.prapr.mutators.FieldNameMutator_2,20319656,1777,0,0,0,0,0,0,736
org.mudebug.prapr.mutators.RelationalOperatorReplacement_0,20319658,1236,1,0,0,0,0,12,521
org.mudebug.prapr.mutators.RelationalOperatorReplacement_1,20319672,6706,0,0,0,0,0,0,1029
org.mudebug.prapr.mutators.MethCallResultGuard_1,20319674,7058,0,0,0,0,0,0,269
org.mudebug.prapr.mutators.MethodNameMutator_7,20319676,7233,0,0,0,0,0,0,297
org.pitest.mutationtest.engine.gregor.mutators.NonVoidMethodCallMutator,20319678,7255,0,0,0,0,0,35,757
org.pitest.mutationtest.engine.gregor.mutators.InlineConstantMutator,20319715,359,0,0,1,1,1,3224,674
org.mudebug.prapr.mutators.FieldNameMutator_3,20322941,1777,0,0,0,0,0,55,727
org.mudebug.prapr.mutators.FieldAccessToMethodCallMutator_0,20322998,1106,0,0,0,0,0,10,1106
org.mudebug.prapr.mutators.RelationalOperatorReplacement_0,20323010,1563,0,0,0,0,0,12,245
org.pitest.mutationtest.engine.gregor.mutators.InlineConstantMutator,20323024,1563,0,0,0,0,0,1,237
org.mudebug.prapr.mutators.MethodNameMutator_6,20323027,247,0,0,1,1,1,4231,239
org.mudebug.prapr.mutators.FieldNameMutator_4,20327260,7059,0,0,0,0,0,2,554
org.mudebug.prapr.mutators.ArgumentListMutator_0,20327264,1043,0,0,1,1,1,2889,270
org.mudebug.prapr.mutators.ReturningDereferenceGuardMutator_2,20330155,6706,0,0,0,0,0,0,933
org.mudebug.prapr.mutators.ArgumentListMutator_3,20330157,557,0,0,0,0,0,7,1190
org.mudebug.prapr.mutators.LocalToFieldAccessMutator_0,20330166,6689,0,0,0,1,1,8,778
org.mudebug.prapr.mutators.MethCallResultGuard_1,20330176,7058,0,0,0,0,0,0,377
org.mudebug.prapr.mutators.FieldNameMutator_1,20330178,1777,0,0,0,0,0,0,686
org.mudebug.prapr.mutators.ArgumentListMutator_5,20330180,1048,0,0,1,1,1,4554,348
org.mudebug.prapr.mutators.MethCallResultGuard_2,20334736,1119,0,0,0,0,0,0,1437
org.pitest.mutationtest.engine.gregor.mutators.ConstructorCallMutator,20334738,7058,0,0,1,1,1,5538,284
org.mudebug.prapr.mutators.MethodNameMutator_0,20340278,5356,0,0,0,0,0,0,511
org.mudebug.prapr.mutators.LocalNameMutator_2,20340280,6743,0,0,0,0,0,2087,1874
org.mudebug.prapr.mutators.LocalNameMutator_0,20342369,6742,0,0,1,1,1,1891,1852
org.mudebug.prapr.mutators.FieldNameMutator_5,20344262,1777,0,0,0,0,0,0,664
org.pitest.mutationtest.engine.gregor.mutators.InlineConstantMutator,20344264,5209,0,0,0,0,0,0,288
org.mudebug.prapr.mutators.ArgumentListMutator_4,20344266,553,0,0,0,1,1,1389,262
org.mudebug.prapr.mutators.LocalToFieldAccessMutator_0,20345657,4410,0,0,0,0,0,291,463
org.mudebug.prapr.mutators.NonVoidMethodCallGuardMutator_0,20345950,6706,0,0,0,0,0,0,975
org.mudebug.prapr.mutators.MethodNameMutator_9,20345952,7302,0,0,1,1,1,5538,102
org.mudebug.prapr.mutators.FieldAccessToMethodCallMutator_0,20351492,1106,0,0,1,1,1,2974,1199
org.pitest.mutationtest.engine.gregor.mutators.NullReturnValsMutator,20354468,5195,0,0,1,1,1,5142,102
org.mudebug.prapr.mutators.FieldNameMutator_3,20359612,1777,0,0,0,0,0,0,716
org.mudebug.prapr.mutators.LocalToFieldAccessMutator_3,20359614,6713,0,0,0,0,0,1,1147
org.mudebug.prapr.mutators.DereferenceGuardMutator_3,20359617,6706,0,0,0,0,0,0,1020
org.mudebug.prapr.mutators.ArgumentListMutator_5,20359619,1248,0,0,0,0,0,0,867
org.mudebug.prapr.mutators.LocalToFieldAccessMutator_3,20359621,1042,0,0,1,1,1,1658,248
org.mudebug.prapr.mutators.RelationalOperatorReplacement_0,20361281,6931,0,0,0,0,0,780,844
org.mudebug.prapr.mutators.RelationalOperatorReplacement_0,20362066,1560,0,0,0,1,1,230,184
org.pitest.mutationtest.engine.gregor.mutators.RemoveConditionalMutator_EQUAL_IF,20362298,6977,0,0,0,0,0,1,96
org.mudebug.prapr.mutators.ArgumentListMutator_2,20362301,6697,0,0,1,1,1,49,854
org.mudebug.prapr.mutators.MethCallResultGuard_1,20362352,6976,0,0,0,0,0,0,87
org.mudebug.prapr.mutators.MethodNameMutator_0,20362354,557,0,0,1,1,1,3433,1190
org.mudebug.prapr.mutators.FieldNameMutator_0,20365789,5356,0,0,0,1,1,39,505
org.mudebug.prapr.mutators.RelationalOperatorReplacement_0,20365830,6728,0,0,0,1,1,2809,1412
org.mudebug.prapr.mutators.LocalToFieldAccessMutator_1,20368641,6744,0,0,1,1,1,682,1893
org.mudebug.prapr.mutators.FieldToLocalAccessMutator_0,20369325,3263,0,0,0,0,0,29,51
org.mudebug.prapr.mutators.MethodNameMutator_5,20369356,7250,0,0,0,0,0,65,659
org.mudebug.prapr.mutators.ReturningDereferenceGuardMutator_1,20369423,7263,0,0,0,0,0,0,853
org.mudebug.prapr.mutators.MethCallResultGuard_1,20369425,551,0,0,0,0,0,23,214
org.pitest.mutationtest.engine.gregor.mutators.experimental.MemberVariableMutator,20369450,6651,0,0,0,0,0,23,383
org.pitest.mutationtest.engine.gregor.mutators.ReturnValsMutator,20369475,1246,0,0,0,0,0,9,823
org.pitest.mutationtest.engine.gregor.mutators.NonVoidMethodCallMutator,20369486,348,0,0,1,1,1,494,556
org.mudebug.prapr.mutators.LocalNameMutator_1,20369982,6683,0,0,1,1,1,945,682
org.mudebug.prapr.mutators.FieldNameMutator_2,20370929,1777,0,0,0,0,0,0,704
org.mudebug.prapr.mutators.FieldAccessToMethodCallMutator_4,20370931,6744,0,0,0,1,1,0,1894
org.mudebug.prapr.mutators.MethCallResultGuard_0,20370933,7059,0,0,0,0,0,0,556
org.mudebug.prapr.mutators.MethCallResultGuard_0,20370935,7764,0,0,1,1,1,5424,461
org.pitest.mutationtest.engine.gregor.mutators.InlineConstantMutator,20376361,5356,0,0,0,0,0,0,88
org.mudebug.prapr.mutators.FieldNameMutator_5,20376363,1777,0,0,0,0,0,0,719
org.mudebug.prapr.mutators.FieldToLocalAccessMutator_0,20376365,6684,0,0,0,0,0,112,712
org.mudebug.prapr.mutators.ReturningDereferenceGuardMutator_1,20376479,3387,0,0,0,0,0,0,56
org.mudebug.prapr.mutators.FieldNameMutator_4,20376481,1777,0,0,0,0,0,0,708
org.mudebug.prapr.mutators.ReturningDereferenceGuardMutator_0,20376483,1106,0,0,0,0,0,0,1199
org.mudebug.prapr.mutators.MethCallResultGuard_2,20376485,6706,0,0,0,0,0,0,931
org.mudebug.prapr.mutators.NonVoidMethodCallGuardMutator_0,20376487,7209,0,0,0,0,0,0,51
org.mudebug.prapr.mutators.ArgumentListMutator_0,20376489,1042,0,0,1,1,1,5291,262
org.mudebug.prapr.mutators.MethodNameMutator_7,20381782,6867,0,0,0,0,0,63,159
org.mudebug.prapr.mutators.FieldNameMutator_2,20381847,7061,0,0,0,0,0,1944,573
org.mudebug.prapr.mutators.ArgumentListMutator_1,20383793,5362,0,0,0,0,0,33,823
org.mudebug.prapr.mutators.ArgumentListMutator_0,20383828,6706,0,0,0,1,1,2,1024
org.pitest.mutationtest.engine.gregor.mutators.RemoveConditionalMutator_ORDER_IF,20383832,1563,0,0,0,0,0,11,245
org.mudebug.prapr.mutators.LocalNameMutator_0,20383845,7233,0,0,0,0,0,15,300
org.pitest.mutationtest.engine.gregor.mutators.BooleanFalseReturnValsMutator,20383862,1564,0,0,0,0,0,90,262
org.mudebug.prapr.mutators.FieldNameMutator_0,20383954,1777,0,0,0,0,0,0,737
org.mudebug.prapr.mutators.RelationalOperatorReplacement_0,20383956,1563,0,0,0,0,0,1,237
org.mudebug.prapr.mutators.FieldAccessToMethodCallMutator_1,20383959,6678,0,0,1,1,1,5445,603
org.mudebug.prapr.mutators.ArgumentListMutator_4,20389406,1118,0,0,1,1,1,2730,1426
org.mudebug.prapr.mutators.FieldToLocalAccessMutator_1,20392138,6706,0,0,0,1,1,0,1020
org.pitest.mutationtest.engine.gregor.mutators.experimental.RemoveSwitchMutator_58,20392140,3584,0,0,0,0,0,0,901
org.mudebug.prapr.mutators.LocalNameMutator_0,20392142,5365,0,0,0,0,0,2120,837
org.pitest.mutationtest.engine.gregor.mutators.experimental.RemoveSwitchMutator_73,20394264,555,0,0,0,0,0,0,872
org.pitest.mutationtest.engine.gregor.mutators.NonVoidMethodCallMutator,20394266,5356,0,0,1,1,1,2695,344
org.mudebug.prapr.mutators.RelationalOperatorReplacement_2,20396963,7302,0,0,0,0,0,0,105
org.pitest.mutationtest.engine.gregor.mutators.NonVoidMethodCallMutator,20396965,329,0,0,1,1,1,1397,298
org.pitest.mutationtest.engine.gregor.mutators.NegateConditionalsMutator,20398364,6706,0,0,1,1,1,22,1017
org.mudebug.prapr.mutators.FieldNameMutator_0,20398388,6678,0,0,1,1,1,5514,607
org.mudebug.prapr.mutators.NonVoidMethodCallGuardMutator_0,20403904,7204,0,0,0,0,0,0,135
org.mudebug.prapr.mutators.MethCallResultGuard_1,20403906,6744,0,0,0,1,1,680,1889
org.mudebug.prapr.mutators.FieldNameMutator_4,20404588,7059,0,0,0,0,0,6,563
org.mudebug.prapr.mutators.FieldAccessToMethodCallMutator_2,20404596,1777,0,0,0,0,0,0,669
org.mudebug.prapr.mutators.NonVoidMethodCallGuardMutator_0,20404598,546,0,0,0,0,0,0,148
org.pitest.mutationtest.engine.gregor.mutators.NonVoidMethodCallMutator,20404600,1082,0,0,0,0,0,5,836
org.mudebug.prapr.mutators.MethodNameMutator_1,20404607,6867,0,0,0,0,0,18,159
org.mudebug.prapr.mutators.FieldNameMutator_1,20404627,1777,0,0,0,0,0,0,654
org.pitest.mutationtest.engine.gregor.mutators.experimental.RemoveSwitchMutator_22,20404629,3636,0,0,0,0,0,0,1649
org.pitest.mutationtest.engine.gregor.mutators.experimental.RemoveSwitchMutator_70,20404631,3636,0,0,0,0,0,0,1649
org.mudebug.prapr.mutators.MethodNameMutator_3,20404633,1236,1,0,0,1,1,15,522
org.mudebug.prapr.mutators.LocalNameMutator_1,20404650,7058,0,0,0,0,0,6,325
org.mudebug.prapr.mutators.LocalToFieldAccessMutator_0,20404658,6684,0,0,1,1,1,971,711
org.mudebug.prapr.mutators.MethodNameMutator_9,20405631,1118,0,0,1,1,1,2730,1425
org.mudebug.prapr.mutators.FieldAccessToMethodCallMutator_3,20408363,6737,0,0,1,1,1,2668,1783
org.mudebug.prapr.mutators.FieldNameMutator_0,20411033,4626,0,0,0,0,0,2,83
org.mudebug.prapr.mutators.ArgumentListMutator_4,20411037,7058,0,0,1,1,1,5538,284
org.mudebug.prapr.mutators.LocalNameMutator_2,20416577,7058,0,0,0,0,0,13,347
org.pitest.mutationtest.engine.gregor.mutators.InlineConstantMutator,20416592,6751,0,0,0,0,0,94,1977
org.pitest.mutationtest.engine.gregor.mutators.experimental.RemoveSwitchMutator_32,20416688,555,0,0,0,0,0,13,872
org.pitest.mutationtest.engine.gregor.mutators.RemoveConditionalMutator_EQUAL_ELSE,20416703,5359,0,0,0,0,0,1,794
org.mudebug.prapr.mutators.DereferenceGuardMutator_3,20416706,7303,0,0,0,0,0,0,160
org.mudebug.prapr.mutators.MethCallResultGuard_1,20416708,5356,0,0,0,1,1,232,81
org.mudebug.prapr.mutators.MethodNameMutator_0,20416942,5375,0,0,0,0,0,2,1034
org.mudebug.prapr.mutators.FieldNameMutator_1,20416946,7058,0,0,1,1,1,5226,460
org.mudebug.prapr.mutators.FieldAccessToMethodCallMutator_0,20422174,4627,0,0,1,1,1,5214,94
org.mudebug.prapr.mutators.MethCallResultGuard_0,20427390,1106,0,0,0,1,1,2976,1146
org.mudebug.prapr.mutators.FieldNameMutator_3,20430368,7215,0,0,0,0,0,110,137
org.mudebug.prapr.mutators.LocalToFieldAccessMutator_3,20430480,6683,0,0,1,1,1,2662,685
org.pitest.mutationtest.engine.gregor.mutators.experimental.MemberVariableMutator,20433144,1777,0,0,0,0,0,74,729
org.pitest.mutationtest.engine.gregor.mutators.ConstructorCallMutator,20433220,514,0,0,1,1,1,5662,53
org.mudebug.prapr.mutators.LocalNameMutator_1,20438884,7058,0,0,0,0,0,16,404
org.pitest.mutationtest.engine.gregor.mutators.RemoveConditionalMutator_EQUAL_IF,20438902,1245,0,0,0,0,0,10,803
org.mudebug.prapr.mutators.MethCallResultGuard_1,20438914,6706,0,0,0,0,0,0,1018
org.mudebug.prapr.mutators.LocalToFieldAccessMutator_0,20438916,6743,0,0,1,1,1,2912,1874
org.mudebug.prapr.mutators.ArgumentListMutator_5,20441830,3611,0,0,0,0,0,0,1331
org.mudebug.prapr.mutators.FieldNameMutator_0,20441832,7059,0,0,0,0,0,9,560
org.pitest.mutationtest.engine.gregor.mutators.NonVoidMethodCallMutator,20441843,7209,0,0,1,1,1,5538,51
org.mudebug.prapr.mutators.FieldNameMutator_4,20447383,7058,0,0,1,1,1,5226,275
org.mudebug.prapr.mutators.MethCallResultGuard_2,20452611,2967,0,0,0,0,0,0,612
org.mudebug.prapr.mutators.RelationalOperatorReplacement_1,20452613,553,0,0,0,0,0,40,263
org.mudebug.prapr.mutators.DereferenceGuardMutator_0,20452655,6176,0,0,0,0,0,5,577
org.pitest.mutationtest.engine.gregor.mutators.RemoveConditionalMutator_EQUAL_ELSE,20452665,3563,0,0,0,1,1,68,307
org.mudebug.prapr.mutators.MethodNameMutator_7,20452735,1245,0,0,1,1,1,20,713
org.mudebug.prapr.mutators.MethCallResultGuard_2,20452757,244,0,0,0,0,0,23,180
org.mudebug.prapr.mutators.FieldToLocalAccessMutator_0,20452782,2071,0,0,0,0,0,10,38
org.mudebug.prapr.mutators.RelationalOperatorReplacement_2,20452794,5356,0,0,0,0,0,0,88
org.mudebug.prapr.mutators.LocalToFieldAccessMutator_2,20452796,6728,0,0,1,1,1,2809,1409
org.mudebug.prapr.mutators.MethodNameMutator_0,20455607,369,0,0,0,0,0,57,807
org.pitest.mutationtest.engine.gregor.mutators.BooleanTrueReturnValsMutator,20455666,5359,0,0,0,1,1,9,794
org.mudebug.prapr.mutators.ReturningDereferenceGuardMutator_4,20455677,5356,0,0,0,0,0,0,577
org.mudebug.prapr.mutators.MethodNameMutator_2,20455679,6725,0,0,0,0,0,0,1369
org.pitest.mutationtest.engine.gregor.mutators.experimental.RemoveSwitchMutator_8,20455681,6649,0,0,0,0,0,0,175
org.mudebug.prapr.mutators.DereferenceGuardMutator_0,20455683,6706,0,0,0,0,0,0,1016
org.mudebug.prapr.mutators.ArgumentListMutator_5,20455685,5356,0,0,0,0,0,33,576
org.mudebug.prapr.mutators.DereferenceGuardMutator_3,20455720,4402,0,0,0,0,0,0,368
org.mudebug.prapr.mutators.FieldAccessToMethodCallMutator_1,20455722,1777,0,0,0,0,0,0,742
org.mudebug.prapr.mutators.MethodNameMutator_3,20455724,1248,0,0,1,1,1,59,867
org.mudebug.prapr.mutators.LocalToFieldAccessMutator_0,20455785,544,0,0,0,1,1,2225,120
org.mudebug.prapr.mutators.ArgumentListMutator_0,20458012,7060,0,0,1,1,1,5543,569
org.mudebug.prapr.mutators.FieldAccessToMethodCallMutator_2,20463557,6678,0,0,1,1,1,5951,610
org.mudebug.prapr.mutators.FieldNameMutator_5,20469510,1777,0,0,0,0,0,0,661
org.mudebug.prapr.mutators.NonVoidMethodCallGuardMutator_0,20469512,347,0,0,0,0,0,23,533
org.mudebug.prapr.mutators.MethCallResultGuard_0,20469537,7342,0,0,0,0,0,5,92
org.mudebug.prapr.mutators.MethodNameMutator_3,20469544,6707,0,0,0,1,1,8,1043
org.pitest.mutationtest.engine.gregor.mutators.experimental.NakedReceiverMutator,20469554,1234,0,0,1,1,1,5,302
org.mudebug.prapr.mutators.DereferenceGuardMutator_3,20469561,7263,0,0,0,0,0,0,850
org.mudebug.prapr.mutators.ArgumentListMutator_4,20469566,1248,0,0,0,0,0,0,867
org.mudebug.prapr.mutators.FieldNameMutator_4,20469568,1777,0,0,0,0,0,83,653
org.mudebug.prapr.mutators.MethCallResultGuard_2,20469653,3710,0,0,0,0,0,0,67
org.mudebug.prapr.mutators.ReturningDereferenceGuardMutator_4,20469655,1042,0,0,0,0,0,5,230
org.mudebug.prapr.mutators.MethodNameMutator_9,20469662,7200,0,0,1,1,1,5538,104
org.mudebug.prapr.mutators.FieldAccessToMethodCallMutator_3,20475202,6711,0,0,0,1,1,2701,1133
org.pitest.mutationtest.engine.gregor.mutators.experimental.RemoveSwitchMutator_49,20477905,5356,0,0,0,0,0,0,117
org.pitest.mutationtest.engine.gregor.mutators.NegateConditionalsMutator,20477907,7302,0,0,0,0,0,4,106
org.mudebug.prapr.mutators.VoidMethodCallGuardMutator,20477916,7059,0,0,0,0,0,0,559
org.pitest.mutationtest.engine.gregor.mutators.experimental.MemberVariableMutator,20477918,7300,0,0,0,0,0,0,73
org.mudebug.prapr.mutators.ArgumentListMutator_2,20477920,3249,0,0,1,1,1,4757,103
org.mudebug.prapr.mutators.LocalToFieldAccessMutator_0,20482679,4411,0,0,0,0,0,703,497
org.pitest.mutationtest.engine.gregor.mutators.RemoveConditionalMutator_EQUAL_IF,20483384,7200,0,0,0,0,0,1,104
org.mudebug.prapr.mutators.ArithmeticOperatorReplacement_6,20483387,6713,0,0,0,1,1,110,1152
org.mudebug.prapr.mutators.MethodNameMutator_2,20483499,159,0,0,0,0,0,0,649
org.pitest.mutationtest.engine.gregor.mutators.experimental.MemberVariableMutator,20483501,930,0,0,0,0,0,0,630
org.mudebug.prapr.mutators.MethodNameMutator_9,20483506,7302,0,0,1,1,1,5538,127
org.mudebug.prapr.mutators.FieldAccessToMethodCallMutator_0,20489046,7215,0,0,1,1,1,5538,134
org.pitest.mutationtest.engine.gregor.mutators.NegateConditionalsMutator,20494586,5356,0,0,0,1,1,117,504
org.mudebug.prapr.mutators.FieldNameMutator_0,20494705,1777,0,0,0,0,0,0,707
org.pitest.mutationtest.engine.gregor.mutators.experimental.MemberVariableMutator,20494707,7233,0,0,1,1,1,5543,295
org.mudebug.prapr.mutators.FieldAccessToMethodCallMutator_0,20505318,1135,0,0,1,1,1,5202,1643
org.pitest.mutationtest.engine.gregor.mutators.RemoveConditionalMutator_ORDER_IF,20510522,931,0,0,0,1,1,10,633
org.mudebug.prapr.mutators.FieldNameMutator_4,20510534,1106,0,0,0,0,0,0,1185
org.mudebug.prapr.mutators.MethCallResultGuard_1,20510536,353,0,0,0,0,0,5,617
org.mudebug.prapr.mutators.FieldNameMutator_5,20510543,1777,0,0,0,0,0,31,656
org.mudebug.prapr.mutators.FieldAccessToMethodCallMutator_2,20510576,6678,0,0,1,1,1,4607,606
org.mudebug.prapr.mutators.LocalToFieldAccessMutator_0,20515185,6688,0,0,1,1,1,5994,763
org.mudebug.prapr.mutators.LocalNameMutator_1,20521181,5356,0,0,1,1,1,2861,350
org.mudebug.prapr.mutators.RelationalOperatorReplacement_1,20524044,6388,0,0,0,0,0,0,265
org.pitest.mutationtest.engine.gregor.mutators.InlineConstantMutator,20524046,7300,0,0,0,0,0,1969,72
org.mudebug.prapr.mutators.RelationalOperatorReplacement_3,20526017,1248,0,0,0,0,0,0,867
org.mudebug.prapr.mutators.FieldAccessToMethodCallMutator_0,20526019,3240,0,0,0,0,0,5,42
org.mudebug.prapr.mutators.RelationalOperatorReplacement_0,20526026,7064,0,0,0,0,0,0,614
org.mudebug.prapr.mutators.DereferenceGuardMutator_3,20526028,4667,0,0,0,0,0,0,69
org.pitest.mutationtest.engine.gregor.mutators.InlineConstantMutator,20526030,7058,0,0,1,1,1,5538,317
org.mudebug.prapr.mutators.FieldNameMutator_5,20531570,7355,0,0,0,0,0,554,116
org.mudebug.prapr.mutators.DereferenceGuardMutator_0,20532126,6689,0,0,0,0,0,5,783
org.mudebug.prapr.mutators.FieldNameMutator_3,20532133,1119,0,0,0,0,0,5,1434
org.pitest.mutationtest.engine.gregor.mutators.experimental.RemoveSwitchMutator_91,20532140,5356,0,0,0,0,0,0,117
org.mudebug.prapr.mutators.ArgumentListMutator_1,20532142,6678,0,0,0,0,0,0,603
org.mudebug.prapr.mutators.LocalNameMutator_0,20532144,1245,0,0,1,1,1,24,804
org.mudebug.prapr.mutators.FieldAccessToMethodCallMutator_1,20532170,1777,0,0,0,0,0,0,682
org.mudebug.prapr.mutators.FieldNameMutator_1,20532172,5356,0,0,0,0,0,1,522
org.mudebug.prapr.mutators.FieldToLocalAccessMutator_1,20532175,6678,0,0,1,1,1,4642,611
org.mudebug.prapr.mutators.LocalToFieldAccessMutator_1,20536819,6715,0,0,0,0,0,76,1176
org.mudebug.prapr.mutators.FieldAccessToMethodCallMutator_0,20536897,1106,0,0,1,1,1,2980,1083
org.mudebug.prapr.mutators.LocalNameMutator_0,20539879,1563,0,0,0,0,0,1,254
org.mudebug.prapr.mutators.NonVoidMethodCallGuardMutator_0,20539882,6742,0,0,0,0,0,5,1849
org.mudebug.prapr.mutators.FieldNameMutator_4,20539889,1777,0,0,0,0,0,0,671
org.mudebug.prapr.mutators.NonVoidMethodCallGuardMutator_0,20539891,6692,0,0,0,0,0,27,808
org.mudebug.prapr.mutators.LocalToFieldAccessMutator_1,20539920,6728,0,0,0,1,1,2809,1407
org.pitest.mutationtest.engine.gregor.mutators.InlineConstantMutator,20542731,6687,0,0,1,1,1,5365,756
org.mudebug.prapr.mutators.ReturningDereferenceGuardMutator_0,20548098,5356,0,0,0,0,0,5,76
org.mudebug.prapr.mutators.MethodNameMutator_2,20548105,370,0,0,0,0,0,0,816
org.mudebug.prapr.mutators.RelationalOperatorReplacement_0,20548107,7108,0,0,0,0,0,5,1155
org.pitest.mutationtest.engine.gregor.mutators.InlineConstantMutator,20548116,3592,0,0,0,0,0,24,1084
org.pitest.mutationtest.engine.gregor.mutators.ConstructorCallMutator,20548142,7052,0,0,1,1,1,5538,198
org.mudebug.prapr.mutators.FieldNameMutator_2,20553682,1106,0,0,0,0,0,5,1185
org.mudebug.prapr.mutators.FieldToLocalAccessMutator_0,20553689,6174,0,0,0,0,0,4,549
org.pitest.mutationtest.engine.gregor.mutators.RemoveConditionalMutator_EQUAL_IF,20553695,5351,0,0,0,0,0,0,48
org.pitest.mutationtest.engine.gregor.mutators.ReturnValsMutator,20553697,6723,0,0,1,1,1,4999,1349
org.mudebug.prapr.mutators.LocalToFieldAccessMutator_1,20558698,1246,0,0,0,1,1,17,818
org.mudebug.prapr.mutators.LocalToFieldAccessMutator_0,20558717,3563,0,0,0,0,0,11,307
org.pitest.mutationtest.engine.gregor.mutators.RemoveConditionalMutator_EQUAL_IF,20558730,5356,0,0,0,1,1,205,339
org.mudebug.prapr.mutators.RelationalOperatorReplacement_2,20558937,4411,0,0,0,0,0,52,476
org.mudebug.prapr.mutators.MethodNameMutator_4,20558991,7265,0,0,1,1,1,5538,867
org.mudebug.prapr.mutators.FieldNameMutator_1,20564531,7058,0,0,1,1,1,5538,327
org.mudebug.prapr.mutators.LocalToFieldAccessMutator_1,20570071,6744,0,0,1,1,1,817,1894
org.pitest.mutationtest.engine.gregor.mutators.NonVoidMethodCallMutator,20570890,3416,0,0,0,1,1,2428,77
org.mudebug.prapr.mutators.MethodNameMutator_6,20573320,7233,0,0,1,1,1,5543,291
org.mudebug.prapr.mutators.MethodNameMutator_3,20578865,6976,0,0,0,0,0,0,88
org.pitest.mutationtest.engine.gregor.mutators.experimental.MemberVariableMutator,20578867,1038,0,0,1,1,1,5200,1597
org.pitest.mutationtest.engine.gregor.mutators.NegateConditionalsMutator,20584069,6931,0,0,0,0,0,1189,848
org.mudebug.prapr.mutators.FieldNameMutator_3,20585260,7059,0,0,0,0,0,141,545
org.mudebug.prapr.mutators.FieldNameMutator_2,20585403,7058,0,0,0,0,0,2319,395
org.pitest.mutationtest.engine.gregor.mutators.InlineConstantMutator,20587724,7381,0,0,0,0,0,552,405
org.mudebug.prapr.mutators.ArgumentListMutator_5,20588278,5356,0,0,1,1,1,251,511
org.mudebug.prapr.mutators.ArgumentListMutator_0,20588531,7058,0,0,0,0,0,0,494
org.pitest.mutationtest.engine.gregor.mutators.RemoveConditionalMutator_EQUAL_IF,20588533,6678,0,0,1,1,1,4597,606
org.mudebug.prapr.mutators.FieldNameMutator_2,20593132,7209,0,0,0,0,0,9,51
org.pitest.mutationtest.engine.gregor.mutators.experimental.RemoveSwitchMutator_78,20593143,6415,0,0,0,0,0,5,273
org.mudebug.prapr.mutators.RelationalOperatorReplacement_1,20593150,7497,0,0,0,0,0,0,377
org.mudebug.prapr.mutators.RelationalOperatorReplacement_3,20593152,5356,0,0,0,0,0,1,106
org.mudebug.prapr.mutators.DereferenceGuardMutator_1,20593155,6689,0,0,0,0,0,0,782
org.mudebug.prapr.mutators.FieldToLocalAccessMutator_0,20593157,557,0,0,0,0,0,0,1190
org.mudebug.prapr.mutators.MethodNameMutator_1,20593159,5356,0,0,0,1,1,222,350
org.mudebug.prapr.mutators.NonVoidMethodCallGuardMutator_0,20593383,551,0,0,0,0,0,0,206
org.mudebug.prapr.mutators.FieldToLocalAccessMutator_1,20593385,6678,0,0,1,1,1,4565,607
org.mudebug.prapr.mutators.LocalToFieldAccessMutator_0,20597952,4411,0,0,0,0,0,0,485
org.mudebug.prapr.mutators.LocalNameMutator_0,20597954,7058,0,0,0,0,0,20,348
org.mudebug.prapr.mutators.FieldNameMutator_2,20597976,7058,0,0,0,0,0,2321,290
org.mudebug.prapr.mutators.FieldNameMutator_0,20600299,1777,0,0,0,0,0,5,674
org.mudebug.prapr.mutators.MethodNameMutator_0,20600306,3564,0,0,0,0,0,15,338
org.mudebug.prapr.mutators.FieldNameMutator_3,20600323,7059,0,0,0,0,0,32,564
org.mudebug.prapr.mutators.MethodNameMutator_2,20600357,1313,0,0,0,0,0,5,86
org.pitest.mutationtest.engine.gregor.mutators.InlineConstantMutator,20600364,1049,0,0,0,0,0,23,368
org.mudebug.prapr.mutators.DereferenceGuardMutator_4,20600389,6683,0,0,0,0,0,0,685
org.pitest.mutationtest.engine.gregor.mutators.NonVoidMethodCallMutator,20600391,6725,0,0,0,1,1,0,1369
org.mudebug.prapr.mutators.DereferenceGuardMutator_2,20600393,6674,0,0,0,0,0,0,564
org.mudebug.prapr.mutators.ArgumentListMutator_5,20600395,5356,0,0,1,1,1,1074,425
org.mudebug.prapr.mutators.LocalNameMutator_0,20601471,6743,0,0,0,0,0,171,1869
org.pitest.mutationtest.engine.gregor.mutators.experimental.NakedReceiverMutator,20601644,504,0,0,0,0,0,2471,79
org.mudebug.prapr.mutators.MethodNameMutator_4,20604117,1234,0,0,1,1,1,3,310
org.mudebug.prapr.mutators.DereferenceGuardMutator_1,20604122,6725,0,0,0,0,0,0,1369
org.mudebug.prapr.mutators.MethodNameMutator_6,20604124,247,0,0,1,1,1,4269,239
org.mudebug.prapr.mutators.FieldAccessToMethodCallMutator_4,20608395,1777,0,0,0,0,0,0,671
org.mudebug.prapr.mutators.ReturningDereferenceGuardMutator_1,20608397,6674,0,0,0,0,0,0,564
org.mudebug.prapr.mutators.DereferenceGuardMutator_3,20608399,5219,0,0,0,0,0,0,181
org.mudebug.prapr.mutators.ReturningDereferenceGuardMutator_4,20608401,4665,0,0,0,0,0,0,54
org.mudebug.prapr.mutators.RelationalOperatorReplacement_2,20608403,7064,0,0,0,0,0,17,614
org.mudebug.prapr.mutators.DereferenceGuardMutator_0,20608422,1135,0,0,0,0,0,5,1643
org.mudebug.prapr.mutators.LocalToFieldAccessMutator_2,20608429,6726,0,0,0,0,0,1329,1383
org.mudebug.prapr.mutators.MethodNameMutator_8,20609760,1234,0,0,1,1,1,2,310
org.mudebug.prapr.mutators.NonVoidMethodCallGuardMutator_0,20609764,3563,0,0,0,0,0,0,307
org.pitest.mutationtest.engine.gregor.mutators.RemoveConditionalMutator_EQUAL_ELSE,20609766,6723,0,0,1,1,1,5016,1346
org.mudebug.prapr.mutators.FieldAccessToMethodCallMutator_0,20614784,5192,0,0,0,0,0,1632,84
org.mudebug.prapr.mutators.LocalNameMutator_1,20616418,7058,0,0,0,0,0,17,379
org.pitest.mutationtest.engine.gregor.mutators.RemoveConditionalMutator_EQUAL_ELSE,20616437,7476,0,0,0,1,1,29,202
org.mudebug.prapr.mutators.FieldNameMutator_3,20616468,1106,0,0,0,1,1,0,1185
org.mudebug.prapr.mutators.LocalNameMutator_1,20616470,4411,0,0,0,0,0,0,484
org.mudebug.prapr.mutators.VoidMethodCallGuardMutator,20616472,7059,0,0,0,0,0,0,546
org.pitest.mutationtest.engine.gregor.mutators.RemoveConditionalMutator_EQUAL_IF,20616474,4667,0,0,0,0,0,5,67
org.pitest.mutationtest.engine.gregor.mutators.VoidMethodCallMutator,20616481,2459,0,0,0,0,0,77,58
org.mudebug.prapr.mutators.MethodNameMutator_0,20616560,1106,0,0,0,0,0,0,1096
org.mudebug.prapr.mutators.MethodNameMutator_0,20616562,1052,0,0,1,1,1,4574,406
org.mudebug.prapr.mutators.ReturningDereferenceGuardMutator_3,20621138,1119,0,0,0,0,0,5,1439
org.pitest.mutationtest.engine.gregor.mutators.ReturnValsMutator,20621145,7305,0,0,1,1,1,5538,208
org.mudebug.prapr.mutators.DereferenceGuardMutator_0,20626685,7263,0,0,0,0,0,0,853
org.mudebug.prapr.mutators.FieldAccessToMethodCallMutator_0,20626687,1537,0,0,0,0,0,0,31
org.pitest.mutationtest.engine.gregor.mutators.MathMutator,20626689,6713,0,0,0,1,1,105,1152
org.mudebug.prapr.mutators.DereferenceGuardMutator_0,20626796,4261,0,0,0,0,0,0,471
org.pitest.mutationtest.engine.gregor.mutators.InlineConstantMutator,20626798,6750,0,0,0,0,0,1418,1968
org.pitest.mutationtest.engine.gregor.mutators.VoidMethodCallMutator,20628218,4159,0,0,0,0,0,89,104
org.pitest.mutationtest.engine.gregor.mutators.EmptyObjectReturnValsMutator,20628309,7046,0,0,0,0,0,262,101
org.mudebug.prapr.mutators.ArgumentListMutator_2,20628573,7379,0,0,0,0,0,1,390
org.mudebug.prapr.mutators.LocalNameMutator_0,20628576,1562,0,0,0,0,0,108,213
org.mudebug.prapr.mutators.NonVoidMethodCallGuardMutator_0,20628686,347,0,0,0,0,0,0,520
org.mudebug.prapr.mutators.LocalNameMutator_0,20628688,5375,0,0,0,1,1,39,1033
org.mudebug.prapr.mutators.MethCallResultGuard_2,20628729,3417,0,0,0,0,0,0,88
org.pitest.mutationtest.engine.gregor.mutators.experimental.NakedReceiverMutator,20628734,6706,0,0,0,1,1,2,1025
org.mudebug.prapr.mutators.RelationalOperatorReplacement_0,20628738,7199,0,0,0,0,0,93,84
org.mudebug.prapr.mutators.MethCallResultGuard_0,20628833,6725,0,0,0,0,0,0,1369
org.pitest.mutationtest.engine.gregor.mutators.ConstructorCallMutator,20628835,1106,0,0,1,1,1,2980,1082
org.mudebug.prapr.mutators.FieldNameMutator_0,20631817,7059,0,0,0,0,0,7,558
org.mudebug.prapr.mutators.LocalNameMutator_0,20636892,6744,0,0,0,0,0,4,1889
org.pitest.mutationtest.engine.gregor.mutators.VoidMethodCallMutator,20636898,7052,0,0,1,1,1,5247,199
org.mudebug.prapr.mutators.FieldNameMutator_3,20642147,1777,0,0,0,0,0,50,657
org.mudebug.prapr.mutators.RelationalOperatorReplacement_2,20642199,1053,0,0,0,0,0,5,433
org.pitest.mutationtest.engine.gregor.mutators.NonVoidMethodCallMutator,20642206,5356,0,0,0,0,0,0,344
org.pitest.mutationtest.engine.gregor.mutators.RemoveConditionalMutator_EQUAL_ELSE,20642208,551,0,0,0,0,0,17,212
org.pitest.mutationtest.engine.gregor.mutators.experimental.RemoveSwitchMutator_55,20642227,495,0,0,0,0,0,0,119
org.pitest.mutationtest.engine.gregor.mutators.NegateConditionalsMutator,20642229,1106,0,0,0,0,0,7,1142
org.mudebug.prapr.mutators.ReturningDereferenceGuardMutator_0,20642238,7302,0,0,0,0,0,0,102
org.mudebug.prapr.mutators.MethodNameMutator_7,20642240,245,0,0,0,0,0,2,198
org.pitest.mutationtest.engine.gregor.mutators.NonVoidMethodCallMutator,20642244,5356,0,0,0,0,0,24,490
org.mudebug.prapr.mutators.DereferenceGuardMutator_0,20642270,1106,0,0,0,0,0,5,1185
org.mudebug.prapr.mutators.MethodNameMutator_3,20642277,7503,0,0,0,0,0,205,450
org.mudebug.prapr.mutators.NonVoidMethodCallGuardMutator_0,20642484,7058,0,0,0,0,0,0,280
org.mudebug.prapr.mutators.MethodNameMutator_0,20642486,3711,0,0,0,0,0,6,72
org.mudebug.prapr.mutators.FieldNameMutator_0,20642498,7058,0,0,0,0,0,2290,385
org.pitest.mutationtest.engine.gregor.mutators.InlineConstantMutator,20644790,5358,0,0,1,1,1,364,718
org.mudebug.prapr.mutators.FieldNameMutator_2,20645156,1053,0,0,1,1,1,4574,431
org.pitest.mutationtest.engine.gregor.mutators.experimental.MemberVariableMutator,20649732,7684,0,0,0,0,0,46,83
org.mudebug.prapr.mutators.MethodNameMutator_3,20649780,5362,0,0,0,0,0,6,816
org.mudebug.prapr.mutators.FieldAccessToMethodCallMutator_4,20649788,1777,0,0,0,0,0,0,707
org.pitest.mutationtest.engine.gregor.mutators.RemoveConditionalMutator_EQUAL_IF,20649790,1562,0,0,0,0,0,32,209
org.mudebug.prapr.mutators.ArgumentListMutator_5,20649824,6706,0,0,0,1,1,8,966
org.mudebug.prapr.mutators.ReturningDereferenceGuardMutator_3,20649834,7063,0,0,0,0,0,0,602
org.mudebug.prapr.mutators.DereferenceGuardMutator_4,20649836,3243,0,0,0,0,0,0,73
org.mudebug.prapr.mutators.MethodNameMutator_1,20649838,3675,0,0,0,0,0,0,2356
org.mudebug.prapr.mutators.RelationalOperatorReplacement_2,20649842,5357,0,0,1,1,1,467,703
org.pitest.mutationtest.engine.gregor.mutators.experimental.RemoveSwitchMutator_11,20650311,6415,0,0,0,0,0,0,273
org.mudebug.prapr.mutators.RelationalOperatorReplacement_2,20650313,6706,0,0,0,1,1,14,963
org.mudebug.prapr.mutators.RelationalOperatorReplacement_0,20650329,1050,0,0,0,1,1,142,381
org.mudebug.prapr.mutators.FieldAccessToMethodCallMutator_3,20650473,1777,0,0,0,0,0,0,736
org.mudebug.prapr.mutators.MethCallResultGuard_2,20650475,495,0,0,0,0,0,0,184
org.pitest.mutationtest.engine.gregor.mutators.experimental.MemberVariableMutator,20650477,1777,0,0,0,0,0,0,680
org.mudebug.prapr.mutators.MethodNameMutator_2,20650479,7200,0,0,0,0,0,6,104
org.mudebug.prapr.mutators.ArgumentListMutator_5,20650487,6725,0,0,0,1,1,0,1369
org.mudebug.prapr.mutators.ReturningDereferenceGuardMutator_1,20650489,6697,0,0,0,0,0,0,851
org.pitest.mutationtest.engine.gregor.mutators.NonVoidMethodCallMutator,20650491,1777,0,0,0,0,0,74,730
org.mudebug.prapr.mutators.ReturningDereferenceGuardMutator_0,20650567,1041,0,0,0,0,0,0,220
org.mudebug.prapr.mutators.ArgumentListMutator_4,20650569,5191,0,0,1,1,1,5173,78
org.pitest.mutationtest.engine.gregor.mutators.experimental.MemberVariableMutator,20655744,3384,0,0,1,1,1,214,38
org.mudebug.prapr.mutators.MethodNameMutator_8,20655960,6931,0,0,0,0,0,132,852
org.mudebug.prapr.mutators.FieldNameMutator_2,20656094,6674,0,0,1,1,1,2709,564
org.mudebug.prapr.mutators.ReturningDereferenceGuardMutator_0,20658805,7265,0,0,0,0,0,0,867
org.mudebug.prapr.mutators.FieldNameMutator_4,20658807,7058,0,0,1,1,1,5226,460
org.mudebug.prapr.mutators.RelationalOperatorReplacement_1,20664035,1248,0,0,0,0,0,6,878
org.pitest.mutationtest.engine.gregor.mutators.NonVoidMethodCallMutator,20664043,247,0,0,0,0,0,0,244
org.mudebug.prapr.mutators.DereferenceGuardMutator_0,20664045,1119,0,0,0,0,0,0,1435
org.mudebug.prapr.mutators.FieldNameMutator_0,20664047,1777,0,0,0,0,0,0,740
org.mudebug.prapr.mutators.MethodNameMutator_2,20664049,7259,0,0,0,0,0,259,823
org.mudebug.prapr.mutators.ArgumentListMutator_3,20664310,6174,0,0,0,0,0,0,548
org.mudebug.prapr.mutators.LocalNameMutator_1,20664312,1246,0,0,1,1,1,22,820
org.mudebug.prapr.mutators.NonVoidMethodCallGuardMutator_0,20664336,6972,0,0,0,0,0,0,66
org.mudebug.prapr.mutators.LocalToFieldAccessMutator_4,20664338,6697,0,0,1,1,1,44,848
org.mudebug.prapr.mutators.ReturningDereferenceGuardMutator_2,20669450,347,0,0,0,0,0,0,548
org.mudebug.prapr.mutators.MethCallResultGuard_0,20669454,334,0,0,0,0,0,0,382
org.pitest.mutationtest.engine.gregor.mutators.RemoveConditionalMutator_EQUAL_ELSE,20669456,7764,0,0,0,0,0,0,462
org.mudebug.prapr.mutators.ArgumentListMutator_4,20669458,4157,0,0,1,1,1,4582,93
org.pitest.mutationtest.engine.gregor.mutators.InlineConstantMutator,20674042,7358,0,0,0,0,0,102,153
org.pitest.mutationtest.engine.gregor.mutators.RemoveConditionalMutator_EQUAL_IF,20674146,247,0,0,0,0,0,2,247
org.mudebug.prapr.mutators.LocalNameMutator_0,20674150,7250,0,0,0,0,0,0,663
org.mudebug.prapr.mutators.ArgumentListMutator_4,20674152,7109,0,0,1,1,1,5538,1174
org.mudebug.prapr.mutators.ArgumentListMutator_1,20679692,5356,0,0,1,1,1,1491,88
org.mudebug.prapr.mutators.ReturningDereferenceGuardMutator_1,20681185,5353,0,0,0,0,0,0,64
org.mudebug.prapr.mutators.RelationalOperatorReplacement_0,20681187,3664,0,0,0,1,1,278,2190
org.mudebug.prapr.mutators.MethodNameMutator_3,20681467,5356,0,0,0,0,0,0,344
org.mudebug.prapr.mutators.MethodNameMutator_5,20681469,6710,0,0,0,1,1,6,1068
org.pitest.mutationtest.engine.gregor.mutators.NullReturnValsMutator,20681477,6686,0,0,1,1,1,2867,745
org.mudebug.prapr.mutators.FieldAccessToMethodCallMutator_1,20684346,1777,0,0,0,0,0,0,641
org.pitest.mutationtest.engine.gregor.mutators.InlineConstantMutator,20684348,6174,0,0,1,1,1,2763,548
org.mudebug.prapr.mutators.RelationalOperatorReplacement_0,20687113,1049,0,0,0,0,0,0,368
org.mudebug.prapr.mutators.MethodNameMutator_5,20687115,245,0,0,0,0,0,2,198
org.pitest.mutationtest.engine.gregor.mutators.RemoveConditionalMutator_EQUAL_IF,20687119,7200,0,0,0,0,0,1669,95
org.pitest.mutationtest.engine.gregor.mutators.experimental.RemoveSwitchMutator_54,20688790,555,0,0,0,0,0,62,872
org.mudebug.prapr.mutators.RelationalOperatorReplacement_2,20688854,5356,0,0,0,0,0,23,490
org.mudebug.prapr.mutators.RelationalOperatorReplacement_1,20688879,6732,0,0,0,0,0,6,1618
org.mudebug.prapr.mutators.LocalToFieldAccessMutator_3,20688887,1048,0,0,1,1,1,3267,348
org.pitest.mutationtest.engine.gregor.mutators.NonVoidMethodCallMutator,20692156,6706,0,0,0,1,1,2,1024
org.pitest.mutationtest.engine.gregor.mutators.ReturnValsMutator,20692160,7241,0,0,0,0,0,0,435
org.pitest.mutationtest.engine.gregor.mutators.RemoveConditionalMutator_EQUAL_ELSE,20692162,6987,0,0,0,0,0,44,154
org.mudebug.prapr.mutators.LocalToFieldAccessMutator_0,20692208,7382,0,0,1,1,1,5150,431
org.mudebug.prapr.mutators.LocalToFieldAccessMutator_0,20697360,1106,0,0,0,0,0,0,1174
org.mudebug.prapr.mutators.ArgumentListMutator_5,20697362,558,0,0,1,1,1,4108,1194
org.mudebug.prapr.mutators.ReturningDereferenceGuardMutator_2,20701472,7365,0,0,0,0,0,0,232
org.mudebug.prapr.mutators.RelationalOperatorReplacement_3,20701474,7200,0,0,0,0,0,2,104
org.mudebug.prapr.mutators.LocalNameMutator_1,20701478,6705,0,0,0,0,0,0,917
org.mudebug.prapr.mutators.RelationalOperatorReplacement_1,20701484,3589,0,0,0,1,1,359,1062
org.mudebug.prapr.mutators.RelationalOperatorReplacement_0,20701845,495,0,0,1,1,1,3741,265
org.mudebug.prapr.mutators.MethodNameMutator_0,20705588,7304,0,0,1,1,1,5543,187
org.pitest.mutationtest.engine.gregor.mutators.EmptyObjectReturnValsMutator,20711133,7397,0,0,0,0,0,1736,102
org.pitest.mutationtest.engine.gregor.mutators.NonVoidMethodCallMutator,20712871,553,0,0,0,1,1,1389,262
org.mudebug.prapr.mutators.LocalToFieldAccessMutator_1,20714262,6728,0,0,0,0,0,2079,1420
org.mudebug.prapr.mutators.FieldNameMutator_1,20716343,7209,0,0,0,0,0,9,51
org.pitest.mutationtest.engine.gregor.mutators.ArgumentPropagationMutator,20716354,1245,0,0,0,0,0,10,802
org.pitest.mutationtest.engine.gregor.mutators.RemoveConditionalMutator_EQUAL_IF,20716366,705,0,0,0,0,0,5,68
org.pitest.mutationtest.engine.gregor.mutators.NegateConditionalsMutator,20716373,6678,0,0,1,1,1,5985,603
org.pitest.mutationtest.engine.gregor.mutators.experimental.RemoveSwitchMutator_18,20722360,555,0,0,0,0,0,12,872
org.mudebug.prapr.mutators.MethodNameMutator_1,20722374,4411,0,0,1,1,1,4269,493
org.mudebug.prapr.mutators.DereferenceGuardMutator_0,20726645,1041,0,0,0,0,0,0,219
org.mudebug.prapr.mutators.MethCallResultGuard_1,20726647,4257,0,0,0,0,0,0,408
org.pitest.mutationtest.engine.gregor.mutators.InlineConstantMutator,20726649,6715,0,0,0,0,0,11,1173
org.pitest.mutationtest.engine.gregor.mutators.InlineConstantMutator,20726662,3558,0,0,0,1,1,32,114
org.mudebug.prapr.mutators.RelationalOperatorReplacement_2,20726696,5358,0,0,0,0,0,0,726
org.mudebug.prapr.mutators.LocalNameMutator_0,20726698,242,0,0,1,1,1,4269,156
org.mudebug.prapr.mutators.LocalToFieldAccessMutator_0,20730969,7302,0,0,0,0,0,21,111
org.mudebug.prapr.mutators.FieldNameMutator_0,20730992,7613,0,0,0,0,0,0,59
org.mudebug.prapr.mutators.RelationalOperatorReplacement_0,20730994,5375,0,0,0,0,0,0,1034
org.mudebug.prapr.mutators.ArgumentListMutator_3,20731003,5363,0,0,1,1,1,2150,828
org.mudebug.prapr.mutators.ArgumentListMutator_3,20733155,1043,0,0,1,1,1,2889,270
org.pitest.mutationtest.engine.gregor.mutators.NonVoidMethodCallMutator,20736046,1042,0,0,1,1,1,5291,242
org.mudebug.prapr.mutators.MethCallResultGuard_2,20741339,1052,0,0,1,1,1,4574,413
org.mudebug.prapr.mutators.LocalToFieldAccessMutator_2,20745915,6684,0,0,1,1,1,417,703
org.pitest.mutationtest.engine.gregor.mutators.InlineConstantMutator,20746334,6713,0,0,0,0,0,1,1148
org.mudebug.prapr.mutators.ReturningDereferenceGuardMutator_0,20746337,7627,0,0,0,0,0,0,159
org.mudebug.prapr.mutators.MethCallResultGuard_2,20746339,6976,0,0,0,0,0,0,87
org.mudebug.prapr.mutators.MethCallResultGuard_2,20746341,3514,0,0,1,1,1,5204,967
org.mudebug.prapr.mutators.MethCallResultGuard_0,20751547,546,0,0,0,0,0,9,148
org.mudebug.prapr.mutators.FieldNameMutator_3,20751558,7058,0,0,0,0,0,2257,354
org.mudebug.prapr.mutators.ArithmeticOperatorReplacement_2,20753817,6714,0,0,0,1,1,1684,1164
org.mudebug.prapr.mutators.MethCallResultGuard_1,20755503,5375,0,0,0,1,1,39,1033
org.mudebug.prapr.mutators.FieldAccessToMethodCallMutator_1,20755544,1777,0,0,0,0,0,0,664
org.mudebug.prapr.mutators.LocalToFieldAccessMutator_2,20755546,6684,0,0,0,0,0,537,714
org.mudebug.prapr.mutators.NonVoidMethodCallGuardMutator_0,20756085,347,0,0,0,0,0,0,513
org.mudebug.prapr.mutators.ArgumentListMutator_3,20756087,3249,0,0,0,0,0,0,97
org.mudebug.prapr.mutators.FieldNameMutator_4,20756089,1777,0,0,0,0,0,0,691
org.mudebug.prapr.mutators.FieldNameMutator_4,20756091,7058,0,0,1,1,1,5538,255
org.pitest.mutationtest.engine.gregor.mutators.RemoveConditionalMutator_EQUAL_IF,20761631,7204,0,0,1,1,1,5538,135
org.pitest.mutationtest.engine.gregor.mutators.ReturnValsMutator,20767171,3246,0,0,1,1,1,4452,85
org.mudebug.prapr.mutators.NonVoidMethodCallGuardMutator_0,20771625,6711,0,0,0,0,0,5,1129
org.mudebug.prapr.mutators.MethodNameMutator_3,20771632,1231,0,0,0,1,1,2,68
org.mudebug.prapr.mutators.ReturningDereferenceGuardMutator_0,20771636,6689,0,0,0,0,0,0,783
org.pitest.mutationtest.engine.gregor.mutators.VoidMethodCallMutator,20771638,1106,0,0,0,1,1,161,1083
org.mudebug.prapr.mutators.FieldAccessToMethodCallMutator_2,20771801,1777,0,0,0,0,0,0,697
org.mudebug.prapr.mutators.ArithmeticOperatorDeletion_1,20771803,346,0,0,0,0,0,3,496
org.pitest.mutationtest.engine.gregor.mutators.NegateConditionalsMutator,20771808,5356,0,0,0,0,0,121,181
org.pitest.mutationtest.engine.gregor.mutators.RemoveConditionalMutator_EQUAL_IF,20771931,3563,0,0,0,0,0,11,307
org.mudebug.prapr.mutators.VoidMethodCallGuardMutator,20771944,7058,0,0,0,0,0,0,275
org.mudebug.prapr.mutators.FieldAccessToMethodCallMutator_1,20771946,1777,0,0,0,0,0,0,692
org.mudebug.prapr.mutators.FieldToLocalAccessMutator_2,20771948,6684,0,0,0,0,0,112,712
org.pitest.mutationtest.engine.gregor.mutators.experimental.NakedReceiverMutator,20772062,7503,0,0,1,1,1,5543,445
org.pitest.mutationtest.engine.gregor.mutators.RemoveConditionalMutator_EQUAL_IF,20777607,504,0,0,1,1,1,5753,81
org.mudebug.prapr.mutators.RelationalOperatorReplacement_2,20783362,1106,0,0,0,0,0,2,1166
org.pitest.mutationtest.engine.gregor.mutators.NonVoidMethodCallMutator,20783369,4257,0,0,0,1,1,164,408
org.pitest.mutationtest.engine.gregor.mutators.VoidMethodCallMutator,20783535,4408,0,0,0,0,0,3791,422
org.mudebug.prapr.mutators.MethodNameMutator_1,20787328,3664,0,0,0,0,0,37,2189
org.pitest.mutationtest.engine.gregor.mutators.VoidMethodCallMutator,20787367,7058,0,0,0,0,0,1729,300
org.mudebug.prapr.mutators.FieldAccessToMethodCallMutator_4,20789098,6683,0,0,1,1,1,2718,688
org.pitest.mutationtest.engine.gregor.mutators.NonVoidMethodCallMutator,20791821,7209,0,0,1,1,1,5538,51
org.mudebug.prapr.mutators.LocalToFieldAccessMutator_3,20797361,6728,0,0,1,1,1,2813,1421
org.mudebug.prapr.mutators.RelationalOperatorReplacement_1,20800180,5213,0,0,0,0,0,0,91
org.pitest.mutationtest.engine.gregor.mutators.VoidMethodCallMutator,20800182,7355,0,0,0,0,0,1793,114
org.mudebug.prapr.mutators.LocalNameMutator_2,20801977,7058,0,0,0,0,0,9,404
org.pitest.mutationtest.engine.gregor.mutators.RemoveConditionalMutator_EQUAL_ELSE,20801988,2459,0,0,0,0,0,0,56
org.mudebug.prapr.mutators.MethodNameMutator_8,20801990,4415,0,0,0,0,0,0,551
org.mudebug.prapr.mutators.FieldToLocalAccessMutator_1,20801992,6743,0,0,0,0,0,1893,1871
org.mudebug.prapr.mutators.FieldNameMutator_5,20803894,7058,0,0,1,1,1,5538,255
org.pitest.mutationtest.engine.gregor.mutators.RemoveConditionalMutator_EQUAL_IF,20809434,4410,0,0,1,1,1,5218,453
org.pitest.mutationtest.engine.gregor.mutators.RemoveConditionalMutator_EQUAL_IF,20814654,5376,0,0,0,0,0,1,1051
org.mudebug.prapr.mutators.FieldAccessToMethodCallMutator_1,20814657,6684,0,0,1,1,1,595,695
org.pitest.mutationtest.engine.gregor.mutators.experimental.RemoveSwitchMutator_6,20815254,6649,0,0,0,0,0,0,175
org.mudebug.prapr.mutators.RelationalOperatorReplacement_1,20815256,5356,0,0,0,0,0,0,515
org.pitest.mutationtest.engine.gregor.mutators.experimental.RemoveSwitchMutator_27,20815258,3584,0,0,0,0,0,1,901
org.mudebug.prapr.mutators.DereferenceGuardMutator_0,20815261,7627,0,0,0,0,0,0,159
org.pitest.mutationtest.engine.gregor.mutators.VoidMethodCallMutator,20815263,7058,0,0,0,0,0,5,289
org.mudebug.prapr.mutators.FieldToLocalAccessMutator_0,20815270,6175,0,0,0,0,0,0,558
org.mudebug.prapr.mutators.LocalNameMutator_0,20815272,5356,0,0,1,1,1,1074,425
org.pitest.mutationtest.engine.gregor.mutators.RemoveConditionalMutator_EQUAL_IF,20816348,7383,0,0,0,0,0,1847,457
org.mudebug.prapr.mutators.VoidMethodCallGuardMutator,20818197,7202,0,0,0,0,0,0,124
org.pitest.mutationtest.engine.gregor.mutators.ReturnValsMutator,20818199,369,0,0,1,1,1,3741,809
org.mudebug.prapr.mutators.LocalNameMutator_0,20821942,7058,0,0,0,0,0,2250,518
org.mudebug.prapr.mutators.ReturningDereferenceGuardMutator_1,20824215,4159,0,0,0,0,0,0,103
org.mudebug.prapr.mutators.LocalToFieldAccessMutator_0,20824217,6678,0,0,1,1,1,4872,607
org.mudebug.prapr.mutators.MethodNameMutator_1,20829091,1106,0,0,0,0,0,19,1196
org.pitest.mutationtest.engine.gregor.mutators.RemoveConditionalMutator_EQUAL_IF,20829112,4667,0,0,0,1,1,2575,70
org.mudebug.prapr.mutators.MethCallResultGuard_1,20831689,347,0,0,0,0,0,23,543
org.mudebug.prapr.mutators.ArgumentListMutator_0,20831714,7058,0,0,1,1,1,5538,494
org.pitest.mutationtest.engine.gregor.mutators.ReturnValsMutator,20837254,7081,0,0,1,1,1,5538,813
org.pitest.mutationtest.engine.gregor.mutators.experimental.RemoveSwitchMutator_97,20842794,5356,0,0,0,0,0,0,117
org.pitest.mutationtest.engine.gregor.mutators.ArgumentPropagationMutator,20842799,1234,0,0,1,1,1,5,276
org.mudebug.prapr.mutators.MethCallResultGuard_0,20842806,7058,0,0,0,0,0,0,284
org.mudebug.prapr.mutators.MethodNameMutator_0,20842808,6737,0,0,0,0,0,5,1782
org.mudebug.prapr.mutators.MethodNameMutator_6,20842815,5376,0,0,0,0,0,2,1045
org.mudebug.prapr.mutators.MethodNameMutator_2,20842819,7241,0,0,0,0,0,1,435
org.mudebug.prapr.mutators.NonVoidMethodCallGuardMutator_0,20842822,6976,0,0,0,0,0,0,87
org.mudebug.prapr.mutators.FieldAccessToMethodCallMutator_2,20842824,1777,0,0,0,0,0,0,712
org.pitest.mutationtest.engine.gregor.mutators.InlineConstantMutator,20842826,7300,0,0,0,0,0,1947,73
org.pitest.mutationtest.engine.gregor.mutators.experimental.MemberVariableMutator,20844775,7052,0,0,0,0,0,1949,107
org.mudebug.prapr.mutators.FieldNameMutator_0,20846726,1777,0,0,0,0,0,52,645
org.mudebug.prapr.mutators.FieldToLocalAccessMutator_0,20846780,6407,0,0,1,1,1,4,2237
org.mudebug.prapr.mutators.DereferenceGuardMutator_3,20846786,7203,0,0,0,0,0,5,130
org.mudebug.prapr.mutators.NonVoidMethodCallGuardMutator_0,20846793,543,0,0,0,0,0,0,110
org.mudebug.prapr.mutators.LocalToFieldAccessMutator_2,20846795,6738,0,0,1,1,1,246,1798
org.mudebug.prapr.mutators.FieldNameMutator_5,20847043,1777,0,0,0,0,0,0,724
org.mudebug.prapr.mutators.LocalToFieldAccessMutator_1,20847045,3447,0,0,0,0,0,2276,1076
org.mudebug.prapr.mutators.RelationalOperatorReplacement_2,20849323,6711,0,0,0,0,0,5,1130
org.mudebug.prapr.mutators.ArgumentListMutator_5,20849330,6651,0,0,0,0,0,0,377
org.pitest.mutationtest.engine.gregor.mutators.experimental.MemberVariableMutator,20849332,7503,0,0,0,0,0,451,450
org.pitest.mutationtest.engine.gregor.mutators.NonVoidMethodCallMutator,20849785,2457,0,0,1,1,1,5291,47
org.mudebug.prapr.mutators.FieldNameMutator_1,20855078,1777,0,0,0,0,0,0,664
org.pitest.mutationtest.engine.gregor.mutators.InlineConstantMutator,20855080,6706,0,0,0,1,1,2,1025
org.mudebug.prapr.mutators.LocalToFieldAccessMutator_3,20855084,6732,0,0,1,1,1,2705,1624
org.pitest.mutationtest.engine.gregor.mutators.experimental.MemberVariableMutator,20857791,4466,0,0,0,0,0,2241,32
org.mudebug.prapr.mutators.DereferenceGuardMutator_0,20860034,5214,0,0,0,0,0,0,112
org.mudebug.prapr.mutators.FieldNameMutator_3,20860036,1777,0,0,0,0,0,0,676
org.mudebug.prapr.mutators.LocalNameMutator_0,20860038,6652,0,0,1,1,1,4273,397
org.mudebug.prapr.mutators.ReturningDereferenceGuardMutator_3,20864313,3417,0,0,0,0,0,0,105
org.mudebug.prapr.mutators.MethCallResultGuard_1,20864315,3569,0,0,0,0,0,0,494
org.pitest.mutationtest.engine.gregor.mutators.experimental.MemberVariableMutator,20864317,1038,0,0,1,1,1,5303,1599
org.mudebug.prapr.mutators.MethodNameMutator_5,20869622,4411,0,0,1,1,1,4269,493
org.mudebug.prapr.mutators.MethodNameMutator_0,20873893,5376,0,0,0,0,0,1,1045
org.pitest.mutationtest.engine.gregor.mutators.BooleanTrueReturnValsMutator,20873896,7490,0,0,0,0,0,1,254
org.mudebug.prapr.mutators.MethodNameMutator_1,20873899,7257,0,0,0,0,0,264,810
org.mudebug.prapr.mutators.MethCallResultGuard_1,20874165,7058,0,0,0,0,0,0,439
org.pitest.mutationtest.engine.gregor.mutators.RemoveConditionalMutator_EQUAL_IF,20874167,348,0,0,1,1,1,384,559
org.mudebug.prapr.mutators.RelationalOperatorReplacement_0,20874553,1562,0,0,0,0,0,4,213
org.mudebug.prapr.mutators.FieldNameMutator_0,20874559,7627,0,0,0,0,0,1641,159
org.mudebug.prapr.mutators.NonVoidMethodCallGuardMutator_0,20876202,329,0,0,0,0,0,0,298
org.mudebug.prapr.mutators.FieldNameMutator_1,20876204,1042,0,0,0,0,0,0,256
org.pitest.mutationtest.engine.gregor.mutators.ConstructorCallMutator,20876206,6728,0,0,0,1,1,1457,1413
org.mudebug.prapr.mutators.LocalToFieldAccessMutator_0,20877665,7233,0,0,0,0,0,0,291
org.mudebug.prapr.mutators.MethCallResultGuard_2,20877667,355,0,0,0,0,0,0,627
org.pitest.mutationtest.engine.gregor.mutators.RemoveConditionalMutator_EQUAL_ELSE,20877669,3675,0,0,0,0,0,0,2356
org.mudebug.prapr.mutators.FieldNameMutator_1,20877671,1777,0,0,0,0,0,24,743
org.mudebug.prapr.mutators.MethCallResultGuard_0,20877697,7064,0,0,0,0,0,7,615
org.mudebug.prapr.mutators.MethodNameMutator_8,20877706,5356,0,0,0,0,0,8,215
org.mudebug.prapr.mutators.MethodNameMutator_0,20877716,7098,0,0,0,0,0,6,1022
org.mudebug.prapr.mutators.FieldNameMutator_0,20877724,6744,0,0,1,1,1,879,1894
org.mudebug.prapr.mutators.ArgumentListMutator_5,20878605,4257,0,0,0,1,1,168,408
org.mudebug.prapr.mutators.ReturningDereferenceGuardMutator_0,20878775,1927,0,0,0,0,0,5,43
org.pitest.mutationtest.engine.gregor.mutators.MathMutator,20878782,553,0,0,0,0,0,40,267
org.pitest.mutationtest.engine.gregor.mutators.NegateConditionalsMutator,20878824,247,0,0,1,1,1,1256,251
org.pitest.mutationtest.engine.gregor.mutators.ArgumentPropagationMutator,20880082,931,0,0,0,0,0,5,633
org.mudebug.prapr.mutators.FieldNameMutator_2,20880089,7059,0,0,0,0,0,2,556
org.mudebug.prapr.mutators.NonVoidMethodCallGuardMutator_0,20880093,7382,0,0,0,0,0,0,448
org.pitest.mutationtest.engine.gregor.mutators.experimental.MemberVariableMutator,20880095,7479,0,0,0,0,0,0,81
org.mudebug.prapr.mutators.MethCallResultGuard_2,20880097,5356,0,0,0,0,0,0,98
org.mudebug.prapr.mutators.RelationalOperatorReplacement_3,20880099,6706,0,0,1,1,1,18,959
org.mudebug.prapr.mutators.FieldAccessToMethodCallMutator_3,20880119,6721,0,0,0,1,1,586,1331
org.mudebug.prapr.mutators.LocalToFieldAccessMutator_0,20880707,6728,0,0,1,1,1,2822,1407
org.pitest.mutationtest.engine.gregor.mutators.RemoveConditionalMutator_ORDER_ELSE,20883531,1563,0,0,0,0,0,1,251
org.mudebug.prapr.mutators.MethCallResultGuard_2,20883534,4410,0,0,0,1,1,3537,456
org.mudebug.prapr.mutators.MethCallResultGuard_1,20887073,5356,0,0,0,0,0,112,350
org.mudebug.prapr.mutators.ArgumentListMutator_4,20887187,547,0,0,0,1,1,137,165
org.mudebug.prapr.mutators.LocalNameMutator_0,20887326,6743,0,0,1,1,1,2912,1870
org.mudebug.prapr.mutators.FieldNameMutator_2,20890240,7059,0,0,0,0,0,2,553
org.mudebug.prapr.mutators.FieldAccessToMethodCallMutator_4,20890244,1777,0,0,0,0,0,0,676
org.mudebug.prapr.mutators.ArgumentListMutator_4,20890246,6708,0,0,1,1,1,44,1048
org.pitest.mutationtest.engine.gregor.mutators.NegateConditionalsMutator,20890292,7220,0,0,0,0,0,691,177
org.mudebug.prapr.mutators.LocalToFieldAccessMutator_1,20890985,1562,0,0,0,0,0,1,228
org.mudebug.prapr.mutators.FieldAccessToMethodCallMutator_4,20890988,6743,0,0,1,1,1,2912,1869
org.mudebug.prapr.mutators.FieldNameMutator_3,20893902,1777,0,0,0,0,0,0,635
org.mudebug.prapr.mutators.FieldNameMutator_0,20893904,1554,0,0,0,0,0,93,144
org.mudebug.prapr.mutators.MethodNameMutator_1,20893999,347,0,0,1,1,1,4284,550
org.pitest.mutationtest.engine.gregor.mutators.NonVoidMethodCallMutator,20898285,1231,0,0,0,1,1,35,59
org.pitest.mutationtest.engine.gregor.mutators.RemoveConditionalMutator_EQUAL_ELSE,20898322,3675,0,0,0,0,0,23,2356
org.mudebug.prapr.mutators.LocalNameMutator_1,20898347,7058,0,0,0,0,0,0,453
org.mudebug.prapr.mutators.FieldNameMutator_2,20898349,1777,0,0,0,0,0,0,742
org.pitest.mutationtest.engine.gregor.mutators.RemoveConditionalMutator_EQUAL_ELSE,20898351,1042,0,0,0,0,0,77,247
org.mudebug.prapr.mutators.FieldToLocalAccessMutator_0,20898430,6669,0,0,1,1,1,1523,540
org.pitest.mutationtest.engine.gregor.mutators.ReturnValsMutator,20899955,3664,0,0,0,1,1,361,2195
org.mudebug.prapr.mutators.VoidMethodCallGuardMutator,20900318,547,0,0,0,0,0,0,167
org.mudebug.prapr.mutators.ReturningDereferenceGuardMutator_2,20900320,5354,0,0,0,0,0,0,68
org.pitest.mutationtest.engine.gregor.mutators.RemoveConditionalMutator_EQUAL_ELSE,20900322,3447,0,0,0,0,0,0,1076
org.mudebug.prapr.mutators.LocalToFieldAccessMutator_0,20900324,6697,0,0,1,1,1,49,844
org.mudebug.prapr.mutators.NonVoidMethodCallGuardMutator_0,20900375,6977,0,0,0,0,0,0,96
org.mudebug.prapr.mutators.FieldNameMutator_1,20900377,6684,0,0,1,1,1,526,703
org.pitest.mutationtest.engine.gregor.mutators.RemoveConditionalMutator_EQUAL_IF,20900905,5365,0,0,1,1,1,2575,837
org.mudebug.prapr.mutators.ArgumentListMutator_4,20903482,504,0,0,1,1,1,5753,83
org.mudebug.prapr.mutators.MethCallResultGuard_0,20909237,1052,0,0,0,0,0,0,404
org.mudebug.prapr.mutators.FieldAccessToMethodCallMutator_1,20909239,1777,0,0,0,0,0,0,672
org.pitest.mutationtest.engine.gregor.mutators.InlineConstantMutator,20909241,1777,0,0,0,0,0,3,697
org.mudebug.prapr.mutators.FieldNameMutator_5,20909246,7058,0,0,0,0,0,25,534
org.mudebug.prapr.mutators.FieldNameMutator_4,20909273,1777,0,0,0,0,0,0,640
org.mudebug.prapr.mutators.MethCallResultGuard_0,20909275,7059,0,0,0,0,0,5,562
org.pitest.mutationtest.engine.gregor.mutators.NullReturnValsMutator,20909282,551,0,0,1,1,1,5365,227
org.mudebug.prapr.mutators.ReturningDereferenceGuardMutator_2,20914649,3387,0,0,0,0,0,0,56
org.pitest.mutationtest.engine.gregor.mutators.experimental.RemoveSwitchMutator_86,20914651,5356,0,0,0,0,0,0,117
org.pitest.mutationtest.engine.gregor.mutators.RemoveConditionalMutator_EQUAL_ELSE,20914653,6176,0,0,0,0,0,32,571
org.mudebug.prapr.mutators.LocalToFieldAccessMutator_1,20914687,1243,0,0,0,0,0,2,630
org.mudebug.prapr.mutators.ArgumentListMutator_3,20914691,6710,0,0,1,1,1,11,1064
org.mudebug.prapr.mutators.RelationalOperatorReplacement_0,20914704,551,0,0,1,1,1,4648,212
org.pitest.mutationtest.engine.gregor.mutators.experimental.SwitchMutator,20919354,3611,0,0,0,0,0,1377,1332
org.mudebug.prapr.mutators.ArithmeticOperatorReplacement_3,20920733,7207,0,0,0,0,0,0,198
org.mudebug.prapr.mutators.LocalToFieldAccessMutator_2,20920735,6728,0,0,0,1,1,2705,1418
org.mudebug.prapr.mutators.VoidMethodCallGuardMutator,20923442,6694,0,0,0,0,0,0,824
org.mudebug.prapr.mutators.RelationalOperatorReplacement_1,20923444,7790,0,0,0,0,0,0,315
org.mudebug.prapr.mutators.ReturningDereferenceGuardMutator_1,20923446,4410,0,0,0,0,0,0,445
org.pitest.mutationtest.engine.gregor.mutators.RemoveConditionalMutator_EQUAL_ELSE,20923448,5356,0,0,0,0,0,64,354
org.mudebug.prapr.mutators.RelationalOperatorReplacement_1,20923514,7259,0,0,0,0,0,0,823
org.mudebug.prapr.mutators.ArithmeticOperatorReplacement_3,20923516,347,0,0,0,0,0,3,520
org.mudebug.prapr.mutators.LocalNameMutator_0,20923521,7058,0,0,0,0,0,1604,307
org.pitest.mutationtest.engine.gregor.mutators.RemoveConditionalMutator_EQUAL_IF,20925127,495,0,0,1,1,1,3741,265
org.mudebug.prapr.mutators.LocalToFieldAccessMutator_1,20928870,6696,0,0,1,1,1,5627,835
org.mudebug.prapr.mutators.ArgumentListMutator_3,20934499,7215,0,0,1,1,1,5538,108
org.mudebug.prapr.mutators.RelationalOperatorReplacement_2,20940039,6710,0,0,0,0,0,8,1063
org.pitest.mutationtest.engine.gregor.mutators.RemoveConditionalMutator_EQUAL_ELSE,20940049,6899,0,0,0,0,0,2137,331
org.mudebug.prapr.mutators.LocalNameMutator_0,20942188,4410,0,0,0,0,0,5,444
org.pitest.mutationtest.engine.gregor.mutators.experimental.RemoveSwitchMutator_60,20942195,3584,0,0,0,0,0,543,901
org.pitest.mutationtest.engine.gregor.mutators.NonVoidMethodCallMutator,20942740,355,0,0,0,1,1,129,627
org.mudebug.prapr.mutators.ReturningDereferenceGuardMutator_4,20942871,5356,0,0,0,0,0,0,115
org.mudebug.prapr.mutators.MethodNameMutator_6,20942873,1106,0,0,0,0,0,5,1137
org.mudebug.prapr.mutators.ReturningDereferenceGuardMutator_4,20942880,1106,0,0,0,0,0,5,1199
org.mudebug.prapr.mutators.FieldNameMutator_1,20942887,6743,0,0,0,0,0,1616,1871
org.mudebug.prapr.mutators.FieldAccessToMethodCallMutator_1,20944505,6742,0,0,1,1,1,2939,1855
org.mudebug.prapr.mutators.MethCallResultGuard_2,20947446,7358,0,0,0,0,0,39,153
org.pitest.mutationtest.engine.gregor.mutators.experimental.NakedReceiverMutator,20947487,1237,0,0,1,1,1,9,545
org.pitest.mutationtest.engine.gregor.mutators.NonVoidMethodCallMutator,20947498,1234,0,0,0,1,1,10,275
org.mudebug.prapr.mutators.RelationalOperatorReplacement_2,20947510,7064,0,0,0,0,0,758,623
org.mudebug.prapr.mutators.MethodNameMutator_0,20948270,4410,0,0,0,0,0,3487,453
org.mudebug.prapr.mutators.MethodNameMutator_1,20951759,1106,0,0,0,0,0,0,1102
org.pitest.mutationtest.engine.gregor.mutators.experimental.RemoveSwitchMutator_5,20951761,5356,0,0,0,0,0,0,117
org.mudebug.prapr.mutators.RelationalOperatorReplacement_0,20951763,7233,0,0,0,0,0,5,291
org.mudebug.prapr.mutators.LocalToFieldAccessMutator_0,20951770,7302,0,0,1,1,1,5538,127
org.pitest.mutationtest.engine.gregor.mutators.InlineConstantMutator,20957310,662,0,0,1,1,1,5252,284
org.pitest.mutationtest.engine.gregor.mutators.EmptyObjectReturnValsMutator,20962564,6649,0,0,0,1,1,0,195
org.mudebug.prapr.mutators.ReturningDereferenceGuardMutator_0,20962566,2459,0,0,0,0,0,0,64
org.mudebug.prapr.mutators.MethCallResultGuard_0,20962568,7059,0,0,0,0,0,0,565
org.mudebug.prapr.mutators.FieldNameMutator_4,20962570,1799,0,0,0,0,0,0,931
org.mudebug.prapr.mutators.MethodNameMutator_3,20962572,5375,0,0,0,0,0,2,1034
org.mudebug.prapr.mutators.MethCallResultGuard_1,20962576,1231,0,0,0,0,0,0,72
org.mudebug.prapr.mutators.LocalToFieldAccessMutator_0,20962578,6684,0,0,1,1,1,1010,703
org.mudebug.prapr.mutators.ReturningDereferenceGuardMutator_3,20963590,1106,0,0,0,0,0,0,1185
org.pitest.mutationtest.engine.gregor.mutators.NegateConditionalsMutator,20963592,5356,0,0,0,0,0,1,106
org.mudebug.prapr.mutators.MethCallResultGuard_2,20963595,7200,0,0,0,0,0,5,105
org.mudebug.prapr.mutators.ArgumentListMutator_2,20963602,5356,0,0,0,0,0,0,88
org.mudebug.prapr.mutators.FieldAccessToMethodCallMutator_2,20963604,1777,0,0,0,0,0,0,664
org.mudebug.prapr.mutators.FieldNameMutator_0,20963606,7064,0,0,0,0,0,669,619
org.mudebug.prapr.mutators.FieldNameMutator_5,20964277,1777,0,0,0,0,0,0,702
org.mudebug.prapr.mutators.MethCallResultGuard_0,20964279,7202,0,0,0,0,0,0,123
org.mudebug.prapr.mutators.ReturningDereferenceGuardMutator_0,20964281,347,0,0,0,0,0,0,522
org.mudebug.prapr.mutators.LocalToFieldAccessMutator_3,20964283,6707,0,0,1,1,1,44,1043
org.mudebug.prapr.mutators.MethodNameMutator_1,20964329,562,0,0,1,1,1,2371,1210
org.mudebug.prapr.mutators.MethodNameMutator_2,20966702,1234,0,0,1,1,1,33,262
org.mudebug.prapr.mutators.MethCallResultGuard_2,20966737,6744,0,0,0,1,1,733,1888
org.mudebug.prapr.mutators.MethodNameMutator_2,20967472,346,0,0,0,0,0,3,497
org.pitest.mutationtest.engine.gregor.mutators.InlineConstantMutator,20967477,1777,0,0,0,0,0,63,750
org.mudebug.prapr.mutators.RelationalOperatorReplacement_0,20967542,495,0,0,0,0,0,137,201
org.mudebug.prapr.mutators.NonVoidMethodCallGuardMutator_0,20967681,5356,0,0,0,0,0,0,219
org.mudebug.prapr.mutators.DereferenceGuardMutator_3,20967683,359,0,0,0,0,0,0,674
org.mudebug.prapr.mutators.RelationalOperatorReplacement_3,20967685,3664,0,0,0,0,0,2,2185
org.pitest.mutationtest.engine.gregor.mutators.NegateConditionalsMutator,20967693,6931,0,0,1,1,1,5538,856
org.mudebug.prapr.mutators.MethodNameMutator_6,20973233,247,0,0,0,0,0,0,242
org.mudebug.prapr.mutators.FieldAccessToMethodCallMutator_0,20973235,562,0,0,0,0,0,0,1210
org.mudebug.prapr.mutators.LocalNameMutator_0,20973237,5356,0,0,0,0,0,0,344
org.pitest.mutationtest.engine.gregor.mutators.InlineConstantMutator,20973239,7058,0,0,1,1,1,5538,476
org.mudebug.prapr.mutators.NonVoidMethodCallGuardMutator_0,20978779,7064,0,0,0,0,0,0,619
org.pitest.mutationtest.engine.gregor.mutators.experimental.MemberVariableMutator,20978781,1777,0,0,0,0,0,0,643
org.mudebug.prapr.mutators.MethodNameMutator_4,20978783,247,0,0,1,1,1,2862,242
org.pitest.mutationtest.engine.gregor.mutators.RemoveConditionalMutator_EQUAL_IF,20981647,5376,0,0,0,0,0,0,1045
org.mudebug.prapr.mutators.LocalNameMutator_0,20981652,7215,0,0,0,0,0,648,133
org.mudebug.prapr.mutators.NonVoidMethodCallGuardMutator_0,20982302,1135,0,0,0,0,0,0,1644
org.mudebug.prapr.mutators.NonVoidMethodCallGuardMutator_0,20982304,7247,0,0,0,0,0,5,602
org.mudebug.prapr.mutators.LocalNameMutator_0,20982311,3489,0,0,0,0,0,0,252
org.pitest.mutationtest.engine.gregor.mutators.NonVoidMethodCallMutator,20982313,3563,0,0,0,1,1,85,293
org.mudebug.prapr.mutators.ReturningDereferenceGuardMutator_0,20982400,6688,0,0,0,0,0,0,763
org.pitest.mutationtest.engine.gregor.mutators.RemoveConditionalMutator_EQUAL_IF,20982402,1042,0,0,0,0,0,6,229
org.mudebug.prapr.mutators.FieldNameMutator_0,20982410,5356,0,0,0,1,1,39,351
org.mudebug.prapr.mutators.ReturningDereferenceGuardMutator_1,20982451,6686,0,0,0,0,0,0,743
org.mudebug.prapr.mutators.MethodNameMutator_4,20982453,3675,0,0,0,0,0,0,2356
org.mudebug.prapr.mutators.LocalToFieldAccessMutator_3,20982455,6684,0,0,0,0,0,279,695
org.pitest.mutationtest.engine.gregor.mutators.BooleanFalseReturnValsMutator,20982736,241,0,0,0,0,0,8,145
org.pitest.mutationtest.engine.gregor.mutators.InlineConstantMutator,20982746,6695,0,0,0,1,1,504,831
org.pitest.mutationtest.engine.gregor.mutators.experimental.RemoveSwitchMutator_63,20983252,5356,0,0,0,0,0,0,117
org.mudebug.prapr.mutators.RelationalOperatorReplacement_2,20983254,3558,0,0,0,1,1,35,114
org.mudebug.prapr.mutators.FieldAccessToMethodCallMutator_2,20983291,6728,0,0,1,1,1,2813,1418
org.pitest.mutationtest.engine.gregor.mutators.RemoveConditionalMutator_EQUAL_ELSE,20986106,5213,0,0,1,1,1,2868,89
org.mudebug.prapr.mutators.RelationalOperatorReplacement_2,20988976,5356,0,0,0,1,1,64,431
org.mudebug.prapr.mutators.MethCallResultGuard_1,20989042,7060,0,0,0,0,0,0,569
org.pitest.mutationtest.engine.gregor.mutators.experimental.RemoveSwitchMutator_1,20989044,6415,0,0,0,0,0,0,273
org.mudebug.prapr.mutators.MethodNameMutator_8,20989046,334,0,0,0,0,0,21,382
org.mudebug.prapr.mutators.RelationalOperatorReplacement_3,20989069,3558,0,0,0,0,0,1,128
org.mudebug.prapr.mutators.ArgumentListMutator_0,20989072,6725,0,0,0,1,1,0,1369
org.mudebug.prapr.mutators.ReturningDereferenceGuardMutator_3,20989074,7202,0,0,0,0,0,5,125
org.mudebug.prapr.mutators.MethodNameMutator_0,20989081,5192,0,0,0,0,0,2405,83
org.pitest.mutationtest.engine.gregor.mutators.VoidMethodCallMutator,20991488,7059,0,0,0,0,0,0,549
org.pitest.mutationtest.engine.gregor.mutators.RemoveConditionalMutator_EQUAL_IF,20991490,1135,0,0,0,0,0,0,1643
org.mudebug.prapr.mutators.ReturningDereferenceGuardMutator_0,20991492,546,0,0,0,0,0,0,149
org.mudebug.prapr.mutators.VoidMethodCallGuardMutator,20991494,4411,0,0,0,0,0,23,485
org.mudebug.prapr.mutators.FieldNameMutator_2,20991519,1777,0,0,0,0,0,0,722
org.mudebug.prapr.mutators.FieldAccessToMethodCallMutator_2,20991521,1537,0,0,0,0,0,0,30
org.mudebug.prapr.mutators.ArgumentListMutator_3,20991523,245,0,0,0,0,0,0,197
org.pitest.mutationtest.engine.gregor.mutators.RemoveConditionalMutator_EQUAL_ELSE,20991525,7304,0,0,0,0,0,2208,186
org.mudebug.prapr.mutators.ReturningDereferenceGuardMutator_0,20993735,6694,0,0,0,0,0,0,826
org.pitest.mutationtest.engine.gregor.mutators.NullReturnValsMutator,20993737,6727,0,0,0,0,0,58,1396
org.mudebug.prapr.mutators.MethodNameMutator_0,20993797,6931,0,0,0,0,0,786,844
org.mudebug.prapr.mutators.LocalToFieldAccessMutator_0,20994585,6674,0,0,1,1,1,2709,564
org.mudebug.prapr.mutators.MethodNameMutator_0,20997296,5359,0,0,0,0,0,2,777
org.mudebug.prapr.mutators.RelationalOperatorReplacement_0,20997300,6732,0,0,0,0,0,0,1624
org.mudebug.prapr.mutators.LocalToFieldAccessMutator_3,20997302,6723,0,0,1,1,1,5016,1349
org.mudebug.prapr.mutators.DereferenceGuardMutator_0,21002332,7365,0,0,0,0,0,5,232
org.pitest.mutationtest.engine.gregor.mutators.VoidMethodCallMutator,21002339,1786,0,0,0,0,0,78,845
org.pitest.mutationtest.engine.gregor.mutators.RemoveConditionalMutator_EQUAL_IF,21002419,1106,0,0,0,1,1,0,1185
org.mudebug.prapr.mutators.MethodNameMutator_1,21002421,1245,0,0,1,1,1,19,714
org.pitest.mutationtest.engine.gregor.mutators.NonVoidMethodCallMutator,21002442,547,0,0,0,1,1,110,160
org.mudebug.prapr.mutators.ReturningDereferenceGuardMutator_4,21002554,6737,0,0,0,0,0,0,1783
org.pitest.mutationtest.engine.gregor.mutators.experimental.RemoveSwitchMutator_44,21002556,495,0,0,0,0,0,55,119
org.mudebug.prapr.mutators.ArgumentListMutator_2,21002613,7058,0,0,1,1,1,5538,453
org.mudebug.prapr.mutators.MethodNameMutator_2,21008153,5356,0,0,1,1,1,1074,428
org.mudebug.prapr.mutators.ArgumentListMutator_2,21009229,3385,0,0,1,1,1,207,47
org.pitest.mutationtest.engine.gregor.mutators.experimental.MemberVariableMutator,21009438,6175,0,0,0,0,0,0,558
org.pitest.mutationtest.engine.gregor.mutators.InlineConstantMutator,21009440,7058,0,0,1,1,1,5538,470
org.mudebug.prapr.mutators.ReturningDereferenceGuardMutator_2,21014980,4159,0,0,0,0,0,0,103
org.mudebug.prapr.mutators.MethodNameMutator_7,21014982,7247,0,0,0,0,0,0,597
org.pitest.mutationtest.engine.gregor.mutators.VoidMethodCallMutator,21014984,245,0,0,0,0,0,23,197
org.mudebug.prapr.mutators.LocalToFieldAccessMutator_0,21015009,1106,0,0,1,1,1,2974,1196
org.mudebug.prapr.mutators.FieldNameMutator_2,21017985,7058,0,0,1,1,1,5538,247
org.mudebug.prapr.mutators.DereferenceGuardMutator_3,21023525,6732,0,0,0,0,0,0,1618
org.mudebug.prapr.mutators.FieldAccessToMethodCallMutator_2,21023527,6678,0,0,1,1,1,5985,605
org.mudebug.prapr.mutators.FieldToLocalAccessMutator_2,21029514,6684,0,0,1,1,1,1029,697
org.mudebug.prapr.mutators.FieldNameMutator_1,21030545,1777,0,0,0,0,0,0,649
org.pitest.mutationtest.engine.gregor.mutators.NonVoidMethodCallMutator,21030547,2967,0,0,0,1,1,223,612
org.mudebug.prapr.mutators.FieldNameMutator_0,21030772,1777,0,0,0,0,0,0,687
org.mudebug.prapr.mutators.MethodNameMutator_1,21030774,7131,0,0,0,0,0,0,71
org.pitest.mutationtest.engine.gregor.mutators.RemoveConditionalMutator_EQUAL_ELSE,21030776,5358,0,0,0,0,0,1,766
org.mudebug.prapr.mutators.DereferenceGuardMutator_0,21030779,6176,0,0,0,0,0,5,577
org.mudebug.prapr.mutators.NonVoidMethodCallGuardMutator_0,21030786,495,0,0,0,0,0,5,202
org.pitest.mutationtest.engine.gregor.mutators.experimental.MemberVariableMutator,21030793,6173,0,0,0,0,0,25,540
org.mudebug.prapr.mutators.MethodNameMutator_0,21030820,7205,0,0,0,0,0,7,140
org.mudebug.prapr.mutators.FieldAccessToMethodCallMutator_0,21030829,1777,0,0,0,0,0,0,693
org.mudebug.prapr.mutators.MethCallResultGuard_2,21030831,4411,0,0,0,0,0,23,494
org.mudebug.prapr.mutators.MethCallResultGuard_0,21030856,7396,0,0,0,0,0,5,97
org.mudebug.prapr.mutators.RelationalOperatorReplacement_0,21030863,6728,0,0,0,0,0,6,1407
org.mudebug.prapr.mutators.ReturningDereferenceGuardMutator_4,21030871,1106,0,0,0,0,0,0,1172
org.mudebug.prapr.mutators.ArithmeticOperatorReplacement_6,21030873,347,0,0,0,0,0,86,539
org.mudebug.prapr.mutators.DereferenceGuardMutator_3,21030968,562,0,0,0,0,0,0,1210
org.mudebug.prapr.mutators.LocalToFieldAccessMutator_0,21030973,6732,0,0,1,1,1,2821,1618
org.pitest.mutationtest.engine.gregor.mutators.NegateConditionalsMutator,21033796,5356,0,0,1,1,1,1316,215
org.pitest.mutationtest.engine.gregor.mutators.experimental.RemoveSwitchMutator_22,21035114,555,0,0,0,0,0,389,872
org.pitest.mutationtest.engine.gregor.mutators.InlineConstantMutator,21035505,1777,0,0,0,0,0,0,649
org.pitest.mutationtest.engine.gregor.mutators.InlineConstantMutator,21035507,3497,0,0,1,1,1,5204,421
org.mudebug.prapr.mutators.FieldNameMutator_0,21040713,7058,0,0,1,1,1,5066,471
org.mudebug.prapr.mutators.FieldNameMutator_5,21045781,7058,0,0,0,0,0,70,514
org.mudebug.prapr.mutators.DereferenceGuardMutator_3,21045853,6673,0,0,0,0,0,5,556
org.mudebug.prapr.mutators.RelationalOperatorReplacement_3,21045860,334,0,0,0,0,0,67,382
org.mudebug.prapr.mutators.FieldNameMutator_1,21045929,1106,0,0,0,0,0,63,1106
org.pitest.mutationtest.engine.gregor.mutators.NonVoidMethodCallMutator,21045994,5214,0,0,0,0,0,28,112
org.mudebug.prapr.mutators.LocalToFieldAccessMutator_3,21046024,6711,0,0,0,1,1,2701,1130
org.mudebug.prapr.mutators.RelationalOperatorReplacement_0,21048727,4411,0,0,0,0,0,66,487
org.mudebug.prapr.mutators.FieldNameMutator_1,21048795,1777,0,0,0,0,0,0,696
org.mudebug.prapr.mutators.LocalNameMutator_0,21048797,3664,0,0,0,1,1,361,2181
org.mudebug.prapr.mutators.MethodNameMutator_0,21049160,6684,0,0,0,0,0,0,695
org.mudebug.prapr.mutators.MethodNameMutator_4,21049162,6867,0,0,0,0,0,120,159
org.pitest.mutationtest.engine.gregor.mutators.NonVoidMethodCallMutator,21049284,6725,0,0,1,1,1,1,1369
org.mudebug.prapr.mutators.MethodNameMutator_1,21049287,1143,0,0,0,0,0,15,1727
org.mudebug.prapr.mutators.MethCallResultGuard_0,21049304,4415,0,0,0,0,0,0,551
org.mudebug.prapr.mutators.DereferenceGuardMutator_0,21049306,6683,0,0,0,0,0,5,685
org.pitest.mutationtest.engine.gregor.mutators.NonVoidMethodCallMutator,21049313,7058,0,0,0,0,0,1604,284
org.mudebug.prapr.mutators.LocalToFieldAccessMutator_2,21050919,6692,0,0,0,0,0,3703,808
org.pitest.mutationtest.engine.gregor.mutators.ReturnValsMutator,21054624,7396,0,0,1,1,1,5538,97
org.mudebug.prapr.mutators.DereferenceGuardMutator_4,21060164,6721,0,0,0,0,0,1,1331
org.mudebug.prapr.mutators.LocalNameMutator_0,21060167,347,0,0,1,1,1,4283,546
org.pitest.mutationtest.engine.gregor.mutators.experimental.RemoveSwitchMutator_19,21064452,495,0,0,0,0,0,20,119
org.mudebug.prapr.mutators.FieldToLocalAccessMutator_1,21064474,543,0,0,0,1,1,2221,105
org.pitest.mutationtest.engine.gregor.mutators.NonVoidMethodCallMutator,21066697,6388,0,0,0,1,1,1126,265
org.mudebug.prapr.mutators.LocalNameMutator_1,21067825,5356,0,0,1,1,1,1314,215
org.pitest.mutationtest.engine.gregor.mutators.experimental.RemoveSwitchMutator_37,21069141,3584,0,0,0,0,0,70,901
org.mudebug.prapr.mutators.MethodNameMutator_3,21069221,7241,0,0,0,0,0,1,435
org.pitest.mutationtest.engine.gregor.mutators.VoidMethodCallMutator,21069224,7058,0,0,0,0,0,2250,374
org.pitest.mutationtest.engine.gregor.mutators.ReturnValsMutator,21071476,6895,0,0,0,0,0,2,294
org.mudebug.prapr.mutators.MethCallResultGuard_1,21071480,6725,0,0,0,0,0,0,1369
org.mudebug.prapr.mutators.MethCallResultGuard_2,21071482,6977,0,0,0,0,0,0,97
org.pitest.mutationtest.engine.gregor.mutators.InlineConstantMutator,21071484,5356,0,0,1,1,1,2243,575
org.mudebug.prapr.mutators.ArgumentListMutator_4,21073729,7058,0,0,1,1,1,5538,458
org.mudebug.prapr.mutators.ReturningDereferenceGuardMutator_0,21079269,6725,0,0,0,0,0,0,1369
org.mudebug.prapr.mutators.ReturningDereferenceGuardMutator_0,21079271,6977,0,0,0,0,0,0,96
org.mudebug.prapr.mutators.MethCallResultGuard_1,21079273,347,0,0,0,0,0,23,526
org.mudebug.prapr.mutators.ArgumentListMutator_2,21079298,5363,0,0,0,0,0,0,828
org.mudebug.prapr.mutators.LocalNameMutator_0,21079300,7058,0,0,0,0,0,6,363
org.mudebug.prapr.mutators.LocalNameMutator_0,21079308,1048,0,0,0,0,0,1777,347
org.mudebug.prapr.mutators.DereferenceGuardMutator_0,21081087,7684,0,0,0,0,0,0,83
org.mudebug.prapr.mutators.MethodNameMutator_8,21081089,1236,1,0,0,1,1,15,522
org.mudebug.prapr.mutators.LocalToFieldAccessMutator_3,21081106,6728,0,0,1,1,1,2825,1407
org.mudebug.prapr.mutators.ReturningDereferenceGuardMutator_0,21083936,7063,0,0,0,0,0,0,602
org.mudebug.prapr.mutators.MethodNameMutator_9,21083938,7302,0,0,1,1,1,5538,98
org.mudebug.prapr.mutators.FieldAccessToMethodCallMutator_0,21089478,1777,0,0,0,0,0,0,709
org.pitest.mutationtest.engine.gregor.mutators.NonVoidMethodCallMutator,21089480,6706,0,0,0,1,1,2,1025
org.mudebug.prapr.mutators.FieldAccessToMethodCallMutator_1,21089484,6683,0,0,0,0,0,507,683
org.mudebug.prapr.mutators.MethodNameMutator_6,21089993,1231,0,0,1,1,1,59,98
org.mudebug.prapr.mutators.RelationalOperatorReplacement_1,21090054,5356,0,0,1,1,1,193,523
org.pitest.mutationtest.engine.gregor.mutators.ReturnValsMutator,21090249,7094,0,0,1,1,1,5538,975
org.mudebug.prapr.mutators.FieldAccessToMethodCallMutator_1,21095789,6728,0,0,0,1,1,2809,1407
org.pitest.mutationtest.engine.gregor.mutators.InlineConstantMutator,21098600,4411,0,0,0,0,0,24,476
org.pitest.mutationtest.engine.gregor.mutators.NonVoidMethodCallMutator,21098629,6974,0,0,1,1,1,5538,76
org.pitest.mutationtest.engine.gregor.mutators.NullReturnValsMutator,21104169,3412,0,0,1,1,1,5191,52
org.mudebug.prapr.mutators.FieldNameMutator_1,21109362,6652,0,0,1,1,1,4669,401
org.mudebug.prapr.mutators.FieldNameMutator_3,21114037,7059,0,0,0,0,0,2,546
org.pitest.mutationtest.engine.gregor.mutators.RemoveConditionalMutator_EQUAL_ELSE,21114041,7382,0,0,0,0,0,5,422
org.pitest.mutationtest.engine.gregor.mutators.InlineConstantMutator,21114051,1562,0,0,0,0,0,1,217
org.pitest.mutationtest.engine.gregor.mutators.NonVoidMethodCallMutator,21114054,5357,0,0,0,0,0,2,703
org.mudebug.prapr.mutators.FieldToLocalAccessMutator_0,21114058,5356,0,0,0,1,1,205,339
org.pitest.mutationtest.engine.gregor.mutators.NegateConditionalsMutator,21114265,7204,0,0,1,1,1,5538,135
org.mudebug.prapr.mutators.FieldAccessToMethodCallMutator_0,21119805,6674,0,0,1,1,1,2709,564
org.mudebug.prapr.mutators.MethCallResultGuard_2,21122516,6706,0,0,0,0,0,0,967
org.mudebug.prapr.mutators.ArgumentListMutator_4,21122518,4411,0,0,1,1,1,4269,485
org.mudebug.prapr.mutators.LocalNameMutator_1,21126789,6743,0,0,1,1,1,2924,1867
org.mudebug.prapr.mutators.MethodNameMutator_8,21129715,1234,0,0,1,1,1,16,260
org.mudebug.prapr.mutators.MethodNameMutator_0,21129733,3563,0,0,0,1,1,181,293
org.mudebug.prapr.mutators.LocalNameMutator_0,21129916,3391,0,0,0,0,0,0,297
org.mudebug.prapr.mutators.MethCallResultGuard_1,21129918,504,0,0,0,0,0,0,87
org.mudebug.prapr.mutators.RelationalOperatorReplacement_2,21129920,1082,0,0,1,1,1,5191,836
org.mudebug.prapr.mutators.LocalToFieldAccessMutator_2,21135113,6750,0,0,0,0,0,3617,1968
org.mudebug.prapr.mutators.NonVoidMethodCallGuardMutator_0,21138732,6987,0,0,0,0,0,0,152
org.mudebug.prapr.mutators.DereferenceGuardMutator_3,21138734,5213,0,0,0,0,0,0,89
org.mudebug.prapr.mutators.MethCallResultGuard_1,21138736,5356,0,0,0,0,0,0,88
org.mudebug.prapr.mutators.LocalNameMutator_0,21138738,7785,0,0,0,1,1,89,361
org.mudebug.prapr.mutators.MethCallResultGuard_0,21138829,6744,0,0,0,1,1,733,1889
org.mudebug.prapr.mutators.LocalToFieldAccessMutator_3,21139564,6692,0,0,0,0,0,2473,808
org.mudebug.prapr.mutators.MethCallResultGuard_0,21142039,5365,0,0,0,0,0,4,837
org.mudebug.prapr.mutators.LocalToFieldAccessMutator_2,21142045,6678,0,0,1,1,1,4642,611
org.mudebug.prapr.mutators.RelationalOperatorReplacement_3,21146689,7302,0,0,0,0,0,22,137
org.mudebug.prapr.mutators.MethodNameMutator_3,21146713,4415,0,0,0,0,0,1,551
org.pitest.mutationtest.engine.gregor.mutators.RemoveConditionalMutator_EQUAL_ELSE,21146716,159,0,0,0,0,0,0,649
org.mudebug.prapr.mutators.LocalNameMutator_2,21146718,1245,0,0,0,0,0,10,718
org.mudebug.prapr.mutators.MethodNameMutator_2,21146730,3626,0,0,0,0,0,497,1516
org.mudebug.prapr.mutators.DereferenceGuardMutator_4,21147236,6721,0,0,0,0,0,0,1331
org.mudebug.prapr.mutators.ReturningDereferenceGuardMutator_0,21147238,1106,0,0,0,0,0,5,1185
org.pitest.mutationtest.engine.gregor.mutators.NegateConditionalsMutator,21147245,7247,0,0,0,0,0,98,599
org.mudebug.prapr.mutators.FieldAccessToMethodCallMutator_2,21147345,6678,0,0,0,0,0,5,602
org.mudebug.prapr.mutators.ReturningDereferenceGuardMutator_3,21147352,1129,0,0,0,0,0,0,1604
org.pitest.mutationtest.engine.gregor.mutators.experimental.RemoveSwitchMutator_32,21147354,5356,0,0,0,0,0,0,117
org.mudebug.prapr.mutators.NonVoidMethodCallGuardMutator_0,21147356,1141,0,0,0,0,0,5,1715
org.mudebug.prapr.mutators.RelationalOperatorReplacement_3,21147363,1049,0,0,0,0,0,0,366
org.mudebug.prapr.mutators.FieldNameMutator_1,21147365,7058,0,0,1,1,1,5538,244
org.mudebug.prapr.mutators.LocalToFieldAccessMutator_4,21152905,6713,0,0,0,0,0,6,1149
org.mudebug.prapr.mutators.ReturningDereferenceGuardMutator_4,21152913,556,0,0,0,0,0,5,1186
org.mudebug.prapr.mutators.LocalToFieldAccessMutator_1,21152920,6709,0,0,0,1,1,16,1057
org.mudebug.prapr.mutators.DereferenceGuardMutator_0,21152938,6732,0,0,0,0,0,0,1596
org.mudebug.prapr.mutators.MethodNameMutator_8,21152942,5356,0,0,0,1,1,93,499
org.mudebug.prapr.mutators.RelationalOperatorReplacement_0,21153037,1562,0,0,0,0,0,1,209
org.mudebug.prapr.mutators.ArgumentListMutator_2,21153040,1043,0,0,1,1,1,2889,270
org.mudebug.prapr.mutators.FieldAccessToMethodCallMutator_4,21155931,1777,0,0,0,0,0,0,725
org.mudebug.prapr.mutators.ArgumentListMutator_3,21155933,7556,0,0,0,0,0,2249,70
org.pitest.mutationtest.engine.gregor.mutators.InlineConstantMutator,21158184,5356,0,0,0,0,0,146,339
org.mudebug.prapr.mutators.LocalNameMutator_0,21158332,347,0,0,0,0,0,11,542
org.mudebug.prapr.mutators.FieldAccessToMethodCallMutator_1,21158345,1106,0,0,1,1,1,2980,1077
org.mudebug.prapr.mutators.MethCallResultGuard_0,21161327,6972,0,0,0,0,0,0,66
org.mudebug.prapr.mutators.ArgumentListMutator_2,21161329,3675,0,0,0,0,0,0,2354
org.pitest.mutationtest.engine.gregor.mutators.RemoveConditionalMutator_EQUAL_ELSE,21161331,4410,0,0,0,0,0,2441,445
org.mudebug.prapr.mutators.MethodNameMutator_0,21163774,1234,0,0,1,1,1,3,309
org.mudebug.prapr.mutators.ReturningDereferenceGuardMutator_4,21163779,1555,0,0,0,0,0,0,154
org.mudebug.prapr.mutators.DereferenceGuardMutator_1,21163783,1106,0,0,0,0,0,0,1102
org.mudebug.prapr.mutators.VoidMethodCallGuardMutator,21163785,1541,0,0,0,0,0,0,62
org.mudebug.prapr.mutators.MethodNameMutator_1,21163787,7058,0,0,0,0,0,1,303
org.mudebug.prapr.mutators.MethodNameMutator_2,21163790,334,0,0,0,0,0,4,382
org.pitest.mutationtest.engine.gregor.mutators.NonVoidMethodCallMutator,21163796,3411,0,0,0,0,0,5,44
org.pitest.mutationtest.engine.gregor.mutators.InlineConstantMutator,21163803,7058,0,0,1,1,1,5538,464
org.mudebug.prapr.mutators.LocalToFieldAccessMutator_2,21169343,1106,0,1,1,1,1,906,1174
org.mudebug.prapr.mutators.LocalToFieldAccessMutator_0,21170250,1042,0,0,0,0,0,1780,256
org.mudebug.prapr.mutators.LocalNameMutator_0,21172032,3417,0,0,0,1,1,902,105
org.pitest.mutationtest.engine.gregor.mutators.InlineConstantMutator,21172936,7250,0,0,0,0,0,45,664
org.pitest.mutationtest.engine.gregor.mutators.experimental.RemoveSwitchMutator_20,21172983,555,0,0,0,0,0,3,872
org.mudebug.prapr.mutators.ArgumentListMutator_4,21172988,5356,0,0,0,0,0,0,215
org.mudebug.prapr.mutators.LocalNameMutator_0,21172990,6744,0,0,0,0,0,4,1889
org.mudebug.prapr.mutators.MethCallResultGuard_0,21172996,551,0,0,0,0,0,0,215
org.mudebug.prapr.mutators.ArgumentListMutator_0,21172998,7305,0,0,1,1,1,5538,206
org.mudebug.prapr.mutators.ReturningDereferenceGuardMutator_4,21178538,1119,0,0,0,0,0,0,1439
org.pitest.mutationtest.engine.gregor.mutators.InlineConstantMutator,21178540,7058,0,0,1,1,1,5538,269
org.mudebug.prapr.mutators.ArgumentListMutator_0,21184080,1048,0,0,1,1,1,4554,348
org.mudebug.prapr.mutators.VoidMethodCallGuardMutator,21188636,7059,0,0,0,0,0,0,544
org.pitest.mutationtest.engine.gregor.mutators.VoidMethodCallMutator,21188638,7233,0,0,0,0,0,14,300
org.mudebug.prapr.mutators.ReturningDereferenceGuardMutator_0,21188654,4635,0,0,0,0,0,5,136
org.mudebug.prapr.mutators.MethodNameMutator_0,21188661,1106,0,0,0,1,1,161,1083
org.mudebug.prapr.mutators.MethodNameMutator_0,21188824,7112,0,0,1,1,1,5538,1216
org.mudebug.prapr.mutators.ReturningDereferenceGuardMutator_0,21194364,7199,0,0,0,0,0,5,85
org.pitest.mutationtest.engine.gregor.mutators.experimental.RemoveSwitchMutator_4,21194374,3563,0,0,0,0,0,15,293
org.pitest.mutationtest.engine.gregor.mutators.NonVoidMethodCallMutator,21194391,7059,0,0,1,1,1,5538,560
org.pitest.mutationtest.engine.gregor.mutators.RemoveConditionalMutator_EQUAL_IF,21199931,7250,0,0,0,0,0,68,659
org.mudebug.prapr.mutators.LocalToFieldAccessMutator_2,21200001,6694,0,0,1,1,1,5290,826
org.mudebug.prapr.mutators.ArgumentListMutator_4,21205293,7202,0,0,0,0,0,0,123
org.pitest.mutationtest.engine.gregor.mutators.NonVoidMethodCallMutator,21205295,334,0,0,0,0,0,21,382
org.pitest.mutationtest.engine.gregor.mutators.RemoveConditionalMutator_EQUAL_IF,21205318,2967,0,0,1,1,1,2675,598
org.mudebug.prapr.mutators.NonVoidMethodCallGuardMutator_0,21207995,7199,0,0,0,0,0,0,80
org.mudebug.prapr.mutators.VoidMethodCallGuardMutator,21207997,547,0,0,0,0,0,0,166
org.mudebug.prapr.mutators.LocalToFieldAccessMutator_2,21207999,7064,0,0,0,0,0,10,622
org.mudebug.prapr.mutators.LocalToFieldAccessMutator_0,21208011,6744,0,0,1,1,1,1245,1888
org.pitest.mutationtest.engine.gregor.mutators.experimental.RemoveSwitchMutator_6,21209258,3563,0,0,0,0,0,14,293
org.pitest.mutationtest.engine.gregor.mutators.ConstructorCallMutator,21209274,6708,0,0,1,1,1,44,1048
org.pitest.mutationtest.engine.gregor.mutators.experimental.RemoveSwitchMutator_3,21209320,3563,0,0,0,0,0,30,293
org.pitest.mutationtest.engine.gregor.mutators.RemoveConditionalMutator_EQUAL_IF,21209352,5362,0,0,0,0,0,26,816
org.pitest.mutationtest.engine.gregor.mutators.RemoveConditionalMutator_EQUAL_ELSE,21209380,5356,0,0,0,0,0,117,181
org.pitest.mutationtest.engine.gregor.mutators.NonVoidMethodCallMutator,21209499,1231,0,0,1,1,1,33,68
org.pitest.mutationtest.engine.gregor.mutators.InlineConstantMutator,21209534,1777,0,0,0,0,0,0,734
org.mudebug.prapr.mutators.FieldAccessToMethodCallMutator_4,21209536,6652,0,0,1,1,1,5084,398
org.mudebug.prapr.mutators.RelationalOperatorReplacement_2,21214622,5356,0,0,0,0,0,57,354
org.mudebug.prapr.mutators.FieldNameMutator_1,21214681,1119,0,0,0,1,1,56,1434
org.mudebug.prapr.mutators.MethodNameMutator_2,21214739,347,0,0,0,0,0,5,537
org.mudebug.prapr.mutators.ArgumentListMutator_2,21214746,5192,0,0,1,1,1,5173,53
org.mudebug.prapr.mutators.ReturningDereferenceGuardMutator_0,21219921,4261,0,0,0,0,0,0,471
org.mudebug.prapr.mutators.NonVoidMethodCallGuardMutator_0,21219923,7556,0,0,0,0,0,0,70
org.mudebug.prapr.mutators.ReturningDereferenceGuardMutator_3,21219925,6696,0,0,0,0,0,0,837
org.mudebug.prapr.mutators.MethodNameMutator_3,21219927,1560,0,0,0,0,0,93,182
org.mudebug.prapr.mutators.RelationalOperatorReplacement_1,21220022,7215,0,0,0,0,0,0,132
org.mudebug.prapr.mutators.FieldNameMutator_4,21220024,7058,0,0,1,1,1,5538,358
org.mudebug.prapr.mutators.FieldToLocalAccessMutator_0,21225564,7189,0,0,0,0,0,24,488
org.pitest.mutationtest.engine.gregor.mutators.RemoveConditionalMutator_EQUAL_ELSE,21225590,7302,0,0,0,0,0,1979,110
org.pitest.mutationtest.engine.gregor.mutators.NonVoidMethodCallMutator,21227571,7059,0,0,1,1,1,5538,546
org.mudebug.prapr.mutators.MethCallResultGuard_2,21233111,347,0,0,0,0,0,23,505
org.mudebug.prapr.mutators.NonVoidMethodCallGuardMutator_0,21233136,7365,0,0,0,0,0,0,232
org.pitest.mutationtest.engine.gregor.mutators.RemoveConditionalMutator_EQUAL_IF,21233138,5376,0,0,1,1,1,253,1046
org.mudebug.prapr.mutators.FieldAccessToMethodCallMutator_3,21233393,1777,0,0,0,0,0,0,693
org.mudebug.prapr.mutators.FieldNameMutator_0,21233395,2967,0,0,0,0,0,40,606
org.mudebug.prapr.mutators.MethCallResultGuard_1,21233437,7059,0,0,0,0,0,0,544
org.mudebug.prapr.mutators.FieldNameMutator_4,21233439,1777,0,0,0,0,0,0,721
org.mudebug.prapr.mutators.LocalNameMutator_1,21233441,7058,0,0,0,0,0,31,514
org.mudebug.prapr.mutators.MethodNameMutator_2,21233474,7247,0,0,0,0,0,143,597
org.mudebug.prapr.mutators.FieldNameMutator_3,21233619,7058,0,0,0,0,0,18,278
org.mudebug.prapr.mutators.FieldNameMutator_4,21233639,1777,0,0,0,0,0,0,689
org.pitest.mutationtest.engine.gregor.mutators.InlineConstantMutator,21233641,7250,0,0,0,0,0,54,664
org.pitest.mutationtest.engine.gregor.mutators.RemoveConditionalMutator_EQUAL_IF,21233697,329,0,0,1,1,1,1399,296
org.mudebug.prapr.mutators.FieldToLocalAccessMutator_0,21235098,7215,0,0,0,0,0,12,131
org.mudebug.prapr.mutators.ArithmeticOperatorReplacement_5,21235112,7108,0,0,0,0,0,23,1153
org.mudebug.prapr.mutators.LocalNameMutator_0,21235137,5356,0,0,1,1,1,1491,93
org.mudebug.prapr.mutators.MethCallResultGuard_0,21236630,7059,0,0,0,0,0,0,559
org.mudebug.prapr.mutators.ArgumentListMutator_1,21236632,7257,0,0,0,0,0,5,810
org.pitest.mutationtest.engine.gregor.mutators.InlineConstantMutator,21236639,1106,0,0,0,1,1,161,1083
org.mudebug.prapr.mutators.NonVoidMethodCallGuardMutator_0,21236802,6725,0,0,0,0,0,0,1369
org.mudebug.prapr.mutators.ReturningDereferenceGuardMutator_3,21236804,247,0,0,0,0,0,0,251
org.pitest.mutationtest.engine.gregor.mutators.experimental.NakedReceiverMutator,21236806,7204,0,0,0,0,0,14,134
org.mudebug.prapr.mutators.LocalToFieldAccessMutator_0,21236822,6743,0,0,1,1,1,2912,1873
org.pitest.mutationtest.engine.gregor.mutators.NegateConditionalsMutator,21239736,1106,0,0,0,0,0,0,1178
org.mudebug.prapr.mutators.LocalToFieldAccessMutator_0,21239738,6678,0,0,1,1,1,4543,611
org.mudebug.prapr.mutators.NonVoidMethodCallGuardMutator_0,21244283,350,0,0,0,0,0,0,584
org.pitest.mutationtest.engine.gregor.mutators.InlineConstantMutator,21244285,7365,0,0,0,0,0,1,233
org.pitest.mutationtest.engine.gregor.mutators.RemoveConditionalMutator_EQUAL_ELSE,21244288,5356,0,0,0,0,0,0,181
org.mudebug.prapr.mutators.LocalNameMutator_0,21244290,5356,0,0,0,0,0,28,696
org.mudebug.prapr.mutators.LocalToFieldAccessMutator_0,21244320,6686,0,0,1,1,1,2872,742
org.mudebug.prapr.mutators.RelationalOperatorReplacement_0,21247194,1248,0,0,0,0,0,2,878
org.mudebug.prapr.mutators.FieldNameMutator_1,21247198,1799,0,0,0,0,0,0,931
org.pitest.mutationtest.engine.gregor.mutators.RemoveConditionalMutator_EQUAL_IF,21247200,4411,0,0,0,0,0,47,476
org.mudebug.prapr.mutators.ArgumentListMutator_4,21247249,6678,0,0,0,0,0,0,603
org.mudebug.prapr.mutators.LocalToFieldAccessMutator_0,21247251,7382,0,0,1,1,1,5068,430
org.mudebug.prapr.mutators.NonVoidMethodCallGuardMutator_0,21252321,247,0,0,0,0,0,0,239
org.mudebug.prapr.mutators.ReturningDereferenceGuardMutator_4,21252323,6683,0,0,0,0,0,1,683
org.mudebug.prapr.mutators.FieldAccessToMethodCallMutator_0,21252326,6684,0,0,1,1,1,1029,704
org.pitest.mutationtest.engine.gregor.mutators.experimental.NakedReceiverMutator,21253357,6710,0,0,0,0,0,8,1064
org.mudebug.prapr.mutators.ReturningDereferenceGuardMutator_3,21253367,6678,0,0,0,0,0,0,602
org.pitest.mutationtest.engine.gregor.mutators.NegateConditionalsMutator,21253369,3497,0,0,1,1,1,5204,421
org.mudebug.prapr.mutators.ArgumentListMutator_1,21258575,1777,0,0,1,1,1,5292,83
org.pitest.mutationtest.engine.gregor.mutators.ReturnValsMutator,21263869,6931,0,0,0,0,0,930,849
org.mudebug.prapr.mutators.LocalNameMutator_1,21264801,6652,0,0,0,0,0,0,389
org.mudebug.prapr.mutators.ArgumentListMutator_4,21264803,7059,0,0,1,1,1,5538,551
org.mudebug.prapr.mutators.FieldNameMutator_0,21270343,7058,0,0,0,0,0,2106,297
org.pitest.mutationtest.engine.gregor.mutators.NonVoidMethodCallMutator,21272451,350,0,0,1,1,1,957,584
org.mudebug.prapr.mutators.DereferenceGuardMutator_0,21273410,1119,0,0,0,0,0,0,1434
org.mudebug.prapr.mutators.DereferenceGuardMutator_3,21273412,6699,0,0,0,0,0,0,863
org.mudebug.prapr.mutators.ArgumentListMutator_0,21273414,7059,0,0,1,1,1,5538,558
org.mudebug.prapr.mutators.MethCallResultGuard_2,21278957,6690,0,0,0,0,0,0,792
org.mudebug.prapr.mutators.ReturningDereferenceGuardMutator_1,21278959,7062,0,0,0,0,0,0,583
org.mudebug.prapr.mutators.MethodNameMutator_1,21278961,5356,0,0,1,1,1,1072,428
org.mudebug.prapr.mutators.DereferenceGuardMutator_0,21280039,1799,0,0,0,0,0,0,931
org.mudebug.prapr.mutators.MethodNameMutator_0,21280041,5356,0,0,0,0,0,0,435
org.mudebug.prapr.mutators.LocalNameMutator_0,21280043,5356,0,0,0,0,0,9,526
org.mudebug.prapr.mutators.LocalToFieldAccessMutator_0,21280054,6174,0,0,0,0,0,5,548
org.mudebug.prapr.mutators.FieldNameMutator_3,21280061,7059,0,0,0,0,0,2,558
org.pitest.mutationtest.engine.gregor.mutators.NullReturnValsMutator,21280065,1231,0,0,0,0,0,14,101
org.mudebug.prapr.mutators.FieldAccessToMethodCallMutator_4,21280081,6651,0,0,1,1,1,4611,383
org.pitest.mutationtest.engine.gregor.mutators.experimental.RemoveSwitchMutator_48,21284694,6649,0,0,0,0,0,0,175
org.mudebug.prapr.mutators.ArgumentListMutator_0,21284696,7058,0,0,1,1,1,5538,317
org.pitest.mutationtest.engine.gregor.mutators.InlineConstantMutator,21290236,6684,0,0,0,0,0,4,697
org.mudebug.prapr.mutators.MethCallResultGuard_0,21290242,6727,0,0,0,0,0,0,1392
org.mudebug.prapr.mutators.LocalToFieldAccessMutator_3,21290244,6742,0,0,1,1,1,2927,1849
org.mudebug.prapr.mutators.DereferenceGuardMutator_3,21293173,1119,0,0,0,0,0,0,1434
org.mudebug.prapr.mutators.FieldAccessToMethodCallMutator_3,21293175,6706,0,0,0,0,0,2,933
org.mudebug.prapr.mutators.FieldAccessToMethodCallMutator_2,21293179,1777,0,0,0,0,0,0,672
org.mudebug.prapr.mutators.FieldNameMutator_1,21293181,1047,0,0,0,0,0,28,339
org.mudebug.prapr.mutators.FieldNameMutator_5,21293211,1777,0,0,0,0,0,0,720
org.pitest.mutationtest.engine.gregor.mutators.ConstructorCallMutator,21293213,1786,0,0,1,1,1,4520,845
org.mudebug.prapr.mutators.ArgumentListMutator_4,21297735,5356,0,0,0,0,0,0,425
org.pitest.mutationtest.engine.gregor.mutators.experimental.RemoveSwitchMutator_15,21297737,495,0,0,0,0,0,3,119
org.pitest.mutationtest.engine.gregor.mutators.experimental.RemoveSwitchMutator_48,21297742,3636,0,0,0,0,0,0,1649
org.pitest.mutationtest.engine.gregor.mutators.NegateConditionalsMutator,21297744,1106,0,0,0,0,0,66,1106
org.mudebug.prapr.mutators.FieldAccessToMethodCallMutator_3,21297812,6742,0,0,1,1,1,2939,1854
org.pitest.mutationtest.engine.gregor.mutators.NegateConditionalsMutator,21300753,551,0,0,0,1,1,2692,217
org.mudebug.prapr.mutators.ArgumentListMutator_2,21303447,7058,0,0,0,0,0,14,330
org.pitest.mutationtest.engine.gregor.mutators.NegateConditionalsMutator,21303463,5375,0,0,0,1,1,39,1033
org.mudebug.prapr.mutators.MethodNameMutator_1,21303504,7302,0,0,0,0,0,14,127
org.mudebug.prapr.mutators.MethodNameMutator_0,21303520,247,0,0,0,0,0,0,242
org.pitest.mutationtest.engine.gregor.mutators.InlineConstantMutator,21303522,1777,0,0,0,0,0,0,726
org.mudebug.prapr.mutators.ReturningDereferenceGuardMutator_3,21303524,6689,0,0,0,0,0,0,783
org.mudebug.prapr.mutators.ArgumentListMutator_2,21303526,517,0,0,0,0,0,0,90
org.mudebug.prapr.mutators.VoidMethodCallGuardMutator,21303528,1038,0,0,0,0,0,0,191
org.mudebug.prapr.mutators.MethodNameMutator_0,21303530,5356,0,0,0,1,1,141,499
org.pitest.mutationtest.engine.gregor.mutators.RemoveConditionalMutator_EQUAL_IF,21303673,547,0,0,0,1,1,129,161
org.mudebug.prapr.mutators.VoidMethodCallGuardMutator,21303804,6696,0,0,0,0,0,0,835
org.mudebug.prapr.mutators.FieldToLocalAccessMutator_0,21303806,4466,0,0,0,0,0,2241,32
org.pitest.mutationtest.engine.gregor.mutators.experimental.MemberVariableMutator,21306049,1592,0,0,0,0,0,37,183
org.pitest.mutationtest.engine.gregor.mutators.experimental.MemberVariableMutator,21306088,1777,0,0,0,0,0,0,639
org.pitest.mutationtest.engine.gregor.mutators.VoidMethodCallMutator,21306090,551,0,0,0,0,0,42,224
org.pitest.mutationtest.engine.gregor.mutators.ReturnValsMutator,21306134,6726,0,0,0,1,1,2615,1383
org.mudebug.prapr.mutators.DereferenceGuardMutator_3,21308751,3412,0,0,0,0,0,0,49
org.mudebug.prapr.mutators.MethCallResultGuard_2,21308753,3675,0,0,0,0,0,0,2355
org.pitest.mutationtest.engine.gregor.mutators.experimental.RemoveSwitchMutator_8,21308755,3584,0,0,0,0,0,35,901
org.mudebug.prapr.mutators.NonVoidMethodCallGuardMutator_0,21308792,4411,0,0,0,0,0,0,500
org.mudebug.prapr.mutators.FieldNameMutator_4,21308794,7059,0,0,0,0,0,87,562
org.pitest.mutationtest.engine.gregor.mutators.NegateConditionalsMutator,21308883,6987,0,0,0,0,0,45,152
org.mudebug.prapr.mutators.ReturningDereferenceGuardMutator_3,21308930,3417,0,0,0,0,0,0,96
org.mudebug.prapr.mutators.LocalNameMutator_1,21308932,4411,0,0,0,0,0,1921,485
org.mudebug.prapr.mutators.ArgumentListMutator_0,21310855,1237,0,0,0,0,0,0,544
org.pitest.mutationtest.engine.gregor.mutators.NonVoidMethodCallMutator,21310857,2459,0,0,1,1,1,4520,58
org.mudebug.prapr.mutators.FieldNameMutator_0,21315379,1777,0,0,0,0,0,0,640
org.mudebug.prapr.mutators.MethodNameMutator_7,21315381,1245,0,0,1,1,1,24,673
org.mudebug.prapr.mutators.MethodNameMutator_2,21315407,3558,0,0,0,1,1,46,109
org.pitest.mutationtest.engine.gregor.mutators.experimental.MemberVariableMutator,21315455,4626,0,0,0,1,1,4735,80
org.mudebug.prapr.mutators.DereferenceGuardMutator_0,21320192,6689,0,0,0,0,0,5,783
org.pitest.mutationtest.engine.gregor.mutators.NegateConditionalsMutator,21320199,1560,0,0,0,0,0,181,189
org.pitest.mutationtest.engine.gregor.mutators.MathMutator,21320382,7207,0,0,0,0,0,0,198
org.pitest.mutationtest.engine.gregor.mutators.experimental.RemoveSwitchMutator_16,21320384,555,0,0,0,0,0,8,872
org.mudebug.prapr.mutators.FieldNameMutator_0,21320394,1777,0,0,0,0,0,0,670
org.pitest.mutationtest.engine.gregor.mutators.experimental.NakedReceiverMutator,21320396,4410,0,0,1,1,1,5223,453
org.mudebug.prapr.mutators.LocalToFieldAccessMutator_1,21325621,6684,0,0,1,1,1,740,695
org.mudebug.prapr.mutators.RelationalOperatorReplacement_1,21326363,1234,0,0,0,0,0,0,277
org.mudebug.prapr.mutators.DereferenceGuardMutator_4,21326365,6678,0,0,0,0,0,0,606
org.mudebug.prapr.mutators.MethCallResultGuard_2,21326367,7059,0,0,0,0,0,0,544
org.pitest.mutationtest.engine.gregor.mutators.NegateConditionalsMutator,21326369,7108,0,0,0,0,0,1637,1154
org.mudebug.prapr.mutators.LocalToFieldAccessMutator_0,21328008,6687,0,0,1,1,1,5365,756
org.mudebug.prapr.mutators.RelationalOperatorReplacement_1,21333375,1563,0,0,0,0,0,46,251
org.mudebug.prapr.mutators.LocalToFieldAccessMutator_3,21333423,1046,0,0,0,0,0,12,313
org.mudebug.prapr.mutators.MethodNameMutator_2,21333437,1144,0,0,0,0,0,4,1740
org.mudebug.prapr.mutators.FieldNameMutator_3,21333443,1777,0,0,0,0,0,24,690
org.mudebug.prapr.mutators.FieldNameMutator_0,21333469,7263,0,0,1,1,1,5538,850
org.mudebug.prapr.mutators.LocalNameMutator_0,21339009,3489,0,0,0,0,0,0,251
org.mudebug.prapr.mutators.MethodNameMutator_1,21339011,1231,0,0,0,1,1,48,59
org.mudebug.prapr.mutators.NonVoidMethodCallGuardMutator_0,21339061,3710,0,0,0,0,0,0,67
org.mudebug.prapr.mutators.MethodNameMutator_0,21339063,551,0,0,0,0,0,3982,215
org.mudebug.prapr.mutators.FieldNameMutator_5,21343047,1777,0,0,0,0,0,0,749
org.pitest.mutationtest.engine.gregor.mutators.InlineConstantMutator,21343049,6678,0,0,0,0,0,5,603
org.mudebug.prapr.mutators.LocalToFieldAccessMutator_2,21343056,6706,0,0,1,1,1,44,930
org.mudebug.prapr.mutators.MethCallResultGuard_2,21343102,1246,0,0,0,0,0,0,818
org.mudebug.prapr.mutators.ReturningDereferenceGuardMutator_2,21343104,4665,0,0,0,0,0,0,54
org.mudebug.prapr.mutators.DereferenceGuardMutator_3,21343106,1106,0,0,0,0,0,5,1106
org.mudebug.prapr.mutators.ReturningDereferenceGuardMutator_0,21343113,5356,0,0,0,0,0,0,219
org.pitest.mutationtest.engine.gregor.mutators.experimental.RemoveSwitchMutator_1,21343115,3636,0,0,0,0,0,2,1649
org.mudebug.prapr.mutators.FieldAccessToMethodCallMutator_0,21343119,6678,0,0,1,1,1,5951,611
org.mudebug.prapr.mutators.NonVoidMethodCallGuardMutator_0,21349072,7058,0,0,0,0,0,0,307
org.mudebug.prapr.mutators.DereferenceGuardMutator_0,21349074,6732,0,0,0,0,0,0,1618
org.mudebug.prapr.mutators.ReturningDereferenceGuardMutator_0,21349076,4257,0,0,0,0,0,0,409
org.mudebug.prapr.mutators.FieldAccessToMethodCallMutator_1,21349078,1777,0,0,0,0,0,0,646
org.mudebug.prapr.mutators.NonVoidMethodCallGuardMutator_0,21349080,7090,0,0,0,0,0,0,934
org.mudebug.prapr.mutators.MethodNameMutator_1,21349082,329,0,0,0,0,0,76,296
org.pitest.mutationtest.engine.gregor.mutators.NonVoidMethodCallMutator,21349160,6725,0,0,1,1,1,1,1369
org.mudebug.prapr.mutators.RelationalOperatorReplacement_2,21349163,7215,0,0,0,0,0,2458,133
org.mudebug.prapr.mutators.ArgumentListMutator_2,21351623,7052,0,0,1,1,1,5538,136
org.mudebug.prapr.mutators.ArgumentListMutator_2,21357163,1044,0,0,1,1,1,4566,284
org.mudebug.prapr.mutators.VoidMethodCallGuardMutator,21361731,5356,0,0,0,0,0,0,110
org.pitest.mutationtest.engine.gregor.mutators.experimental.MemberVariableMutator,21361733,1777,0,0,0,0,0,0,679
org.mudebug.prapr.mutators.FieldAccessToMethodCallMutator_2,21361735,6678,0,0,1,1,1,5950,610
org.pitest.mutationtest.engine.gregor.mutators.NonVoidMethodCallMutator,21367687,1119,0,0,0,0,0,0,1435
org.pitest.mutationtest.engine.gregor.mutators.RemoveConditionalMutator_ORDER_ELSE,21367689,7108,0,0,0,0,0,1629,1154
org.mudebug.prapr.mutators.MethodNameMutator_1,21369320,7233,0,0,0,0,0,5,291
org.pitest.mutationtest.engine.gregor.mutators.NonVoidMethodCallMutator,21369327,7383,0,0,0,0,0,2,455
org.mudebug.prapr.mutators.DereferenceGuardMutator_3,21369331,4415,0,0,0,0,0,0,543
org.mudebug.prapr.mutators.ReturningDereferenceGuardMutator_1,21369333,4415,0,0,0,0,0,0,546
org.mudebug.prapr.mutators.FieldNameMutator_0,21369335,6678,0,0,1,1,1,4775,604
org.pitest.mutationtest.engine.gregor.mutators.experimental.RemoveSwitchMutator_3,21374112,6706,0,0,0,0,0,0,980
org.mudebug.prapr.mutators.LocalToFieldAccessMutator_2,21374114,6683,0,0,1,1,1,2721,681
org.mudebug.prapr.mutators.RelationalOperatorReplacement_3,21376837,5375,0,0,0,0,0,29,1034
org.mudebug.prapr.mutators.MethCallResultGuard_2,21376868,7058,0,0,0,0,0,0,388
org.pitest.mutationtest.engine.gregor.mutators.experimental.RemoveSwitchMutator_3,21376870,495,0,0,0,0,0,0,119
org.mudebug.prapr.mutators.MethodNameMutator_0,21376872,7058,0,0,0,0,0,23,269
org.pitest.mutationtest.engine.gregor.mutators.NonVoidMethodCallMutator,21376897,334,0,0,0,0,0,4,382
org.mudebug.prapr.mutators.MethCallResultGuard_1,21376903,3245,0,0,0,0,0,0,81
org.mudebug.prapr.mutators.LocalNameMutator_0,21376905,5356,0,0,1,1,1,2865,350
org.mudebug.prapr.mutators.FieldAccessToMethodCallMutator_2,21379772,6650,0,0,0,0,0,0,371
org.mudebug.prapr.mutators.LocalToFieldAccessMutator_0,21379774,6694,0,0,0,1,1,2581,826
org.mudebug.prapr.mutators.MethCallResultGuard_1,21382357,4410,0,0,0,0,0,1795,453
org.mudebug.prapr.mutators.ReturningDereferenceGuardMutator_3,21384154,556,0,0,0,0,0,0,1186
org.mudebug.prapr.mutators.RelationalOperatorReplacement_3,21384156,5356,0,0,0,1,1,65,431
org.mudebug.prapr.mutators.MethCallResultGuard_2,21384223,6706,0,0,0,0,0,0,1025
org.mudebug.prapr.mutators.LocalToFieldAccessMutator_3,21384225,6678,0,0,1,1,1,5985,604
org.pitest.mutationtest.engine.gregor.mutators.RemoveConditionalMutator_EQUAL_IF,21390212,3902,0,0,0,0,0,0,49
org.pitest.mutationtest.engine.gregor.mutators.ArgumentPropagationMutator,21390214,1231,0,0,0,1,1,2,68
org.mudebug.prapr.mutators.FieldAccessToMethodCallMutator_0,21390218,6671,0,0,1,1,1,5693,548
org.pitest.mutationtest.engine.gregor.mutators.PrimitiveReturnsMutator,21395913,6715,0,0,0,0,0,72,1176
org.pitest.mutationtest.engine.gregor.mutators.NonVoidMethodCallMutator,21395987,1234,0,0,0,0,0,3,302
org.mudebug.prapr.mutators.RelationalOperatorReplacement_1,21395992,1248,0,0,0,0,0,0,867
org.mudebug.prapr.mutators.FieldNameMutator_1,21395994,1106,0,0,0,0,0,0,1070
org.pitest.mutationtest.engine.gregor.mutators.experimental.RemoveSwitchMutator_1,21395996,3587,0,0,0,0,0,1,1015
org.mudebug.prapr.mutators.RelationalOperatorReplacement_3,21395999,6867,0,0,0,0,0,13,159
org.mudebug.prapr.mutators.LocalNameMutator_0,21396014,5356,0,0,1,1,1,1316,215
org.mudebug.prapr.mutators.MethodNameMutator_1,21397332,1129,0,0,0,1,1,1471,1604
org.mudebug.prapr.mutators.FieldAccessToMethodCallMutator_3,21398805,6721,0,0,0,1,1,586,1331
org.pitest.mutationtest.engine.gregor.mutators.ReturnValsMutator,21399393,7259,0,0,1,1,1,5538,823
org.mudebug.prapr.mutators.FieldToLocalAccessMutator_2,21404933,6652,0,0,1,1,1,5084,391
org.mudebug.prapr.mutators.DereferenceGuardMutator_0,21410019,1082,0,0,0,0,0,0,834
org.pitest.mutationtest.engine.gregor.mutators.InlineConstantMutator,21410021,7058,0,0,1,1,1,5538,494
org.mudebug.prapr.mutators.RelationalOperatorReplacement_2,21415561,5356,0,0,0,0,0,1,106
org.mudebug.prapr.mutators.FieldNameMutator_1,21415564,6683,0,0,0,1,1,2638,688
org.mudebug.prapr.mutators.LocalToFieldAccessMutator_0,21418204,6697,0,0,1,1,1,49,848
org.mudebug.prapr.mutators.LocalToFieldAccessMutator_0,21418255,6753,0,0,1,1,1,5538,1995
org.mudebug.prapr.mutators.ArgumentListMutator_4,21423795,6737,0,0,0,0,0,0,1782
org.pitest.mutationtest.engine.gregor.mutators.experimental.MemberVariableMutator,21423797,7052,0,0,0,0,0,47,144
org.pitest.mutationtest.engine.gregor.mutators.NegateConditionalsMutator,21423846,7556,0,0,0,0,0,2249,67
org.mudebug.prapr.mutators.FieldNameMutator_2,21426097,6737,0,0,1,1,1,2668,1783
org.mudebug.prapr.mutators.LocalToFieldAccessMutator_1,21428767,6737,0,0,0,0,0,48,1784
org.mudebug.prapr.mutators.FieldToLocalAccessMutator_0,21428817,6684,0,0,0,0,0,469,704
org.mudebug.prapr.mutators.FieldNameMutator_0,21429288,7058,0,0,1,1,1,5538,244
org.mudebug.prapr.mutators.ArithmeticOperatorDeletion_0,21434828,7108,0,0,1,1,1,5538,1153
org.mudebug.prapr.mutators.RelationalOperatorReplacement_3,21440368,247,0,0,0,0,0,0,251
org.mudebug.prapr.mutators.LocalToFieldAccessMutator_0,21440370,7061,0,0,1,1,1,5538,576
org.pitest.mutationtest.engine.gregor.mutators.experimental.MemberVariableMutator,21445910,1042,0,0,0,0,0,98,262
org.mudebug.prapr.mutators.RelationalOperatorReplacement_1,21446010,495,0,0,0,0,0,23,171
org.mudebug.prapr.mutators.MethodNameMutator_6,21446035,1564,0,0,0,0,0,95,262
org.pitest.mutationtest.engine.gregor.mutators.NonVoidMethodCallMutator,21446132,557,0,0,1,1,1,3433,1190
org.mudebug.prapr.mutators.FieldAccessToMethodCallMutator_2,21449567,1777,0,0,0,0,0,0,677
org.mudebug.prapr.mutators.FieldNameMutator_4,21449569,1777,0,0,0,0,0,35,660
org.pitest.mutationtest.engine.gregor.mutators.experimental.RemoveSwitchMutator_37,21449606,6415,0,0,0,0,0,0,273
org.mudebug.prapr.mutators.ReturningDereferenceGuardMutator_0,21449608,7232,0,0,0,0,0,0,272
org.pitest.mutationtest.engine.gregor.mutators.NonVoidMethodCallMutator,21449610,1046,0,0,1,1,1,4574,309
org.mudebug.prapr.mutators.FieldToLocalAccessMutator_0,21454186,6678,0,0,1,1,1,4846,607
org.pitest.mutationtest.engine.gregor.mutators.InlineConstantMutator,21459034,7501,0,0,0,0,0,1852,428
org.mudebug.prapr.mutators.LocalToFieldAccessMutator_2,21460888,6742,0,0,0,1,1,2931,1853
org.mudebug.prapr.mutators.FieldAccessToMethodCallMutator_4,21463821,6732,0,0,0,0,0,0,1618
org.pitest.mutationtest.engine.gregor.mutators.RemoveConditionalMutator_EQUAL_IF,21463823,3675,0,0,0,0,0,23,2356
org.mudebug.prapr.mutators.MethCallResultGuard_2,21463848,7058,0,0,0,0,0,0,494
org.mudebug.prapr.mutators.FieldNameMutator_2,21463850,1777,0,0,0,0,0,0,665
org.mudebug.prapr.mutators.ReturningDereferenceGuardMutator_0,21463852,347,0,0,0,0,0,0,548
org.mudebug.prapr.mutators.LocalNameMutator_0,21463854,5376,0,0,0,0,0,45,1046
org.mudebug.prapr.mutators.LocalNameMutator_0,21463901,5356,0,0,0,0,0,17,344
org.mudebug.prapr.mutators.DereferenceGuardMutator_3,21463923,5356,0,0,0,0,0,0,94
org.mudebug.prapr.mutators.LocalNameMutator_1,21463925,1234,0,0,0,1,1,0,267
org.mudebug.prapr.mutators.MethodNameMutator_1,21463927,334,0,0,0,0,0,0,382
org.mudebug.prapr.mutators.ReturningDereferenceGuardMutator_0,21463929,553,0,0,0,0,0,0,262
org.mudebug.prapr.mutators.MethodNameMutator_0,21463931,3611,0,0,0,0,0,917,1327
org.pitest.mutationtest.engine.gregor.mutators.NegateConditionalsMutator,21464850,5356,0,0,0,0,0,1,106
org.mudebug.prapr.mutators.FieldNameMutator_1,21464853,1777,0,0,0,0,0,0,647
org.pitest.mutationtest.engine.gregor.mutators.experimental.MemberVariableMutator,21464855,1777,0,0,0,0,0,0,736
org.pitest.mutationtest.engine.gregor.mutators.NegateConditionalsMutator,21464857,1245,0,0,0,1,1,14,728
org.mudebug.prapr.mutators.FieldNameMutator_0,21464873,7302,0,0,0,0,0,13,105
org.mudebug.prapr.mutators.MethodNameMutator_1,21464888,6711,0,0,0,0,0,6,1129
org.mudebug.prapr.mutators.MethodNameMutator_2,21464896,553,0,0,0,0,0,310,262
org.pitest.mutationtest.engine.gregor.mutators.NullReturnValsMutator,21465216,6728,0,0,0,1,1,1476,1423
org.pitest.mutationtest.engine.gregor.mutators.RemoveConditionalMutator_EQUAL_ELSE,21466694,6678,0,0,1,1,1,5985,602
org.mudebug.prapr.mutators.FieldNameMutator_5,21472681,7058,0,0,1,1,1,5538,244
org.pitest.mutationtest.engine.gregor.mutators.NonVoidMethodCallMutator,21478221,6743,0,0,1,1,1,2912,1868
org.mudebug.prapr.mutators.FieldNameMutator_3,21481135,1777,0,0,0,0,0,0,670
org.mudebug.prapr.mutators.DereferenceGuardMutator_0,21481137,7381,0,0,0,0,0,0,405
org.mudebug.prapr.mutators.FieldAccessToMethodCallMutator_1,21481139,6738,0,0,0,0,0,39,1794
org.pitest.mutationtest.engine.gregor.mutators.BooleanTrueReturnValsMutator,21481180,159,0,0,0,1,1,10,649
org.pitest.mutationtest.engine.gregor.mutators.ConstructorCallMutator,21481192,1101,0,0,1,1,1,4818,1020
org.pitest.mutationtest.engine.gregor.mutators.NonVoidMethodCallMutator,21486012,5375,0,0,0,1,1,39,1032
org.mudebug.prapr.mutators.DereferenceGuardMutator_3,21486053,7381,0,0,0,0,0,0,405
org.mudebug.prapr.mutators.RelationalOperatorReplacement_2,21486055,5358,0,0,0,0,0,0,718
org.mudebug.prapr.mutators.FieldNameMutator_0,21486057,7058,0,0,0,0,0,1724,300
org.pitest.mutationtest.engine.gregor.mutators.experimental.MemberVariableMutator,21487783,633,0,0,0,0,0,0,37
org.mudebug.prapr.mutators.MethCallResultGuard_1,21487785,7199,0,0,0,0,0,0,85
org.mudebug.prapr.mutators.MethCallResultGuard_1,21487787,1311,0,0,0,0,0,0,63
org.mudebug.prapr.mutators.LocalNameMutator_2,21487791,7058,0,0,0,0,0,5,524
org.mudebug.prapr.mutators.FieldAccessToMethodCallMutator_0,21487798,1777,0,0,0,0,0,0,648
org.mudebug.prapr.mutators.LocalToFieldAccessMutator_4,21487800,6714,0,0,0,1,1,111,1164
org.mudebug.prapr.mutators.ReturningDereferenceGuardMutator_3,21487913,1101,0,0,0,0,0,0,1022
org.mudebug.prapr.mutators.MethodNameMutator_3,21487915,6987,0,0,0,0,0,9,152
org.mudebug.prapr.mutators.FieldAccessToMethodCallMutator_0,21487926,1042,0,0,0,0,0,11,256
org.mudebug.prapr.mutators.FieldNameMutator_4,21487942,7058,0,0,1,1,1,5538,238
org.mudebug.prapr.mutators.ReturningDereferenceGuardMutator_4,21493482,247,0,0,0,0,0,0,251
org.mudebug.prapr.mutators.LocalToFieldAccessMutator_0,21493484,6169,0,0,0,0,0,5,500
org.mudebug.prapr.mutators.FieldNameMutator_5,21493491,7058,0,0,0,0,0,2108,297
org.pitest.mutationtest.engine.gregor.mutators.RemoveConditionalMutator_EQUAL_IF,21495601,7505,0,0,1,1,1,5538,467
org.pitest.mutationtest.engine.gregor.mutators.ReturnValsMutator,21501141,1135,0,0,1,1,1,5202,1647
org.mudebug.prapr.mutators.MethodNameMutator_0,21506345,334,0,0,0,0,0,23,382
org.mudebug.prapr.mutators.LocalToFieldAccessMutator_3,21506370,1046,0,0,1,1,1,4574,328
org.mudebug.prapr.mutators.LocalToFieldAccessMutator_0,21510946,6706,0,0,0,1,1,12,930
org.mudebug.prapr.mutators.FieldAccessToMethodCallMutator_1,21510960,7557,0,0,1,1,1,5115,76
org.pitest.mutationtest.engine.gregor.mutators.VoidMethodCallMutator,21516077,7058,0,0,1,1,1,5538,409
org.mudebug.prapr.mutators.MethCallResultGuard_1,21521617,1118,0,0,0,0,0,0,1426
org.mudebug.prapr.mutators.MethodNameMutator_2,21521619,1106,0,0,0,0,0,0,1099
org.mudebug.prapr.mutators.ReturningDereferenceGuardMutator_0,21521624,4665,0,0,0,0,0,0,54
org.pitest.mutationtest.engine.gregor.mutators.VoidMethodCallMutator,21521626,3416,0,0,1,1,1,5201,77
org.mudebug.prapr.mutators.ReturningDereferenceGuardMutator_2,21526829,1053,0,0,0,0,0,0,441
org.pitest.mutationtest.engine.gregor.mutators.RemoveConditionalMutator_EQUAL_ELSE,21526831,495,0,0,1,1,1,696,173
org.pitest.mutationtest.engine.gregor.mutators.NonVoidMethodCallMutator,21527529,3675,0,0,0,0,0,0,2364
org.mudebug.prapr.mutators.ArgumentListMutator_5,21527531,7202,0,0,0,0,0,5,123
org.mudebug.prapr.mutators.FieldNameMutator_0,21527538,6678,0,0,0,0,0,5,602
org.pitest.mutationtest.engine.gregor.mutators.experimental.RemoveSwitchMutator_29,21527545,495,0,0,0,1,1,3534,119
org.pitest.mutationtest.engine.gregor.mutators.experimental.RemoveSwitchMutator_17,21531081,3584,0,0,0,0,0,246,901
org.mudebug.prapr.mutators.FieldAccessToMethodCallMutator_1,21531329,1777,0,0,0,0,0,0,647
org.mudebug.prapr.mutators.FieldNameMutator_5,21531331,1777,0,0,0,0,0,0,687
org.mudebug.prapr.mutators.ArithmeticOperatorReplacement_3,21531333,5356,0,0,0,0,0,8,110
org.pitest.mutationtest.engine.gregor.mutators.RemoveConditionalMutator_EQUAL_IF,21531343,495,0,0,0,0,0,5,267
org.mudebug.prapr.mutators.MethodNameMutator_8,21531350,1563,0,0,0,0,0,1,245
org.mudebug.prapr.mutators.MethCallResultGuard_0,21531353,332,0,0,0,0,0,0,344
org.pitest.mutationtest.engine.gregor.mutators.NullReturnValsMutator,21531355,6697,0,0,1,1,1,49,855
org.mudebug.prapr.mutators.MethCallResultGuard_0,21531406,1042,0,0,0,0,0,0,242
org.mudebug.prapr.mutators.FieldAccessToMethodCallMutator_1,21531408,6652,0,0,1,1,1,5080,404
org.pitest.mutationtest.engine.gregor.mutators.InlineConstantMutator,21536490,7215,0,0,0,0,0,2194,128
org.mudebug.prapr.mutators.FieldNameMutator_3,21538686,7058,0,0,1,1,1,5538,258
org.mudebug.prapr.mutators.RelationalOperatorReplacement_1,21544226,1564,0,0,0,0,0,182,262
org.mudebug.prapr.mutators.LocalNameMutator_1,21544410,7058,0,0,0,0,0,17,327
org.mudebug.prapr.mutators.ArgumentListMutator_2,21544429,6651,0,0,0,0,0,0,377
org.pitest.mutationtest.engine.gregor.mutators.experimental.NakedReceiverMutator,21544431,1082,0,0,0,0,0,0,834
org.pitest.mutationtest.engine.gregor.mutators.BooleanFalseReturnValsMutator,21544433,3651,0,0,0,0,0,76,1959
org.mudebug.prapr.mutators.ReturningDereferenceGuardMutator_0,21544511,1106,0,0,0,0,0,0,1185
org.mudebug.prapr.mutators.ReturningDereferenceGuardMutator_0,21544513,347,0,0,0,0,0,23,511
org.mudebug.prapr.mutators.ReturningDereferenceGuardMutator_0,21544538,4413,0,0,0,0,0,0,523
org.mudebug.prapr.mutators.MethCallResultGuard_2,21544540,1042,0,0,0,0,0,0,248
org.mudebug.prapr.mutators.LocalNameMutator_1,21544542,6743,0,0,0,0,0,1629,1868
org.mudebug.prapr.mutators.MethodNameMutator_6,21546173,7204,0,0,0,0,0,89,134
org.mudebug.prapr.mutators.ArgumentListMutator_5,21546264,4413,0,0,0,0,0,0,523
org.mudebug.prapr.mutators.FieldNameMutator_0,21546266,1777,0,0,0,0,0,0,639
org.mudebug.prapr.mutators.DereferenceGuardMutator_0,21546268,7503,0,0,0,0,0,0,444
org.mudebug.prapr.mutators.MethodNameMutator_0,21546270,1560,0,0,0,0,0,0,184
org.mudebug.prapr.mutators.ReturningDereferenceGuardMutator_0,21546272,7627,0,0,0,0,0,0,159
org.pitest.mutationtest.engine.gregor.mutators.NonVoidMethodCallMutator,21546274,3558,0,0,0,1,1,29,114
org.pitest.mutationtest.engine.gregor.mutators.EmptyObjectReturnValsMutator,21546305,1052,0,1,1,1,1,2499,416
org.mudebug.prapr.mutators.DereferenceGuardMutator_3,21548807,7627,0,0,0,0,0,0,159
org.mudebug.prapr.mutators.DereferenceGuardMutator_3,21548809,6678,0,0,0,0,0,0,603
org.pitest.mutationtest.engine.gregor.mutators.RemoveConditionalMutator_EQUAL_ELSE,21548811,6728,0,0,0,1,1,2809,1407
org.pitest.mutationtest.engine.gregor.mutators.ReturnValsMutator,21551622,355,0,0,1,1,1,2371,627
org.pitest.mutationtest.engine.gregor.mutators.VoidMethodCallMutator,21553998,4413,0,0,1,1,1,5220,524
org.mudebug.prapr.mutators.MethodNameMutator_5,21559220,1236,1,0,0,1,1,15,521
org.pitest.mutationtest.engine.gregor.mutators.InlineConstantMutator,21559237,1564,0,0,0,0,0,205,262
org.pitest.mutationtest.engine.gregor.mutators.RemoveConditionalMutator_EQUAL_IF,21559444,5356,0,0,0,1,1,71,431
org.mudebug.prapr.mutators.MethodNameMutator_2,21559517,1234,0,0,0,1,1,10,275
org.mudebug.prapr.mutators.FieldNameMutator_4,21559529,1777,0,0,0,0,0,0,681
org.pitest.mutationtest.engine.gregor.mutators.NonVoidMethodCallMutator,21559531,7058,0,0,0,0,0,2249,527
org.mudebug.prapr.mutators.FieldNameMutator_3,21561782,7058,0,0,1,1,1,5538,327
org.mudebug.prapr.mutators.DereferenceGuardMutator_0,21567322,1106,0,0,0,0,0,0,1077
org.pitest.mutationtest.engine.gregor.mutators.RemoveConditionalMutator_EQUAL_IF,21567324,3664,0,0,0,0,0,66,2185
org.pitest.mutationtest.engine.gregor.mutators.experimental.RemoveSwitchMutator_70,21567392,3584,0,0,0,0,0,0,901
org.mudebug.prapr.mutators.DereferenceGuardMutator_0,21567394,5356,0,0,0,0,0,0,115
org.pitest.mutationtest.engine.gregor.mutators.NonVoidMethodCallMutator,21567403,1042,0,0,0,0,0,0,256
org.mudebug.prapr.mutators.MethodNameMutator_6,21567408,5356,0,0,1,1,1,1797,350
org.mudebug.prapr.mutators.LocalNameMutator_0,21569207,1246,0,0,0,0,0,0,823
org.mudebug.prapr.mutators.MethCallResultGuard_0,21569209,1248,0,0,0,0,0,0,870
org.mudebug.prapr.mutators.ReturningDereferenceGuardMutator_3,21569211,1083,0,0,0,0,0,0,844
org.mudebug.prapr.mutators.ArithmeticOperatorReplacement_1,21569213,6715,0,0,0,0,0,75,1176
org.mudebug.prapr.mutators.RelationalOperatorReplacement_1,21569290,1106,0,0,0,0,0,0,1085
org.mudebug.prapr.mutators.MethCallResultGuard_1,21569292,5356,0,0,0,0,0,0,344
org.mudebug.prapr.mutators.MethodNameMutator_6,21569294,1231,0,0,0,1,1,17,69
org.pitest.mutationtest.engine.gregor.mutators.RemoveConditionalMutator_EQUAL_ELSE,21569313,6683,0,0,0,0,0,44,686
org.pitest.mutationtest.engine.gregor.mutators.BooleanFalseReturnValsMutator,21569359,6846,0,0,0,0,0,131,68
org.mudebug.prapr.mutators.RelationalOperatorReplacement_0,21569492,7247,0,0,0,0,0,0,597
org.pitest.mutationtest.engine.gregor.mutators.NonVoidMethodCallMutator,21569494,1311,0,0,0,0,0,0,62
org.mudebug.prapr.mutators.LocalToFieldAccessMutator_2,21569496,6706,0,0,0,1,1,2,977
org.mudebug.prapr.mutators.LocalToFieldAccessMutator_1,21569500,1245,0,0,0,1,1,17,804
org.mudebug.prapr.mutators.LocalToFieldAccessMutator_2,21569519,6696,0,0,1,1,1,5627,835
org.mudebug.prapr.mutators.MethodNameMutator_1,21575148,1046,0,0,0,0,0,0,331
org.mudebug.prapr.mutators.FieldAccessToMethodCallMutator_3,21575153,1777,0,0,0,0,0,0,696
org.pitest.mutationtest.engine.gregor.mutators.experimental.RemoveSwitchMutator_96,21575155,555,0,0,0,0,0,1,872
org.mudebug.prapr.mutators.LocalNameMutator_0,21575158,1046,0,0,0,0,0,12,313
org.mudebug.prapr.mutators.FieldNameMutator_0,21575172,7058,0,0,0,0,0,2290,395
org.pitest.mutationtest.engine.gregor.mutators.NonVoidMethodCallMutator,21577464,6974,0,0,0,0,0,511,76
org.mudebug.prapr.mutators.FieldAccessToMethodCallMutator_1,21577977,6684,0,0,1,1,1,1026,714
org.pitest.mutationtest.engine.gregor.mutators.InlineConstantMutator,21579005,1236,1,0,0,1,1,15,520
org.pitest.mutationtest.engine.gregor.mutators.ReturnValsMutator,21579022,3584,0,0,0,0,0,4,917
org.mudebug.prapr.mutators.MethCallResultGuard_2,21579028,6799,0,0,0,0,0,0,104
org.mudebug.prapr.mutators.MethCallResultGuard_2,21579032,350,0,0,0,0,0,0,584
org.pitest.mutationtest.engine.gregor.mutators.experimental.MemberVariableMutator,21579034,1777,0,0,0,0,0,0,665
org.pitest.mutationtest.engine.gregor.mutators.NegateConditionalsMutator,21579036,334,0,0,1,1,1,4361,379
org.pitest.mutationtest.engine.gregor.mutators.InlineConstantMutator,21583399,7202,0,0,0,0,0,5,123
org.mudebug.prapr.mutators.RelationalOperatorReplacement_1,21583406,1083,0,0,0,0,0,0,844
org.mudebug.prapr.mutators.MethodNameMutator_3,21583408,547,0,0,0,0,0,0,166
org.mudebug.prapr.mutators.MethodNameMutator_1,21583412,7382,0,0,0,0,0,1732,442
org.mudebug.prapr.mutators.DereferenceGuardMutator_3,21585146,7627,0,0,0,0,0,0,159
org.mudebug.prapr.mutators.FieldAccessToMethodCallMutator_1,21585148,1106,0,0,1,1,1,2979,1172
org.mudebug.prapr.mutators.NonVoidMethodCallGuardMutator_0,21588129,1234,0,0,0,0,0,0,276
org.pitest.mutationtest.engine.gregor.mutators.experimental.MemberVariableMutator,21588131,1777,0,0,0,0,0,18,701
org.mudebug.prapr.mutators.MethCallResultGuard_0,21588151,7383,0,0,0,0,0,0,455
org.pitest.mutationtest.engine.gregor.mutators.InlineConstantMutator,21588153,1777,0,0,0,0,0,6,688
org.mudebug.prapr.mutators.ReturningDereferenceGuardMutator_0,21588161,6721,0,0,0,0,0,0,1331
org.mudebug.prapr.mutators.ArgumentListMutator_4,21588163,4679,0,0,0,0,0,0,115
org.mudebug.prapr.mutators.LocalToFieldAccessMutator_1,21588165,6696,0,0,0,0,0,8,835
org.mudebug.prapr.mutators.FieldToLocalAccessMutator_2,21588175,6684,0,0,0,0,0,108,711
org.mudebug.prapr.mutators.MethCallResultGuard_0,21588285,1245,0,0,0,0,0,0,728
org.mudebug.prapr.mutators.MethodNameMutator_1,21588287,1053,0,0,0,0,0,0,433
org.mudebug.prapr.mutators.MethCallResultGuard_0,21588292,7204,0,0,0,0,0,0,134
org.mudebug.prapr.mutators.DereferenceGuardMutator_2,21588294,6706,0,0,0,0,0,0,1020
org.mudebug.prapr.mutators.LocalNameMutator_1,21588296,5356,0,0,0,0,0,1086,336
org.pitest.mutationtest.engine.gregor.mutators.VoidMethodCallMutator,21589384,7059,0,0,0,0,0,141,545
org.mudebug.prapr.mutators.MethodNameMutator_6,21589527,244,0,0,1,1,1,2643,180
org.mudebug.prapr.mutators.FieldNameMutator_1,21592172,1777,0,0,0,0,0,76,655
org.mudebug.prapr.mutators.ArgumentListMutator_2,21592250,7764,0,0,1,1,1,5426,465
org.mudebug.prapr.mutators.ArgumentListMutator_0,21597678,7059,0,0,1,1,1,5538,554
org.pitest.mutationtest.engine.gregor.mutators.experimental.RemoveSwitchMutator_31,21603218,6415,0,0,0,0,0,65,273
org.mudebug.prapr.mutators.LocalNameMutator_0,21603285,5375,0,0,0,1,1,12,1040
org.mudebug.prapr.mutators.ArgumentListMutator_4,21603299,245,0,0,0,0,0,0,197
org.mudebug.prapr.mutators.FieldNameMutator_5,21603301,1777,0,0,0,0,0,0,722
org.mudebug.prapr.mutators.RelationalOperatorReplacement_2,21603303,3417,0,1,1,1,1,2513,96
org.pitest.mutationtest.engine.gregor.mutators.InlineConstantMutator,21605817,7058,0,0,1,1,1,5538,482
org.mudebug.prapr.mutators.ReturningDereferenceGuardMutator_1,21611359,553,0,0,0,0,0,0,262
org.mudebug.prapr.mutators.DereferenceGuardMutator_3,21611361,1087,0,0,0,0,0,5,878
org.mudebug.prapr.mutators.MethCallResultGuard_2,21611368,5376,0,0,0,0,0,0,1045
org.pitest.mutationtest.engine.gregor.mutators.experimental.NakedReceiverMutator,21611373,6706,0,0,0,0,0,9,931
org.pitest.mutationtest.engine.gregor.mutators.NonVoidMethodCallMutator,21611384,3563,0,0,0,0,0,11,307
org.pitest.mutationtest.engine.gregor.mutators.InlineConstantMutator,21611397,348,0,0,1,1,1,467,556
org.mudebug.prapr.mutators.RelationalOperatorReplacement_3,21611866,2459,0,0,0,0,0,5,56
org.mudebug.prapr.mutators.LocalToFieldAccessMutator_0,21611873,547,0,0,0,0,0,127,166
org.mudebug.prapr.mutators.LocalToFieldAccessMutator_2,21612002,6678,0,0,1,1,1,5985,605
org.pitest.mutationtest.engine.gregor.mutators.InlineConstantMutator,21617989,4411,0,0,1,1,1,4269,471
org.mudebug.prapr.mutators.MethCallResultGuard_0,21622260,334,0,0,0,0,0,0,382
org.mudebug.prapr.mutators.RelationalOperatorReplacement_1,21622262,6867,0,0,0,0,0,0,159
org.mudebug.prapr.mutators.VoidMethodCallGuardMutator,21622264,517,0,0,0,0,0,0,96
org.mudebug.prapr.mutators.MethCallResultGuard_2,21622266,551,0,0,0,0,0,0,212
org.mudebug.prapr.mutators.FieldToLocalAccessMutator_0,21622268,1106,0,1,1,1,1,908,1196
org.mudebug.prapr.mutators.FieldToLocalAccessMutator_0,21623177,7785,0,0,0,1,1,2581,362
org.mudebug.prapr.mutators.NonVoidMethodCallGuardMutator_0,21625760,1234,0,0,0,0,0,0,310
org.mudebug.prapr.mutators.MethodNameMutator_3,21625762,3675,0,0,0,0,0,0,2359
org.mudebug.prapr.mutators.FieldNameMutator_3,21625764,7058,0,0,1,1,1,5226,311
org.mudebug.prapr.mutators.MethCallResultGuard_2,21630992,5356,0,0,0,0,0,0,88
org.pitest.mutationtest.engine.gregor.mutators.EmptyObjectReturnValsMutator,21630994,7183,0,0,0,0,0,206,103
org.mudebug.prapr.mutators.FieldNameMutator_5,21631202,1777,0,0,0,0,0,0,674
org.mudebug.prapr.mutators.RelationalOperatorReplacement_2,21631204,6899,0,0,1,1,1,5538,324
org.pitest.mutationtest.engine.gregor.mutators.experimental.RemoveSwitchMutator_81,21636744,3636,0,0,0,0,0,0,1649
org.mudebug.prapr.mutators.FieldAccessToMethodCallMutator_1,21636746,1777,0,0,0,0,0,0,689
org.mudebug.prapr.mutators.MethodNameMutator_2,21636748,7302,0,0,0,0,0,1979,143
org.mudebug.prapr.mutators.LocalToFieldAccessMutator_1,21638729,6687,0,0,1,1,1,5365,759
org.mudebug.prapr.mutators.ArgumentListMutator_4,21644096,7215,0,0,1,1,1,5538,108
org.mudebug.prapr.mutators.RelationalOperatorReplacement_1,21649636,1562,0,0,0,0,0,0,213
org.mudebug.prapr.mutators.MethodNameMutator_0,21649638,7109,0,0,0,0,0,6,1174
org.mudebug.prapr.mutators.LocalNameMutator_0,21649646,7250,0,0,0,0,0,54,664
org.mudebug.prapr.mutators.FieldNameMutator_1,21649704,6176,0,0,0,0,0,1,577
org.mudebug.prapr.mutators.LocalToFieldAccessMutator_0,21649707,6678,0,0,1,1,1,5985,607
org.mudebug.prapr.mutators.ReturningDereferenceGuardMutator_3,21655694,6674,0,0,0,0,0,0,564
org.mudebug.prapr.mutators.NonVoidMethodCallGuardMutator_0,21655696,6725,0,0,0,0,0,0,1367
org.mudebug.prapr.mutators.LocalNameMutator_0,21655698,7008,0,0,0,0,0,0,503
org.mudebug.prapr.mutators.MethodNameMutator_0,21655700,5356,0,0,0,0,0,11,500
org.mudebug.prapr.mutators.DereferenceGuardMutator_2,21655713,6652,0,0,0,0,0,0,395
org.mudebug.prapr.mutators.RelationalOperatorReplacement_2,21655715,495,0,0,1,1,1,4769,201
org.mudebug.prapr.mutators.ReturningDereferenceGuardMutator_4,21660486,4627,0,0,0,0,0,0,94
org.mudebug.prapr.mutators.ArgumentListMutator_1,21660488,1313,0,0,0,0,0,0,83
org.mudebug.prapr.mutators.ReturningDereferenceGuardMutator_3,21660490,6671,0,0,0,0,0,0,548
org.mudebug.prapr.mutators.VoidMethodCallGuardMutator,21660492,7059,0,0,0,0,0,0,556
org.mudebug.prapr.mutators.LocalNameMutator_0,21660496,6683,0,0,1,1,1,2721,681
org.mudebug.prapr.mutators.ArgumentListMutator_5,21663219,5356,0,0,0,0,0,0,512
org.mudebug.prapr.mutators.RelationalOperatorReplacement_1,21663221,1106,0,0,0,0,0,0,1137
org.mudebug.prapr.mutators.ReturningDereferenceGuardMutator_2,21663223,3417,0,0,0,0,0,5,96
org.pitest.mutationtest.engine.gregor.mutators.ConstructorCallMutator,21663230,7058,0,0,1,1,1,5538,392
org.mudebug.prapr.mutators.DereferenceGuardMutator_3,21668770,6689,0,0,0,0,0,0,779
org.pitest.mutationtest.engine.gregor.mutators.experimental.RemoveSwitchMutator_20,21668772,3584,0,0,0,0,0,3,901
org.mudebug.prapr.mutators.NonVoidMethodCallGuardMutator_0,21668777,3711,0,0,0,0,0,5,72
org.pitest.mutationtest.engine.gregor.mutators.NegateConditionalsMutator,21668784,5358,0,0,0,1,1,42,726
org.mudebug.prapr.mutators.ReturningDereferenceGuardMutator_4,21668828,4415,0,0,0,0,0,0,551
org.mudebug.prapr.mutators.ReturningDereferenceGuardMutator_4,21668830,1106,0,0,0,0,0,0,1097
org.mudebug.prapr.mutators.ArgumentListMutator_5,21668832,517,0,0,0,0,0,1441,103
org.pitest.mutationtest.engine.gregor.mutators.NonVoidMethodCallMutator,21670275,7063,0,0,0,0,0,31,605
org.pitest.mutationtest.engine.gregor.mutators.NegateConditionalsMutator,21670308,547,0,0,0,1,1,142,161
org.mudebug.prapr.mutators.LocalNameMutator_0,21670452,7198,0,0,0,0,0,553,67
org.pitest.mutationtest.engine.gregor.mutators.InlineConstantMutator,21671007,1777,0,0,0,0,0,8,672
org.mudebug.prapr.mutators.FieldNameMutator_0,21671017,7058,0,0,1,1,1,5226,338
org.pitest.mutationtest.engine.gregor.mutators.NonVoidMethodCallMutator,21676245,7764,0,0,1,1,1,5426,465
org.mudebug.prapr.mutators.ArgumentListMutator_4,21681673,6687,0,0,0,0,0,0,756
org.mudebug.prapr.mutators.MethodNameMutator_1,21681675,346,0,0,0,0,0,3,496
org.pitest.mutationtest.engine.gregor.mutators.RemoveConditionalMutator_EQUAL_ELSE,21681680,4411,0,0,0,0,0,10,487
org.mudebug.prapr.mutators.FieldNameMutator_2,21681692,6651,0,0,0,0,0,23,383
org.mudebug.prapr.mutators.FieldAccessToMethodCallMutator_2,21681717,1537,0,0,0,0,0,0,32
org.mudebug.prapr.mutators.ArgumentListMutator_4,21681719,4408,0,0,0,0,0,1385,421
org.mudebug.prapr.mutators.FieldAccessToMethodCallMutator_2,21683106,6678,0,0,1,1,1,5985,604
org.mudebug.prapr.mutators.MethodNameMutator_3,21689093,7497,0,0,0,0,0,50,377
org.mudebug.prapr.mutators.ArgumentListMutator_0,21689145,7197,0,0,1,1,1,5538,52
org.mudebug.prapr.mutators.FieldNameMutator_2,21694685,6652,0,0,1,1,1,4748,389
org.mudebug.prapr.mutators.MethodNameMutator_1,21699435,7052,0,0,1,1,1,5538,199
org.mudebug.prapr.mutators.MethodNameMutator_8,21704977,244,0,0,0,1,1,57,180
org.pitest.mutationtest.engine.gregor.mutators.NonVoidMethodCallMutator,21705036,7058,0,0,1,1,1,5538,398
org.mudebug.prapr.mutators.MethCallResultGuard_2,21710576,1119,0,0,0,0,0,5,1435
org.pitest.mutationtest.engine.gregor.mutators.InlineConstantMutator,21710583,555,0,0,1,1,1,2637,950
org.mudebug.prapr.mutators.ArgumentListMutator_0,21713222,6708,0,0,1,1,1,44,1048
org.mudebug.prapr.mutators.MethodNameMutator_0,21713268,7107,0,0,0,0,0,47,1137
org.pitest.mutationtest.engine.gregor.mutators.experimental.RemoveSwitchMutator_12,21713317,5356,0,0,0,0,0,0,117
org.pitest.mutationtest.engine.gregor.mutators.experimental.NakedReceiverMutator,21713319,551,0,0,0,0,0,1505,214
org.pitest.mutationtest.engine.gregor.mutators.RemoveConditionalMutator_EQUAL_IF,21714826,5358,0,0,0,0,0,3,742
org.mudebug.prapr.mutators.MethodNameMutator_0,21714831,7263,0,0,0,0,0,13,853
